     -0.10000000E+02     -0.97772731E+00
     -0.99609375E+01     -0.10021594E+01
     -0.99218750E+01     -0.99992306E+00
     -0.98828125E+01     -0.10000457E+01
     -0.98437500E+01     -0.99996054E+00
     -0.98046875E+01     -0.10000317E+01
     -0.97656250E+01     -0.99997455E+00
     -0.97265625E+01     -0.10000202E+01
     -0.96875000E+01     -0.99998398E+00
     -0.96484375E+01     -0.10000126E+01
     -0.96093750E+01     -0.99999008E+00
     -0.95703125E+01     -0.10000078E+01
     -0.95312500E+01     -0.99999383E+00
     -0.94921875E+01     -0.10000049E+01
     -0.94531250E+01     -0.99999611E+00
     -0.94140625E+01     -0.10000031E+01
     -0.93750000E+01     -0.99999749E+00
     -0.93359375E+01     -0.10000020E+01
     -0.92968750E+01     -0.99999834E+00
     -0.92578125E+01     -0.10000014E+01
     -0.92187500E+01     -0.99999888E+00
     -0.91796875E+01     -0.10000009E+01
     -0.91406250E+01     -0.99999922E+00
     -0.91015625E+01     -0.10000007E+01
     -0.90625000E+01     -0.99999945E+00
     -0.90234375E+01     -0.10000005E+01
     -0.89843750E+01     -0.99999960E+00
     -0.89453125E+01     -0.10000003E+01
     -0.89062500E+01     -0.99999971E+00
     -0.88671875E+01     -0.10000003E+01
     -0.88281250E+01     -0.99999978E+00
     -0.87890625E+01     -0.10000002E+01
     -0.87500000E+01     -0.99999983E+00
     -0.87109375E+01     -0.10000001E+01
     -0.86718750E+01     -0.99999987E+00
     -0.86328125E+01     -0.10000001E+01
     -0.85937500E+01     -0.99999990E+00
     -0.85546875E+01     -0.10000001E+01
     -0.85156250E+01     -0.99999992E+00
     -0.84765625E+01     -0.10000001E+01
     -0.84375000E+01     -0.99999993E+00
     -0.83984375E+01     -0.10000001E+01
     -0.83593750E+01     -0.99999995E+00
     -0.83203125E+01     -0.10000000E+01
     -0.82812500E+01     -0.99999996E+00
     -0.82421875E+01     -0.10000000E+01
     -0.82031250E+01     -0.99999997E+00
     -0.81640625E+01     -0.10000000E+01
     -0.81250000E+01     -0.99999998E+00
     -0.80859375E+01     -0.10000000E+01
     -0.80468750E+01     -0.99999998E+00
     -0.80078125E+01     -0.10000000E+01
     -0.79687500E+01     -0.99999999E+00
     -0.79296875E+01     -0.10000000E+01
     -0.78906250E+01     -0.99999999E+00
     -0.78515625E+01     -0.10000000E+01
     -0.78125000E+01     -0.99999999E+00
     -0.77734375E+01     -0.10000000E+01
     -0.77343750E+01     -0.10000000E+01
     -0.76953125E+01     -0.10000000E+01
     -0.76562500E+01     -0.10000000E+01
     -0.76171875E+01     -0.10000000E+01
     -0.75781250E+01     -0.10000000E+01
     -0.75390625E+01     -0.10000000E+01
     -0.75000000E+01     -0.10000000E+01
     -0.74609375E+01     -0.10000000E+01
     -0.74218750E+01     -0.10000000E+01
     -0.73828125E+01     -0.10000000E+01
     -0.73437500E+01     -0.10000000E+01
     -0.73046875E+01     -0.10000000E+01
     -0.72656250E+01     -0.10000000E+01
     -0.72265625E+01     -0.10000000E+01
     -0.71875000E+01     -0.10000000E+01
     -0.71484375E+01     -0.10000000E+01
     -0.71093750E+01     -0.10000000E+01
     -0.70703125E+01     -0.10000000E+01
     -0.70312500E+01     -0.10000000E+01
     -0.69921875E+01     -0.10000000E+01
     -0.69531250E+01     -0.10000000E+01
     -0.69140625E+01     -0.10000000E+01
     -0.68750000E+01     -0.10000000E+01
     -0.68359375E+01     -0.10000000E+01
     -0.67968750E+01     -0.10000000E+01
     -0.67578125E+01     -0.10000000E+01
     -0.67187500E+01     -0.10000000E+01
     -0.66796875E+01     -0.10000000E+01
     -0.66406250E+01     -0.10000000E+01
     -0.66015625E+01     -0.10000000E+01
     -0.65625000E+01     -0.10000000E+01
     -0.65234375E+01     -0.10000000E+01
     -0.64843750E+01     -0.10000000E+01
     -0.64453125E+01     -0.10000000E+01
     -0.64062500E+01     -0.10000000E+01
     -0.63671875E+01     -0.10000000E+01
     -0.63281250E+01     -0.10000000E+01
     -0.62890625E+01     -0.10000000E+01
     -0.62500000E+01     -0.10000000E+01
     -0.62109375E+01     -0.10000000E+01
     -0.61718750E+01     -0.10000000E+01
     -0.61328125E+01     -0.10000000E+01
     -0.60937500E+01     -0.10000000E+01
     -0.60546875E+01     -0.10000000E+01
     -0.60156250E+01     -0.10000000E+01
     -0.59765625E+01     -0.10000000E+01
     -0.59375000E+01     -0.10000000E+01
     -0.58984375E+01     -0.10000000E+01
     -0.58593750E+01     -0.10000000E+01
     -0.58203125E+01     -0.10000000E+01
     -0.57812500E+01     -0.10000000E+01
     -0.57421875E+01     -0.10000000E+01
     -0.57031250E+01     -0.10000000E+01
     -0.56640625E+01     -0.10000000E+01
     -0.56250000E+01     -0.10000000E+01
     -0.55859375E+01     -0.10000000E+01
     -0.55468750E+01     -0.10000000E+01
     -0.55078125E+01     -0.10000000E+01
     -0.54687500E+01     -0.10000000E+01
     -0.54296875E+01     -0.10000000E+01
     -0.53906250E+01     -0.10000000E+01
     -0.53515625E+01     -0.10000000E+01
     -0.53125000E+01     -0.10000000E+01
     -0.52734375E+01     -0.10000000E+01
     -0.52343750E+01     -0.10000000E+01
     -0.51953125E+01     -0.10000000E+01
     -0.51562500E+01     -0.10000000E+01
     -0.51171875E+01     -0.10000000E+01
     -0.50781250E+01     -0.10000000E+01
     -0.50390625E+01     -0.10000000E+01
     -0.50000000E+01     -0.10000000E+01
     -0.49609375E+01     -0.10000000E+01
     -0.49218750E+01     -0.10000000E+01
     -0.48828125E+01     -0.10000000E+01
     -0.48437500E+01     -0.10000000E+01
     -0.48046875E+01     -0.10000000E+01
     -0.47656250E+01     -0.10000000E+01
     -0.47265625E+01     -0.10000000E+01
     -0.46875000E+01     -0.10000000E+01
     -0.46484375E+01     -0.10000000E+01
     -0.46093750E+01     -0.10000000E+01
     -0.45703125E+01     -0.10000000E+01
     -0.45312500E+01     -0.10000000E+01
     -0.44921875E+01     -0.10000000E+01
     -0.44531250E+01     -0.10000000E+01
     -0.44140625E+01     -0.10000000E+01
     -0.43750000E+01     -0.10000000E+01
     -0.43359375E+01     -0.10000000E+01
     -0.42968750E+01     -0.10000000E+01
     -0.42578125E+01     -0.10000000E+01
     -0.42187500E+01     -0.10000000E+01
     -0.41796875E+01     -0.10000000E+01
     -0.41406250E+01     -0.10000000E+01
     -0.41015625E+01     -0.10000000E+01
     -0.40625000E+01     -0.10000000E+01
     -0.40234375E+01     -0.10000000E+01
     -0.39843750E+01     -0.10000000E+01
     -0.39453125E+01     -0.10000000E+01
     -0.39062500E+01     -0.10000000E+01
     -0.38671875E+01     -0.10000000E+01
     -0.38281250E+01     -0.10000000E+01
     -0.37890625E+01     -0.10000000E+01
     -0.37500000E+01     -0.10000000E+01
     -0.37109375E+01     -0.10000000E+01
     -0.36718750E+01     -0.10000000E+01
     -0.36328125E+01     -0.10000000E+01
     -0.35937500E+01     -0.10000000E+01
     -0.35546875E+01     -0.10000000E+01
     -0.35156250E+01     -0.10000000E+01
     -0.34765625E+01     -0.10000000E+01
     -0.34375000E+01     -0.10000000E+01
     -0.33984375E+01     -0.10000000E+01
     -0.33593750E+01     -0.10000000E+01
     -0.33203125E+01     -0.10000000E+01
     -0.32812500E+01     -0.10000000E+01
     -0.32421875E+01     -0.10000000E+01
     -0.32031250E+01     -0.10000000E+01
     -0.31640625E+01     -0.10000000E+01
     -0.31250000E+01     -0.10000000E+01
     -0.30859375E+01     -0.10000000E+01
     -0.30468750E+01     -0.10000000E+01
     -0.30078125E+01     -0.10000000E+01
     -0.29687500E+01     -0.10000000E+01
     -0.29296875E+01     -0.10000000E+01
     -0.28906250E+01     -0.10000000E+01
     -0.28515625E+01     -0.10000000E+01
     -0.28125000E+01     -0.10000000E+01
     -0.27734375E+01     -0.10000000E+01
     -0.27343750E+01     -0.10000000E+01
     -0.26953125E+01     -0.10000000E+01
     -0.26562500E+01     -0.10000000E+01
     -0.26171875E+01     -0.99999999E+00
     -0.25781250E+01     -0.10000000E+01
     -0.25390625E+01     -0.99999999E+00
     -0.25000000E+01     -0.10000000E+01
     -0.24609375E+01     -0.99999999E+00
     -0.24218750E+01     -0.10000000E+01
     -0.23828125E+01     -0.99999999E+00
     -0.23437500E+01     -0.10000000E+01
     -0.23046875E+01     -0.99999999E+00
     -0.22656250E+01     -0.10000000E+01
     -0.22265625E+01     -0.99999995E+00
     -0.21875000E+01     -0.99999991E+00
     -0.21484375E+01     -0.99999991E+00
     -0.21093750E+01     -0.99999973E+00
     -0.20703125E+01     -0.99999971E+00
     -0.20312500E+01     -0.99999943E+00
     -0.19921875E+01     -0.99999913E+00
     -0.19531250E+01     -0.99999851E+00
     -0.19140625E+01     -0.99999759E+00
     -0.18750000E+01     -0.99999615E+00
     -0.18359375E+01     -0.99999389E+00
     -0.17968750E+01     -0.99999040E+00
     -0.17578125E+01     -0.99998503E+00
     -0.17187500E+01     -0.99997687E+00
     -0.16796875E+01     -0.99996457E+00
     -0.16406250E+01     -0.99994621E+00
     -0.16015625E+01     -0.99991906E+00
     -0.15625000E+01     -0.99987928E+00
     -0.15234375E+01     -0.99982151E+00
     -0.14843750E+01     -0.99973844E+00
     -0.14453125E+01     -0.99962006E+00
     -0.14062500E+01     -0.99945295E+00
     -0.13671875E+01     -0.99921922E+00
     -0.13281250E+01     -0.99889542E+00
     -0.12890625E+01     -0.99845096E+00
     -0.12500000E+01     -0.99784664E+00
     -0.12109375E+01     -0.99703259E+00
     -0.11718750E+01     -0.99594634E+00
     -0.11328125E+01     -0.99451045E+00
     -0.10937500E+01     -0.99263024E+00
     -0.10546875E+01     -0.99019136E+00
     -0.10156250E+01     -0.98705763E+00
     -0.97656250E+00     -0.98306908E+00
     -0.93750000E+00     -0.97804047E+00
     -0.89843750E+00     -0.97176053E+00
     -0.85937500E+00     -0.96399208E+00
     -0.82031250E+00     -0.95447326E+00
     -0.78125000E+00     -0.94292014E+00
     -0.74218750E+00     -0.92903079E+00
     -0.70312500E+00     -0.91249106E+00
     -0.66406250E+00     -0.89298209E+00
     -0.62500000E+00     -0.87018976E+00
     -0.58593750E+00     -0.84381584E+00
     -0.54687500E+00     -0.81359108E+00
     -0.50781250E+00     -0.77928943E+00
     -0.46875000E+00     -0.74074333E+00
     -0.42968750E+00     -0.69785852E+00
     -0.39062500E+00     -0.65062729E+00
     -0.35156250E+00     -0.59913799E+00
     -0.31250000E+00     -0.54357917E+00
     -0.27343750E+00     -0.48423652E+00
     -0.23437500E+00     -0.42148203E+00
     -0.19531250E+00     -0.35575621E+00
     -0.15625000E+00     -0.28754550E+00
     -0.11718750E+00     -0.21735879E+00
     -0.78125000E-01     -0.14570742E+00
     -0.39062500E-01     -0.73092256E-01
      0.00000000E+00      0.19247444E-09
      0.39062500E-01      0.73092257E-01
      0.78125000E-01      0.14570742E+00
      0.11718750E+00      0.21735879E+00
      0.15625000E+00      0.28754550E+00
      0.19531250E+00      0.35575621E+00
      0.23437500E+00      0.42148203E+00
      0.27343750E+00      0.48423651E+00
      0.31250000E+00      0.54357917E+00
      0.35156250E+00      0.59913798E+00
      0.39062500E+00      0.65062729E+00
      0.42968750E+00      0.69785852E+00
      0.46875000E+00      0.74074333E+00
      0.50781250E+00      0.77928943E+00
      0.54687500E+00      0.81359108E+00
      0.58593750E+00      0.84381585E+00
      0.62500000E+00      0.87018975E+00
      0.66406250E+00      0.89298209E+00
      0.70312500E+00      0.91249106E+00
      0.74218750E+00      0.92903079E+00
      0.78125000E+00      0.94292014E+00
      0.82031250E+00      0.95447326E+00
      0.85937500E+00      0.96399208E+00
      0.89843750E+00      0.97176053E+00
      0.93750000E+00      0.97804047E+00
      0.97656250E+00      0.98306908E+00
      0.10156250E+01      0.98705763E+00
      0.10546875E+01      0.99019136E+00
      0.10937500E+01      0.99263024E+00
      0.11328125E+01      0.99451045E+00
      0.11718750E+01      0.99594635E+00
      0.12109375E+01      0.99703259E+00
      0.12500000E+01      0.99784663E+00
      0.12890625E+01      0.99845096E+00
      0.13281250E+01      0.99889542E+00
      0.13671875E+01      0.99921922E+00
      0.14062500E+01      0.99945295E+00
      0.14453125E+01      0.99962006E+00
      0.14843750E+01      0.99973844E+00
      0.15234375E+01      0.99982151E+00
      0.15625000E+01      0.99987928E+00
      0.16015625E+01      0.99991906E+00
      0.16406250E+01      0.99994621E+00
      0.16796875E+01      0.99996457E+00
      0.17187500E+01      0.99997687E+00
      0.17578125E+01      0.99998503E+00
      0.17968750E+01      0.99999039E+00
      0.18359375E+01      0.99999389E+00
      0.18750000E+01      0.99999615E+00
      0.19140625E+01      0.99999759E+00
      0.19531250E+01      0.99999851E+00
      0.19921875E+01      0.99999913E+00
      0.20312500E+01      0.99999943E+00
      0.20703125E+01      0.99999971E+00
      0.21093750E+01      0.99999973E+00
      0.21484375E+01      0.99999991E+00
      0.21875000E+01      0.99999991E+00
      0.22265625E+01      0.99999995E+00
      0.22656250E+01      0.10000000E+01
      0.23046875E+01      0.99999998E+00
      0.23437500E+01      0.10000000E+01
      0.23828125E+01      0.99999999E+00
      0.24218750E+01      0.10000000E+01
      0.24609375E+01      0.99999999E+00
      0.25000000E+01      0.10000000E+01
      0.25390625E+01      0.99999999E+00
      0.25781250E+01      0.10000000E+01
      0.26171875E+01      0.99999999E+00
      0.26562500E+01      0.10000000E+01
      0.26953125E+01      0.99999999E+00
      0.27343750E+01      0.10000000E+01
      0.27734375E+01      0.10000000E+01
      0.28125000E+01      0.10000000E+01
      0.28515625E+01      0.10000000E+01
      0.28906250E+01      0.10000000E+01
      0.29296875E+01      0.10000000E+01
      0.29687500E+01      0.10000000E+01
      0.30078125E+01      0.10000000E+01
      0.30468750E+01      0.10000000E+01
      0.30859375E+01      0.10000000E+01
      0.31250000E+01      0.10000000E+01
      0.31640625E+01      0.10000000E+01
      0.32031250E+01      0.10000000E+01
      0.32421875E+01      0.10000000E+01
      0.32812500E+01      0.10000000E+01
      0.33203125E+01      0.10000000E+01
      0.33593750E+01      0.10000000E+01
      0.33984375E+01      0.10000000E+01
      0.34375000E+01      0.10000000E+01
      0.34765625E+01      0.10000000E+01
      0.35156250E+01      0.10000000E+01
      0.35546875E+01      0.10000000E+01
      0.35937500E+01      0.10000000E+01
      0.36328125E+01      0.10000000E+01
      0.36718750E+01      0.10000000E+01
      0.37109375E+01      0.10000000E+01
      0.37500000E+01      0.10000000E+01
      0.37890625E+01      0.10000000E+01
      0.38281250E+01      0.10000000E+01
      0.38671875E+01      0.10000000E+01
      0.39062500E+01      0.10000000E+01
      0.39453125E+01      0.10000000E+01
      0.39843750E+01      0.10000000E+01
      0.40234375E+01      0.10000000E+01
      0.40625000E+01      0.10000000E+01
      0.41015625E+01      0.10000000E+01
      0.41406250E+01      0.10000000E+01
      0.41796875E+01      0.10000000E+01
      0.42187500E+01      0.10000000E+01
      0.42578125E+01      0.10000000E+01
      0.42968750E+01      0.10000000E+01
      0.43359375E+01      0.10000000E+01
      0.43750000E+01      0.10000000E+01
      0.44140625E+01      0.10000000E+01
      0.44531250E+01      0.10000000E+01
      0.44921875E+01      0.10000000E+01
      0.45312500E+01      0.10000000E+01
      0.45703125E+01      0.10000000E+01
      0.46093750E+01      0.10000000E+01
      0.46484375E+01      0.10000000E+01
      0.46875000E+01      0.10000000E+01
      0.47265625E+01      0.10000000E+01
      0.47656250E+01      0.10000000E+01
      0.48046875E+01      0.10000000E+01
      0.48437500E+01      0.10000000E+01
      0.48828125E+01      0.10000000E+01
      0.49218750E+01      0.10000000E+01
      0.49609375E+01      0.10000000E+01
      0.50000000E+01      0.10000000E+01
      0.50390625E+01      0.10000000E+01
      0.50781250E+01      0.10000000E+01
      0.51171875E+01      0.10000000E+01
      0.51562500E+01      0.10000000E+01
      0.51953125E+01      0.10000000E+01
      0.52343750E+01      0.10000000E+01
      0.52734375E+01      0.10000000E+01
      0.53125000E+01      0.10000000E+01
      0.53515625E+01      0.10000000E+01
      0.53906250E+01      0.10000000E+01
      0.54296875E+01      0.10000000E+01
      0.54687500E+01      0.10000000E+01
      0.55078125E+01      0.10000000E+01
      0.55468750E+01      0.10000000E+01
      0.55859375E+01      0.10000000E+01
      0.56250000E+01      0.10000000E+01
      0.56640625E+01      0.10000000E+01
      0.57031250E+01      0.10000000E+01
      0.57421875E+01      0.10000000E+01
      0.57812500E+01      0.10000000E+01
      0.58203125E+01      0.10000000E+01
      0.58593750E+01      0.10000000E+01
      0.58984375E+01      0.10000000E+01
      0.59375000E+01      0.10000000E+01
      0.59765625E+01      0.10000000E+01
      0.60156250E+01      0.10000000E+01
      0.60546875E+01      0.10000000E+01
      0.60937500E+01      0.10000000E+01
      0.61328125E+01      0.10000000E+01
      0.61718750E+01      0.10000000E+01
      0.62109375E+01      0.10000000E+01
      0.62500000E+01      0.10000000E+01
      0.62890625E+01      0.10000000E+01
      0.63281250E+01      0.10000000E+01
      0.63671875E+01      0.10000000E+01
      0.64062500E+01      0.10000000E+01
      0.64453125E+01      0.10000000E+01
      0.64843750E+01      0.10000000E+01
      0.65234375E+01      0.10000000E+01
      0.65625000E+01      0.10000000E+01
      0.66015625E+01      0.10000000E+01
      0.66406250E+01      0.10000000E+01
      0.66796875E+01      0.10000000E+01
      0.67187500E+01      0.10000000E+01
      0.67578125E+01      0.10000000E+01
      0.67968750E+01      0.10000000E+01
      0.68359375E+01      0.10000000E+01
      0.68750000E+01      0.10000000E+01
      0.69140625E+01      0.10000000E+01
      0.69531250E+01      0.10000000E+01
      0.69921875E+01      0.10000000E+01
      0.70312500E+01      0.10000000E+01
      0.70703125E+01      0.10000000E+01
      0.71093750E+01      0.10000000E+01
      0.71484375E+01      0.10000000E+01
      0.71875000E+01      0.10000000E+01
      0.72265625E+01      0.10000000E+01
      0.72656250E+01      0.10000000E+01
      0.73046875E+01      0.10000000E+01
      0.73437500E+01      0.10000000E+01
      0.73828125E+01      0.10000000E+01
      0.74218750E+01      0.10000000E+01
      0.74609375E+01      0.10000000E+01
      0.75000000E+01      0.10000000E+01
      0.75390625E+01      0.10000000E+01
      0.75781250E+01      0.10000000E+01
      0.76171875E+01      0.10000000E+01
      0.76562500E+01      0.10000000E+01
      0.76953125E+01      0.10000000E+01
      0.77343750E+01      0.10000000E+01
      0.77734375E+01      0.10000000E+01
      0.78125000E+01      0.99999999E+00
      0.78515625E+01      0.10000000E+01
      0.78906250E+01      0.99999999E+00
      0.79296875E+01      0.10000000E+01
      0.79687500E+01      0.99999999E+00
      0.80078125E+01      0.10000000E+01
      0.80468750E+01      0.99999998E+00
      0.80859375E+01      0.10000000E+01
      0.81250000E+01      0.99999998E+00
      0.81640625E+01      0.10000000E+01
      0.82031250E+01      0.99999997E+00
      0.82421875E+01      0.10000000E+01
      0.82812500E+01      0.99999996E+00
      0.83203125E+01      0.10000000E+01
      0.83593750E+01      0.99999995E+00
      0.83984375E+01      0.10000001E+01
      0.84375000E+01      0.99999994E+00
      0.84765625E+01      0.10000001E+01
      0.85156250E+01      0.99999993E+00
      0.85546875E+01      0.10000001E+01
      0.85937500E+01      0.99999991E+00
      0.86328125E+01      0.10000001E+01
      0.86718750E+01      0.99999989E+00
      0.87109375E+01      0.10000001E+01
      0.87500000E+01      0.99999986E+00
      0.87890625E+01      0.10000002E+01
      0.88281250E+01      0.99999981E+00
      0.88671875E+01      0.10000002E+01
      0.89062500E+01      0.99999976E+00
      0.89453125E+01      0.10000003E+01
      0.89843750E+01      0.99999967E+00
      0.90234375E+01      0.10000004E+01
      0.90625000E+01      0.99999956E+00
      0.91015625E+01      0.10000005E+01
      0.91406250E+01      0.99999939E+00
      0.91796875E+01      0.10000007E+01
      0.92187500E+01      0.99999914E+00
      0.92578125E+01      0.10000010E+01
      0.92968750E+01      0.99999877E+00
      0.93359375E+01      0.10000015E+01
      0.93750000E+01      0.99999819E+00
      0.94140625E+01      0.10000022E+01
      0.94531250E+01      0.99999724E+00
      0.94921875E+01      0.10000034E+01
      0.95312500E+01      0.99999570E+00
      0.95703125E+01      0.10000054E+01
      0.96093750E+01      0.99999314E+00
      0.96484375E+01      0.10000087E+01
      0.96875000E+01      0.99998895E+00
      0.97265625E+01      0.10000140E+01
      0.97656250E+01      0.99998247E+00
      0.98046875E+01      0.10000215E+01
      0.98437500E+01      0.99997494E+00
      0.98828125E+01      0.10000216E+01
      0.99218750E+01      0.10000876E+01
      0.99609375E+01      0.10014310E+01
      0.10000000E+02      0.98495966E+00
