 -0.86264291164054D+02 -0.32951621061832D-05  0.11318873745588D-14 -0.80477297306061D-02
 -0.85356723924806D+02 -0.66982147013087D-06  0.76243817862524D-16 -0.80459713935852D-02
 -0.84458142499807D+02  0.69372943209768D-07 -0.36152041168193D-15 -0.80460011959076D-02
 -0.83568457920601D+02 -0.14964376303038D-07  0.77553876076439D-15 -0.80458819866180D-02
 -0.82687582099605D+02  0.40557307610385D-08 -0.32885535369468D-15 -0.80460309982300D-02
 -0.81815427821391D+02 -0.11416584244277D-08  0.23850081396385D-15 -0.80458223819733D-02
 -0.80951908734051D+02  0.32302182935140D-09 -0.16665677639694D-15 -0.80461204051971D-02
 -0.80096939340644D+02 -0.91503601066548D-10  0.13516390612957D-15 -0.80458223819733D-02
 -0.79250434990737D+02  0.25897900344977D-10 -0.55069165468914D-16 -0.80460906028748D-02
 -0.78412311872017D+02 -0.73464412462129D-11 -0.60995848383407D-16 -0.80459117889404D-02
 -0.77582487001997D+02  0.20728753739206D-11  0.15879134756274D-15 -0.80459415912628D-02
 -0.76760878219799D+02 -0.59236388298944D-12 -0.22498605918327D-15 -0.80460608005524D-02
 -0.75947404178019D+02  0.16418430919302D-12  0.22205593399070D-15 -0.80458819866180D-02
 -0.75141984334672D+02 -0.48954825033902D-13 -0.90774601898222D-16 -0.80461800098419D-02
 -0.74344538945220D+02  0.12200869266798D-13 -0.10594843614212D-15 -0.80457627773285D-02
 -0.73554989054673D+02 -0.46103409592179D-14  0.15997282617526D-15 -0.80462694168091D-02
 -0.72773256489775D+02  0.54345348519233D-15 -0.15085216068769D-15 -0.80456733703613D-02
 -0.71999263851263D+02 -0.68986274794476D-15  0.29856365555585D-15 -0.80462694168091D-02
 -0.71232934506201D+02 -0.17558953840693D-15 -0.40582899632038D-15 -0.80457329750061D-02
 -0.70474192580397D+02 -0.18853581542597D-15  0.25965223250841D-15 -0.80461204051971D-02
 -0.69722962950888D+02 -0.12242029076636D-15  0.24771172485625D-16 -0.80459117889404D-02
 -0.68979171238503D+02 -0.70003438075288D-16 -0.13399215516105D-15 -0.80459117889404D-02
 -0.68242743800498D+02 -0.50790645785460D-16 -0.18768623874071D-16 -0.80460906028748D-02
 -0.67513607723265D+02 -0.58594287480170D-16  0.44311668367772D-16 -0.80457329750061D-02
 -0.66791690815114D+02 -0.13080178854685D-16  0.20898771115711D-15 -0.80462694168091D-02
 -0.66076921599123D+02 -0.30082297736015D-16 -0.58899161259289D-15 -0.80455839633942D-02
 -0.65369229306062D+02 -0.23779237762384D-17  0.90216769821962D-15 -0.80463588237762D-02
 -0.64668543867388D+02 -0.45444901136149D-17 -0.97194066082116D-15 -0.80455541610718D-02
 -0.63974795908305D+02 -0.24107327415498D-16  0.86069315347379D-15 -0.80463290214539D-02
 -0.63287916740896D+02  0.15703458143504D-16 -0.22546058292219D-15 -0.80456435680389D-02
 -0.62607838357323D+02  0.34205626760670D-17 -0.53269827937440D-15 -0.80462396144867D-02
 -0.61934493423092D+02 -0.74086573463900D-17 -0.14041895147389D-15 -0.80456435680389D-02
 -0.61267815270388D+02  0.10295656499859D-17  0.12264924844377D-14 -0.80462694168091D-02
 -0.60607737891473D+02  0.68175501854442D-17 -0.15844858773970D-14 -0.80455839633942D-02
 -0.59954195932152D+02  0.83950875756431D-18  0.94358813873595D-15 -0.80462992191315D-02
 -0.59307124685299D+02 -0.37543399712478D-17  0.11419855954769D-14 -0.80455243587494D-02
 -0.58666460084454D+02  0.14868795871596D-16 -0.21026085196942D-14 -0.80463886260986D-02
 -0.58032138697480D+02 -0.42740367383925D-17  0.56007877821307D-15 -0.80453753471375D-02
 -0.57404097720277D+02 -0.90272135034668D-18  0.15894605018962D-14 -0.80464780330658D-02
 -0.56782274970571D+02 -0.13935253344993D-16 -0.14736440988314D-14 -0.80453753471375D-02
 -0.56166608881754D+02  0.44805219761385D-17  0.22400718026382D-15 -0.80465078353882D-02
 -0.55557038496786D+02 -0.16967455080682D-16 -0.60250385274440D-15 -0.80453753471375D-02
 -0.54953503462164D+02  0.10349817623550D-16  0.18155801823305D-14 -0.80466270446777D-02
 -0.54355944021945D+02 -0.24618619326919D-16 -0.11854194333088D-14 -0.80452263355255D-02
 -0.53764301011826D+02  0.21509457343373D-16 -0.15785333533602D-14 -0.80468356609344D-02
 -0.53178515853293D+02 -0.35857580644629D-16  0.32101790606450D-14 -0.80449879169464D-02
 -0.52598530547815D+02  0.28101324396072D-16 -0.39513405127891D-14 -0.80470740795135D-02
 -0.52024287671104D+02  0.35655703957986D-17  0.12924112353710D-14 -0.80447793006897D-02
 -0.51455730367430D+02  0.39278847168265D-19  0.48030753399336D-14 -0.80472230911255D-02
 -0.50892802343990D+02 -0.10178376567614D-18 -0.44484357739289D-14 -0.80447793006897D-02
 -0.50335447865337D+02  0.96705793765040D-17  0.19509254593899D-14 -0.80471932888031D-02
 -0.49783611747858D+02  0.16906288277828D-16 -0.26133962801846D-14 -0.80447793006897D-02
 -0.49237239354315D+02 -0.81214281268261D-17  0.15023722800287D-14 -0.80472528934479D-02
 -0.48696276588431D+02 -0.14134368308404D-16 -0.11082669079126D-14 -0.80446302890778D-02
 -0.48160669889535D+02 -0.13727278207823D-16 -0.19308424405594D-15 -0.80473423004150D-02
 -0.47630366227263D+02  0.12728156254573D-16 -0.20944117818636D-15 -0.80446004867554D-02
 -0.47105313096300D+02 -0.88534968955618D-17  0.76499822982919D-14 -0.80472826957703D-02
 -0.46585458511188D+02 -0.23119363096694D-16 -0.19403351335053D-13 -0.80446004867554D-02
 -0.46070751001176D+02  0.34651567969284D-16  0.15463506329908D-13 -0.80473423004150D-02
 -0.45561139605125D+02 -0.20814358354553D-16  0.92797931204548D-14 -0.80445408821106D-02
 -0.45056573866460D+02 -0.12966712237596D-16 -0.27646335470487D-13 -0.80473721027374D-02
 -0.44557003828178D+02  0.10562876648517D-16  0.18152417503164D-13 -0.80445408821106D-02
 -0.44062380027899D+02 -0.12369846943345D-16 -0.80330953003351D-15 -0.80473721027374D-02
 -0.43572653492970D+02 -0.90144639596166D-17 -0.25644360817674D-14 -0.80446004867554D-02
 -0.43087775735614D+02  0.45354892981221D-16  0.34528275302538D-14 -0.80472528934479D-02
 -0.42607698748132D+02 -0.47783655635438D-16 -0.41419839122935D-14 -0.80447196960449D-02
 -0.42132374998151D+02 -0.12577846571428D-17  0.91781771188715D-14 -0.80471634864807D-02
 -0.41661757423912D+02  0.22767048309332D-16 -0.17978716880187D-14 -0.80448091030121D-02
 -0.41195799429615D+02 -0.26439842055853D-16 -0.14063927533138D-13 -0.80471336841583D-02
 -0.40734454880807D+02  0.96842568065446D-17  0.38283839396162D-13 -0.80448687076569D-02
 -0.40277678099809D+02 -0.38581566571427D-16 -0.62728712198548D-13 -0.80471038818359D-02
 -0.39825423861197D+02  0.35040253680476D-16  0.41919623290166D-13 -0.80449581146240D-02
 -0.39377647387324D+02 -0.31237225772385D-17  0.77748370722996D-15 -0.80471038818359D-02
 -0.38934304343885D+02  0.25565174834421D-16 -0.13107922103154D-13 -0.80449283123016D-02
 -0.38495350835530D+02  0.24098440834146D-16 -0.19461993120058D-13 -0.80471038818359D-02
 -0.38060743401515D+02 -0.19868647890064D-16  0.34580767204829D-13 -0.80448985099792D-02
 -0.37630439011401D+02  0.29876012258941D-17  0.20885596312310D-14 -0.80470442771912D-02
 -0.37204395060793D+02  0.97828559481411D-17 -0.47596776915843D-13 -0.80449879169464D-02
 -0.36782569367122D+02 -0.16991603547722D-16  0.67694446239958D-13 -0.80468952655792D-02
 -0.36364920165467D+02  0.18774748229645D-16  0.22334388993865D-14 -0.80451369285583D-02
 -0.35951406104423D+02  0.29699479621866D-17 -0.71212357029022D-13 -0.80467760562897D-02
 -0.35541986242003D+02 -0.29752608293812D-16 -0.60612580797851D-14 -0.80451667308807D-02
 -0.35136620041587D+02  0.19813813798652D-16  0.62502839004702D-13 -0.80468058586121D-02
 -0.34735267367908D+02 -0.75493374151523D-17  0.37193633454146D-13 -0.80450475215912D-02
 -0.34337888483077D+02 -0.23893214642340D-16 -0.13564514366338D-12 -0.80469846725464D-02
 -0.33944444042650D+02  0.20515046164172D-16  0.16545517397566D-12 -0.80448389053345D-02
 -0.33554895091733D+02 -0.15603671512030D-16 -0.18771904874721D-12 -0.80472528934479D-02
 -0.33169203061122D+02 -0.25711955057426D-16  0.97363116917729D-13 -0.80446302890778D-02
 -0.32787329763487D+02 -0.15657617967536D-16 -0.27845051941012D-14 -0.80474019050598D-02
 -0.32409237389591D+02  0.10944655070130D-17  0.10607569103692D-12 -0.80444812774658D-02
 -0.32034888504546D+02  0.36476136795951D-17 -0.15367445000986D-12 -0.80475509166718D-02
 -0.31664246044105D+02 -0.14483486925020D-16  0.28220725452680D-13 -0.80443620681763D-02
 -0.31297273310995D+02  0.36330981917771D-16  0.69462441170103D-13 -0.80476999282837D-02
 -0.30933933971282D+02  0.86978079429004D-17 -0.15938391286028D-12 -0.80441832542419D-02
 -0.30574192050774D+02  0.26828882565850D-17  0.24600658424419D-12 -0.80477893352509D-02
 -0.30218011931459D+02  0.12506282204316D-16 -0.10293954138532D-12 -0.80441534519196D-02
 -0.29865358347980D+02 -0.59130317344280D-16 -0.25651824956709D-12 -0.80477595329285D-02
 -0.29516196384138D+02  0.74349787324972D-16  0.36764623463637D-12 -0.80441534519196D-02
 -0.29170491469444D+02 -0.57392472760433D-16 -0.14804909414298D-12 -0.80477595329285D-02
 -0.28828209375687D+02 -0.14824807634648D-16  0.23210104086076D-12 -0.80441534519196D-02
 -0.28489316213551D+02 -0.13154348416143D-16 -0.57422301505752D-12 -0.80477595329285D-02
 -0.28153778429259D+02  0.23921835363223D-16  0.58149069327024D-12 -0.80441534519196D-02
 -0.27821562801246D+02 -0.30472251011726D-16 -0.35494038806184D-12 -0.80477595329285D-02
 -0.27492636436878D+02  0.42288378410328D-16  0.11289219206808D-12 -0.80441534519196D-02
 -0.27166966769186D+02 -0.15311789226034D-16  0.82941581391622D-13 -0.80477595329285D-02
 -0.26844521553649D+02 -0.29941001774009D-16 -0.21365060328543D-12 -0.80441534519196D-02
 -0.26525268864999D+02  0.17792830398037D-16  0.41892585320863D-12 -0.80477595329285D-02
 -0.26209177094059D+02  0.10761690906099D-16 -0.39351172060470D-12 -0.80441534519196D-02
 -0.25896214944613D+02 -0.35782426335467D-16 -0.20397068365915D-13 -0.80477595329285D-02
 -0.25586351430310D+02  0.33244765577946D-16  0.16234379834369D-12 -0.80441534519196D-02
 -0.25279555871594D+02 -0.20269387390187D-16 -0.23033216501635D-12 -0.80477595329285D-02
 -0.24975797892667D+02  0.37275464003205D-16  0.77219480809632D-12 -0.80441534519196D-02
 -0.24675047418482D+02  0.10166110213523D-16 -0.36723868303973D-12 -0.80477595329285D-02
 -0.24377274671764D+02  0.78774832908860D-17 -0.74203804992928D-12 -0.80441534519196D-02
 -0.24082450170064D+02 -0.18978953895717D-16  0.13317186979903D-11 -0.80477595329285D-02
 -0.23790544722835D+02 -0.45278350143724D-17 -0.74148423945958D-12 -0.80441534519196D-02
 -0.23501529428550D+02  0.57696620096113D-16  0.19248029548263D-12 -0.80477595329285D-02
 -0.23215375671832D+02 -0.77446624628783D-16  0.33892187016951D-12 -0.80441534519196D-02
 -0.22932055120625D+02  0.70748404824109D-16  0.20063913367101D-12 -0.80477595329285D-02
 -0.22651539723391D+02 -0.26796974951356D-16  0.13950114934741D-11 -0.80441534519196D-02
 -0.22373801706328D+02 -0.37661532807005D-16  0.70067846110692D-13 -0.80477595329285D-02
 -0.22098813570622D+02  0.16339012266863D-16  0.13194581061429D-11 -0.80441534519196D-02
 -0.21826548089725D+02 -0.19498571866008D-16  0.28682885060138D-11 -0.80477595329285D-02
 -0.21556978306658D+02  0.70547448143972D-16  0.25214361848436D-11 -0.80441534519196D-02
 -0.21290077531345D+02  0.59588310212180D-16  0.42301852125337D-11 -0.80477595329285D-02
 -0.21025819337965D+02 -0.13798186686965D-15  0.62264872077722D-11 -0.80441534519196D-02
 -0.20764177562342D+02 -0.29914161436085D-16  0.99313352680541D-11 -0.80477595329285D-02
 -0.20505126299348D+02  0.14317571929684D-15  0.10153151756842D-10 -0.80441534519196D-02
 -0.20248639900345D+02  0.20807649121930D-16  0.17352966286133D-10 -0.80477595329285D-02
 -0.19994692970638D+02 -0.52650087969812D-16  0.22984355738109D-10 -0.80441534519196D-02
 -0.19743260366969D+02 -0.17003443009212D-15  0.28610195809686D-10 -0.80477595329285D-02
 -0.19494317195018D+02  0.16803557625538D-15  0.41126737432284D-10 -0.80441534519196D-02
 -0.19247838806949D+02 -0.13291849180944D-15  0.49059475232260D-10 -0.80477595329285D-02
 -0.19003800798959D+02  0.17819927656297D-15  0.71752069563669D-10 -0.80441534519196D-02
 -0.18762179008871D+02 -0.88238628045504D-16  0.83213831658657D-10 -0.80477595329285D-02
 -0.18522949513733D+02  0.11638938405035D-16  0.11400723420874D-09 -0.80441534519196D-02
 -0.18286088627459D+02 -0.11485785092524D-15  0.13574298629582D-09 -0.80477595329285D-02
 -0.18051572898474D+02 -0.52875182894695D-16  0.17839855981361D-09 -0.80441534519196D-02
 -0.17819379107400D+02  0.62446000343603D-16  0.20924988131110D-09 -0.80477595329285D-02
 -0.17589484264752D+02 -0.42817658152637D-16  0.26409222031454D-09 -0.80441534519196D-02
 -0.17361865608666D+02  0.13134866085799D-15  0.31685057355624D-09 -0.80477595329285D-02
 -0.17136500602639D+02 -0.13653894229698D-15  0.37182615320042D-09 -0.80441534519196D-02
 -0.16913366933306D+02  0.66540240551472D-16  0.44905199003686D-09 -0.80477595329285D-02
 -0.16692442508224D+02 -0.18322185785326D-15  0.51717868876366D-09 -0.80441534519196D-02
 -0.16473705453687D+02  0.21713091242440D-15  0.60084009989581D-09 -0.80477595329285D-02
 -0.16257134112562D+02 -0.13040042719047D-15  0.67728617159091D-09 -0.80441534519196D-02
 -0.16042707042140D+02  0.75284561638062D-16  0.76240252999682D-09 -0.80477595329285D-02
 -0.15830403012020D+02  0.28201502882169D-16  0.84071305472833D-09 -0.80441534519196D-02
 -0.15620201002000D+02 -0.89618004020700D-16  0.90575419386951D-09 -0.80477595329285D-02
 -0.15412080200000D+02 -0.39120901644093D-16  0.96374130897914D-09 -0.80441534519196D-02
 -0.15206020000000D+02 -0.56312872386303D-16  0.99379038331904D-09 -0.80477595329285D-02
 -0.15002000000000D+02  0.80983872453954D-16  0.99394137365039D-09 -0.80441534519196D-02
 -0.14800000000000D+02 -0.63979535334717D-16  0.93338237139307D-09 -0.80477595329285D-02
 -0.14600000000000D+02  0.60261973049434D-16  0.83823609164924D-09 -0.80441534519196D-02
 -0.14400000000000D+02  0.52607072554558D-16  0.65262617532369D-09 -0.80477595329285D-02
 -0.14200000000000D+02 -0.47170628041725D-16  0.36766328870286D-09 -0.80441534519196D-02
 -0.14000000000000D+02  0.19216211306595D-15 -0.52612678103081D-10 -0.80477595329285D-02
 -0.13800000000000D+02 -0.18069066780816D-15 -0.59190641277240D-09 -0.80441534519196D-02
 -0.13600000000000D+02  0.71204230565575D-16 -0.13760451667011D-08 -0.80477595329285D-02
 -0.13400000000000D+02  0.50382200379000D-16 -0.23331161447260D-08 -0.80441534519196D-02
 -0.13200000000000D+02 -0.46584457823093D-16 -0.36138156911392D-08 -0.80477595329285D-02
 -0.13000000000000D+02  0.19199555781424D-15 -0.51949102797266D-08 -0.80441534519196D-02
 -0.12800000000000D+02 -0.18064821121167D-15 -0.71844126203757D-08 -0.80477595329285D-02
 -0.12600000000000D+02  0.71182702413359D-16 -0.95917753739627D-08 -0.80441534519196D-02
 -0.12400000000000D+02  0.50371978084500D-16 -0.12558615480884D-07 -0.80477595329285D-02
 -0.12200000000000D+02 -0.46602367283057D-16 -0.16090373478050D-07 -0.80441534519196D-02
 -0.12000000000000D+02  0.19196527256307D-15 -0.20324103289227D-07 -0.80477595329285D-02
 -0.11800000000000D+02 -0.18069079047569D-15 -0.25296499117644D-07 -0.80441534519196D-02
 -0.11600000000000D+02  0.71097203142164D-16 -0.31143933654221D-07 -0.80477595329285D-02
 -0.11400000000000D+02  0.50337869695186D-16 -0.37920333539887D-07 -0.80441534519196D-02
 -0.11200000000000D+02 -0.47020036606587D-16 -0.45747444943345D-07 -0.80477595329285D-02
 -0.11000000000000D+02  0.19265381906111D-15 -0.54696808859944D-07 -0.80441534519196D-02
 -0.10800000000000D+02 -0.18437449652159D-15 -0.64880012473623D-07 -0.80477595329285D-02
 -0.10600000000000D+02  0.82455242264784D-16 -0.76352293376658D-07 -0.80441534519196D-02
 -0.10400000000000D+02  0.69499216584229D-17 -0.89226887212135D-07 -0.80477595329285D-02
 -0.10200000000000D+02  0.10415187152416D-15 -0.10354114721167D-06 -0.80441534519196D-02
 -0.10000000000000D+02 -0.35446673028167D-15 -0.11935534871554D-06 -0.80477595329285D-02
 -0.98000000000000D+01  0.17643598528068D-14 -0.13673270871095D-06 -0.80441534519196D-02
 -0.96000000000000D+01 -0.69051798884435D-14 -0.15560074473342D-06 -0.80477595329285D-02
 -0.94000000000000D+01  0.24992268111051D-13 -0.17611250768823D-06 -0.80441534519196D-02
 -0.92000000000000D+01 -0.89340527496413D-13 -0.19802011763659D-06 -0.80477595329285D-02
 -0.90000000000000D+01  0.31969927175075D-12 -0.22147183642574D-06 -0.80441534519196D-02
 -0.88000000000000D+01 -0.11439529154303D-11 -0.24615019356133D-06 -0.80477595329285D-02
 -0.86000000000000D+01  0.40936642697314D-11 -0.27214753117732D-06 -0.80441534519196D-02
 -0.84000000000000D+01 -0.14649438982525D-10 -0.29904265375080D-06 -0.80477595329285D-02
 -0.82000000000000D+01  0.52426026351967D-10 -0.32681089123798D-06 -0.80441534519196D-02
 -0.80000000000000D+01 -0.18766607284436D-09 -0.35514682394933D-06 -0.80477595329285D-02
 -0.78000000000000D+01  0.67296078437877D-09 -0.38362935583791D-06 -0.80441534519196D-02
 -0.76000000000000D+01 -0.24440534479055D-08 -0.41210401491298D-06 -0.80477595329285D-02
 -0.74000000000000D+01  0.96771526133686D-08 -0.44006637267557D-06 -0.80441534519196D-02
 -0.72000000000000D+01 -0.58847235225311D-07 -0.46710673018424D-06 -0.80477595329285D-02
 -0.70000000000000D+01  0.58092236515747D-07 -0.49287586989522D-06 -0.80441534519196D-02
 -0.68000000000000D+01 -0.52198990047573D-08 -0.51681388413272D-06 -0.80477595329285D-02
 -0.66000000000000D+01 -0.35355315206490D-07 -0.53847747949476D-06 -0.80441534519196D-02
 -0.64000000000000D+01 -0.86130016581284D-07 -0.55727446124365D-06 -0.80477595329285D-02
 -0.62000000000000D+01 -0.62021008955301D-07 -0.57278577969555D-06 -0.80441534519196D-02
 -0.60000000000000D+01 -0.19157948559678D-06 -0.58443498573979D-06 -0.80476999282837D-02
 -0.58000000000000D+01 -0.36893841718102D-06 -0.59163386367800D-06 -0.80440938472748D-02
 -0.56000000000000D+01 -0.75245076042091D-06 -0.59361786952650D-06 -0.80475807189941D-02
 -0.54000000000000D+01 -0.13994616010378D-05 -0.58959386706192D-06 -0.80437958240509D-02
 -0.52000000000000D+01 -0.24694314140230D-05 -0.57831977073874D-06 -0.80469846725464D-02
 -0.50000000000000D+01 -0.45357921484195D-05 -0.55816866506575D-06 -0.80427527427673D-02
 -0.48000000000000D+01 -0.79453148501951D-05 -0.52566849717550D-06 -0.80451369285583D-02
 -0.46000000000000D+01 -0.13588871024686D-04 -0.47686239668110D-06 -0.80394148826599D-02
 -0.44000000000000D+01 -0.22915211482870D-04 -0.40317326011063D-06 -0.80394446849823D-02
 -0.42000000000000D+01 -0.37491668309614D-04 -0.29383099331426D-06 -0.80299377441406D-02
 -0.40000000000000D+01 -0.60270666034982D-04 -0.12950462746630D-06 -0.80239176750183D-02
 -0.38000000000000D+01 -0.94279791683790D-04  0.11493511209437D-06 -0.80050826072693D-02
 -0.36000000000000D+01 -0.14447527784365D-03  0.47805133362999D-06 -0.79851150512695D-02
 -0.34000000000000D+01 -0.21586266867408D-03  0.10079644425787D-05 -0.79459249973297D-02
 -0.32000000000000D+01 -0.31513743561113D-03  0.17691531866149D-05 -0.78969299793243D-02
 -0.30000000000000D+01 -0.44891810425704D-03  0.28323652259132D-05 -0.78175663948059D-02
 -0.28000000000000D+01 -0.62437061036428D-03  0.42782012315001D-05 -0.77145695686340D-02
 -0.26000000000000D+01 -0.84689379553092D-03  0.61717269090877D-05 -0.75647234916687D-02
 -0.24000000000000D+01 -0.11203544782589D-02  0.85590909293387D-05 -0.73724389076233D-02
 -0.22000000000000D+01 -0.14443801654827D-02  0.11426035598561D-04 -0.71132183074951D-02
 -0.20000000000000D+01 -0.18130220578270D-02  0.14696871403430D-04 -0.67916512489319D-02
 -0.18000000000000D+01 -0.22115576276382D-02  0.18192769857706D-04 -0.63860118389130D-02
 -0.16000000000000D+01 -0.26164205442513D-02  0.21668069166481D-04 -0.59066116809845D-02
 -0.14000000000000D+01 -0.29913135344147D-02  0.24802486223052D-04 -0.53414404392242D-02
 -0.12000000000000D+01 -0.32908698920136D-02  0.27291616788716D-04 -0.47150850296021D-02
 -0.10000000000000D+01 -0.34623406666471D-02  0.28860036763945D-04 -0.40336549282074D-02
 -0.80000000000000D+00 -0.34548891269021D-02  0.29361257475102D-04 -0.33420920372009D-02
 -0.60000000000000D+00 -0.32259975931220D-02  0.28744118026225D-04 -0.26665627956390D-02
 -0.40000000000000D+00 -0.27543043612850D-02  0.27110310838907D-04 -0.20678341388702D-02
 -0.20000000000000D+00 -0.20411636900544D-02  0.24618997485959D-04 -0.15811920166016D-02
  0.00000000000000D+00 -0.11208170074659D-02  0.21522255337914D-04 -0.12650489807129D-02
  0.20000000000000D+00 -0.53959043337859D-04  0.18050384824164D-04 -0.11431276798248D-02
  0.40000000000000D+00  0.10490120455551D-02  0.14468286281044D-04 -0.12454688549042D-02
  0.60000000000000D+00  0.19512667387573D-02  0.10960624422296D-04 -0.15512704849243D-02
  0.80000000000000D+00  0.19042696711373D-02  0.77367585618049D-05 -0.19641816616058D-02
  0.10000000000000D+01 -0.10992701958505D-02  0.48777856136439D-05 -0.21215379238129D-02
  0.12000000000000D+01 -0.82755054355232D-02  0.25384188120370D-05 -0.12080371379852D-02
  0.14000000000000D+01 -0.99865335689965D-02  0.68871901248713D-06  0.80600380897522D-03
  0.16000000000000D+01 -0.32884323223302D-02 -0.57423386579103D-06  0.21788179874420D-02
  0.18000000000000D+01  0.11714103655537D-02 -0.13396988833847D-05  0.23106634616852D-02
  0.20000000000000D+01  0.22500156484013D-02 -0.15965637203408D-05  0.19356608390808D-02
  0.22000000000000D+01  0.18720803717789D-02 -0.14435213415709D-05  0.15065073966980D-02
  0.24000000000000D+01  0.96454549646097D-03 -0.94396159511234D-06  0.12198090553284D-02
  0.26000000000000D+01 -0.10279183369262D-03 -0.20439750869627D-06  0.11318027973175D-02
  0.28000000000000D+01 -0.11433700419002D-02  0.67515730961532D-06  0.12584626674652D-02
  0.30000000000000D+01 -0.20538891177775D-02  0.15868279206188D-05  0.15807449817657D-02
  0.32000000000000D+01 -0.27595252586177D-02  0.24270218546008D-05  0.20660161972046D-02
  0.34000000000000D+01 -0.32299781257123D-02  0.31112672331801D-05  0.26689469814301D-02
  0.36000000000000D+01 -0.34561786458630D-02  0.35705650134332D-05  0.33415257930756D-02
  0.38000000000000D+01 -0.34638133749882D-02  0.37768209040223D-05  0.40368735790253D-02
  0.40000000000000D+01 -0.32911849585652D-02  0.37268812320690D-05  0.47149360179901D-02
  0.42000000000000D+01 -0.29919288013641D-02  0.34615218282852D-05  0.53449571132660D-02
  0.44000000000000D+01 -0.26164639438296D-02  0.30358216918103D-05  0.59066116809845D-02
  0.46000000000000D+01 -0.22119120175646D-02  0.25251081297029D-05  0.63896179199219D-02
  0.48000000000000D+01 -0.18129577976780D-02  0.19927294943045D-05  0.67917406558990D-02
  0.50000000000000D+01 -0.14445144404210D-02  0.14951501725591D-05  0.71168541908264D-02
  0.52000000000000D+01 -0.11203873276634D-02  0.10628810969138D-05  0.73725283145905D-02
  0.54000000000000D+01 -0.84694187075436D-03  0.71325536055156D-06  0.75684189796448D-02
  0.56000000000000D+01 -0.62430982697704D-03  0.44421022948882D-06  0.77146589756012D-02
  0.58000000000000D+01 -0.44899962832671D-03  0.24846053747751D-06  0.78212618827820D-02
  0.60000000000000D+01 -0.31512122071344D-03  0.11145851885885D-06  0.78970193862915D-02
  0.62000000000000D+01 -0.21589691178055D-03  0.20393239097416D-07  0.79495906829834D-02
  0.64000000000000D+01 -0.14441961968284D-03 -0.37867671665026D-07  0.79851746559143D-02
  0.66000000000000D+01 -0.94348247924651D-04 -0.72714946952601D-07  0.80087780952454D-02
  0.68000000000000D+01 -0.60208942273589D-04 -0.92144844643371D-07  0.80239772796631D-02
  0.70000000000000D+01 -0.37542028904494D-04 -0.10119729410007D-06  0.80336034297943D-02
  0.72000000000000D+01 -0.22875698909302D-04 -0.10379137904692D-06  0.80395042896271D-02
  0.74000000000000D+01 -0.13625805998992D-04 -0.10216043477840D-06  0.80430805683136D-02
  0.76000000000000D+01 -0.79341774109428D-05 -0.98025189743112D-07  0.80451965332031D-02
  0.78000000000000D+01 -0.45179470503324D-05 -0.92293426234846D-07  0.80463886260986D-02
  0.80000000000000D+01 -0.25159691631954D-05 -0.85665604387941D-07  0.80470740795135D-02
  0.82000000000000D+01 -0.13703589412036D-05 -0.78550435489433D-07  0.80474615097046D-02
  0.84000000000000D+01 -0.73038211561450D-06 -0.71260593870193D-07  0.80476403236389D-02
  0.86000000000000D+01 -0.38067169795964D-06 -0.63979626929722D-07  0.80477595329285D-02
  0.88000000000000D+01 -0.19428172950859D-06 -0.56875606446738D-07  0.80477893352509D-02
  0.90000000000000D+01 -0.96937879983211D-07 -0.50055597000664D-07  0.80478489398956D-02
  0.92000000000000D+01 -0.47417443753853D-07 -0.43601534827076D-07  0.80478489398956D-02
  0.94000000000000D+01 -0.22620538007739D-07 -0.37574015010478D-07  0.80478489398956D-02
  0.96000000000000D+01 -0.10635475438601D-07 -0.32017016593500D-07  0.80478191375732D-02
  0.98000000000000D+01 -0.48581768864408D-08 -0.26942306163846D-07  0.80478489398956D-02
  0.10000000000000D+02 -0.21854431479771D-08 -0.22370828745011D-07  0.80478489398956D-02
  0.10200000000000D+02 -0.95155474156648D-09 -0.18299315840409D-07  0.80478489398956D-02
  0.10400000000000D+02 -0.42036521856637D-09 -0.14703418038664D-07  0.80478191375732D-02
  0.10600000000000D+02 -0.17221093075588D-09 -0.11569267321931D-07  0.80478489398956D-02
  0.10800000000000D+02 -0.68060255458028D-10 -0.88752756255417D-08  0.80478489398956D-02
  0.11000000000000D+02 -0.32175094501076D-10 -0.65853544839456D-08  0.80478489398956D-02
  0.11200000000000D+02 -0.10796890390961D-10 -0.46607042669677D-08  0.80478191375732D-02
  0.11400000000000D+02 -0.67313229138104D-11 -0.30674383033613D-08  0.80478489398956D-02
  0.11600000000000D+02  0.10112316349614D-11 -0.17859742573734D-08  0.80478489398956D-02
  0.11800000000000D+02 -0.22969069873964D-11 -0.75056216797265D-09  0.80478489398956D-02
  0.12000000000000D+02  0.98478889533482D-12  0.48125795015785D-10  0.80478191375732D-02
  0.12200000000000D+02 -0.10833621442683D-11  0.65125943526922D-09  0.80478489398956D-02
  0.12400000000000D+02 -0.61011826676541D-12  0.10902461156093D-08  0.80478489398956D-02
  0.12600000000000D+02  0.99080284161506D-12  0.13885630423260D-08  0.80478489398956D-02
  0.12800000000000D+02 -0.11866153726836D-12  0.15814913822965D-08  0.80478191375732D-02
  0.13000000000000D+02 -0.48803639664373D-12  0.16742088826405D-08  0.80478489398956D-02
  0.13200000000000D+02  0.18284802292796D-12  0.17025287846195D-08  0.80478489398956D-02
  0.13400000000000D+02  0.28374668019434D-13  0.16734732488644D-08  0.80478489398956D-02
  0.13600000000000D+02 -0.17153571497076D-13  0.16081123099809D-08  0.80478191375732D-02
  0.13800000000000D+02 -0.48381373394088D-13  0.15069184788885D-08  0.80478489398956D-02
  0.14000000000000D+02  0.26138745707079D-12  0.13968616263682D-08  0.80478489398956D-02
  0.14200000000000D+02 -0.32923508689113D-12  0.12693192052993D-08  0.80478489398956D-02
  0.14400000000000D+02  0.18568109384887D-12  0.11414525991071D-08  0.80478191375732D-02
  0.14600000000000D+02 -0.78497137940954D-13  0.10135149386414D-08  0.80478489398956D-02
  0.14800000000000D+02  0.15855677196905D-12  0.89078827647526D-09  0.80478489398956D-02
  0.15002000000000D+02 -0.23303356555144D-12  0.77085587912862D-09  0.80478489398956D-02
  0.15206020000000D+02  0.15474468458994D-12  0.66452310321097D-09  0.80478191375732D-02
  0.15412080200000D+02  0.17480053810232D-14  0.55952020794336D-09  0.80478489398956D-02
  0.15620201002000D+02 -0.93750393286453D-13  0.47270254377452D-09  0.80478489398956D-02
  0.15830403012020D+02  0.79958747014326D-13  0.38779462974148D-09  0.80478489398956D-02
  0.16042707042140D+02 -0.57667985677355D-13  0.31876504213990D-09  0.80478191375732D-02
  0.16257134112562D+02  0.47025703710360D-13  0.25686278104509D-09  0.80478489398956D-02
  0.16473705453687D+02 -0.35770419909834D-13  0.20521044585831D-09  0.80478489398956D-02
  0.16692442508224D+02  0.22535832969619D-13  0.16043329165161D-09  0.80478489398956D-02
  0.16913366933306D+02 -0.77336583127764D-14  0.12524460635266D-09  0.80478191375732D-02
  0.17136500602639D+02  0.29500277087464D-15  0.92899299364291D-10  0.80478489398956D-02
  0.17361865608666D+02 -0.99326410146143D-15  0.70112103622844D-10  0.80478489398956D-02
  0.17589484264752D+02  0.36321601667744D-14  0.52087608531926D-10  0.80478489398956D-02
  0.17819379107400D+02 -0.52194436007353D-14  0.35384421087636D-10  0.80478191375732D-02
  0.18051572898474D+02  0.65002562123655D-14  0.25780141910126D-10  0.80478489398956D-02
  0.18286088627459D+02 -0.50113266258223D-14  0.15661690694335D-10  0.80478489398956D-02
  0.18522949513733D+02  0.11814176712217D-14  0.98296119507846D-11  0.80478489398956D-02
  0.18762179008871D+02  0.30751554082854D-15  0.64952982228861D-11  0.80478191375732D-02
  0.19003800798959D+02  0.14815840637913D-15  0.19164214486167D-11  0.80478489398956D-02
  0.19247838806949D+02  0.74828525998816D-15  0.17313821004065D-12  0.80478489398956D-02
  0.19494317195018D+02 -0.13373309419137D-14 -0.58408714063291D-12  0.80478489398956D-02
  0.19743260366969D+02  0.10547453966136D-14 -0.15117929694566D-11  0.80478191375732D-02
  0.19994692970638D+02 -0.56962583024571D-15 -0.15468781854391D-11  0.80478489398956D-02
  0.20248639900345D+02  0.11411390640587D-15 -0.23932119307124D-11  0.80478489398956D-02
  0.20505126299348D+02 -0.74718081262353D-17 -0.18156175347894D-11  0.80478489398956D-02
  0.20764177562342D+02  0.11060475626084D-15 -0.10052940467922D-11  0.80478191375732D-02
  0.21025819337965D+02 -0.70413154453698D-16 -0.19834821719106D-11  0.80478489398956D-02
  0.21290077531345D+02 -0.60195521320324D-16 -0.11836498578152D-11  0.80478489398956D-02
  0.21556978306658D+02  0.75711955771093D-16 -0.10545991163680D-11  0.80478489398956D-02
  0.21826548089725D+02 -0.21895613036677D-16 -0.23495373940689D-12  0.80478191375732D-02
  0.22098813570622D+02 -0.76785732844790D-16 -0.93252131277283D-12  0.80478489398956D-02
  0.22373801706328D+02  0.12257188057893D-15 -0.38211811102459D-12  0.80478489398956D-02
  0.22651539723391D+02 -0.10597920207406D-15 -0.30003744714430D-12  0.80478489398956D-02
  0.22932055120625D+02  0.70354730633201D-16 -0.47474074367851D-12  0.80478191375732D-02
  0.23215375671832D+02 -0.39058252608536D-16 -0.36629062277879D-13  0.80478489398956D-02
  0.23501529428550D+02  0.10719033271152D-16 -0.46927564983337D-14  0.80478489398956D-02
  0.23790544722835D+02 -0.14673875456361D-16 -0.41258186103676D-12  0.80478489398956D-02
  0.24082450170064D+02  0.15827779985493D-16  0.27662255624138D-12  0.80478191375732D-02
  0.24377274671764D+02 -0.10592770045065D-16 -0.15685776245597D-12  0.80478489398956D-02
  0.24675047418482D+02  0.27740167323967D-16 -0.23997074943480D-12  0.80478489398956D-02
  0.24975797892667D+02 -0.33891288223303D-16  0.26533785476950D-12  0.80478489398956D-02
  0.25279555871594D+02  0.46713596069508D-16 -0.13084117936237D-12  0.80478191375732D-02
  0.25586351430310D+02 -0.50136177009845D-16  0.48448454991780D-13  0.80478489398956D-02
  0.25896214944613D+02  0.18054635286184D-16 -0.12068999770930D-12  0.80478489398956D-02
  0.26209177094059D+02  0.18681129049185D-16  0.36056701786628D-13  0.80478489398956D-02
  0.26525268864999D+02 -0.58295714702424D-16  0.40631272624865D-13  0.80478191375732D-02
  0.26844521553649D+02  0.68150824383662D-16 -0.43180685942038D-13  0.80478489398956D-02
  0.27166966769186D+02 -0.49803301619189D-16  0.12452244910113D-12  0.80478489398956D-02
  0.27492636436878D+02  0.38567122469299D-16 -0.20063471554716D-12  0.80478489398956D-02
  0.27821562801246D+02 -0.18121984873495D-16  0.10047821271840D-12  0.80478191375732D-02
  0.28153778429259D+02 -0.11860603750113D-16  0.57781348607698D-13  0.80478489398956D-02
  0.28489316213551D+02  0.28314743756920D-16 -0.15181714392576D-12  0.80478489398956D-02
  0.28828209375687D+02 -0.16317247298158D-16  0.15341260163268D-12  0.80478489398956D-02
  0.29170491469444D+02  0.14599143668705D-16 -0.97161672154081D-13  0.80478191375732D-02
  0.29516196384138D+02 -0.29356828310237D-16  0.90424981955342D-13  0.80478489398956D-02
  0.29865358347980D+02  0.22174438045166D-16 -0.78653555023178D-13  0.80478489398956D-02
  0.30218011931459D+02 -0.27141791685703D-16  0.50401052282449D-14  0.80478489398956D-02
  0.30574192050774D+02  0.49179141946766D-16  0.33966526016534D-13  0.80478191375732D-02
  0.30933933971282D+02 -0.47360381087090D-16 -0.71359518839212D-14  0.80478489398956D-02
  0.31297273310995D+02  0.39053536723340D-16  0.20206306381798D-13  0.80478489398956D-02
  0.31664246044105D+02 -0.33170848166418D-16 -0.90442552806800D-13  0.80478489398956D-02
  0.32034888504546D+02  0.14903577228631D-16  0.74887280621452D-13  0.80478191375732D-02
  0.32409237389591D+02 -0.43140118728913D-17  0.37546304092065D-13  0.80478489398956D-02
  0.32787329763487D+02  0.11462624269504D-16 -0.85268983985188D-13  0.80478489398956D-02
  0.33169203061122D+02 -0.17086418736638D-16  0.54550287220288D-13  0.80478489398956D-02
  0.33554895091733D+02  0.10272073879413D-17 -0.41590249446428D-13  0.80478191375732D-02
  0.33944444042650D+02  0.13189222625686D-16  0.46104237100145D-13  0.80478489398956D-02
  0.34337888483077D+02  0.45324997880957D-17 -0.44572466106462D-13  0.80478489398956D-02
  0.34735267367908D+02 -0.37530022988267D-16  0.31761573893955D-13  0.80478489398956D-02
  0.35136620041587D+02  0.53811262254050D-16 -0.18832310521135D-13  0.80478191375732D-02
  0.35541986242003D+02 -0.40093294000942D-16  0.28052791006491D-13  0.80478489398956D-02
  0.35951406104423D+02  0.25745589813761D-16 -0.50872487103969D-13  0.80478489398956D-02
  0.36364920165467D+02 -0.35721378792715D-16  0.60407686069009D-13  0.80478489398956D-02
  0.36782569367122D+02  0.33213522838523D-16 -0.39100199586330D-13  0.80478191375732D-02
  0.37204395060793D+02 -0.11698553122841D-16 -0.10369827961815D-13  0.80478489398956D-02
  0.37630439011401D+02  0.11117859072559D-17  0.52038787097834D-13  0.80478489398956D-02
  0.38060743401515D+02  0.67101138702527D-17 -0.55532960635584D-13  0.80478489398956D-02
  0.38495350835530D+02 -0.70687362392504D-17  0.39380323546383D-13  0.80478191375732D-02
  0.38934304343885D+02  0.11291569930423D-17 -0.31436689324838D-13  0.80478489398956D-02
  0.39377647387324D+02 -0.27962027105605D-18  0.26643182492593D-13  0.80478489398956D-02
  0.39825423861197D+02  0.75693455334729D-19 -0.20673834687365D-13  0.80478489398956D-02
  0.40277678099809D+02 -0.20760641581227D-19  0.17344531030600D-13  0.80478191375732D-02
  0.40734454880807D+02  0.57044367275691D-20 -0.10539017710831D-13  0.80478489398956D-02
  0.41195799429615D+02 -0.15678130149461D-20  0.48956047955752D-14  0.80478489398956D-02
  0.41661757423912D+02  0.43091316914311D-21  0.21053154252354D-14  0.80478489398956D-02
  0.42132374998151D+02 -0.11843708789238D-21 -0.11243221421421D-13  0.80478191375732D-02
  0.42607698748132D+02  0.32552598470759D-22  0.56946236802143D-14  0.80478489398956D-02
  0.43087775735614D+02 -0.89471317229825D-23  0.12138129306129D-14  0.80478489398956D-02
  0.43572653492970D+02  0.24591348265419D-23  0.25721722454329D-14  0.80478489398956D-02
  0.44062380027899D+02 -0.67589759121531D-24 -0.84540362644070D-15  0.80478191375732D-02
  0.44557003828178D+02  0.18577162866385D-24  0.17099058076690D-15  0.80478489398956D-02
  0.45056573866460D+02 -0.51059554239429D-25 -0.47381307827687D-14  0.80478489398956D-02
  0.45561139605125D+02  0.14033823332592D-25  0.50353593026415D-14  0.80478489398956D-02
  0.46070751001176D+02 -0.38572156478953D-26 -0.30977600008525D-14  0.80478191375732D-02
  0.46585458511188D+02  0.10601622549311D-26 -0.34069383027264D-15  0.80478489398956D-02
  0.47105313096300D+02 -0.29138732022788D-27  0.24103542241565D-14  0.80478489398956D-02
  0.47630366227263D+02  0.80088166777658D-28  0.11215221265042D-14  0.80478489398956D-02
  0.48160669889535D+02 -0.22012383665019D-28 -0.53435662165436D-14  0.80478191375732D-02
  0.48696276588431D+02  0.60501390025620D-29  0.48948001142753D-14  0.80478489398956D-02
  0.49237239354315D+02 -0.16628905304021D-29 -0.14928302421196D-14  0.80478489398956D-02
  0.49783611747858D+02  0.45704819767851D-30 -0.43656239567142D-15  0.80478489398956D-02
  0.50335447865337D+02 -0.12562037326034D-30  0.81515216236687D-15  0.80478191375732D-02
  0.50892802343990D+02  0.34526956347017D-31 -0.22898938504618D-16  0.80478489398956D-02
  0.51455730367430D+02 -0.94897936007975D-32 -0.14308535825229D-14  0.80478489398956D-02
  0.52024287671104D+02  0.26082832560549D-32  0.15049567893090D-14  0.80478489398956D-02
  0.52598530547815D+02 -0.71688912504736D-33 -0.48817986879305D-15  0.80478191375732D-02
  0.53178515853293D+02  0.19703366840927D-33 -0.14821023580844D-14  0.80478489398956D-02
  0.53764301011826D+02 -0.54149055550297D-34  0.23134320556505D-14  0.80478489398956D-02
  0.54355944021945D+02  0.14888133513513D-34 -0.72227859959046D-15  0.80478489398956D-02
  0.54953503462164D+02 -0.40945533584946D-35 -0.65084297748791D-16  0.80478191375732D-02
  0.55557038496786D+02  0.11235848622970D-35 -0.59754833942605D-15  0.80478489398956D-02
  0.56166608881754D+02 -0.30788289515890D-36  0.85251017992860D-15  0.80478489398956D-02
  0.56782274970571D+02  0.84545446401289D-37 -0.58030698378469D-15  0.80478489398956D-02
  0.57404097720277D+02 -0.20481723731040D-37  0.33382738415550D-15  0.80478191375732D-02
  0.58032138697480D+02  0.91196744481738D-38 -0.61403885329923D-15  0.80478489398956D-02
  0.58666460084454D+02 -0.12029709716986D-38  0.61792228760416D-15  0.80478489398956D-02
  0.59307124685299D+02  0.14779225711417D-38 -0.58487519128791D-16  0.80478489398956D-02
  0.59954195932152D+02 -0.78486351765794D-39 -0.11066163186311D-15  0.80478191375732D-02
  0.60607737891473D+02  0.65232890388539D-39  0.12285144844317D-15  0.80478489398956D-02
  0.61267815270388D+02 -0.79816315834313D-39 -0.32931523964548D-15  0.80478489398956D-02
  0.61934493423092D+02 -0.88848988466338D-39  0.26690627560826D-15  0.80478489398956D-02
  0.62607838357323D+02 -0.11831138692867D-39  0.46111782125532D-16  0.80478191375732D-02
  0.63287916740896D+02  0.50307738064048D-39 -0.10793317330388D-17  0.80478489398956D-02
  0.63974795908305D+02 -0.43934993569061D-39 -0.20542751256580D-15  0.80478489398956D-02
  0.64668543867388D+02  0.28501868857289D-39  0.12334720094533D-15  0.80478489398956D-02
  0.65369229306062D+02  0.22267662286106D-39 -0.83177530307074D-16  0.80478191375732D-02
  0.66076921599123D+02 -0.37423711150271D-39  0.17069227958567D-15  0.80478489398956D-02
  0.66791690815114D+02  0.47850998881923D-39 -0.19951892836311D-15  0.80478489398956D-02
  0.67513607723265D+02 -0.37128163579489D-40  0.14752804606064D-15  0.80478489398956D-02
  0.68242743800498D+02 -0.56800548759665D-40 -0.54001225667271D-16  0.80478191375732D-02
  0.68979171238503D+02  0.29277681230592D-40  0.15482078136081D-16  0.80478489398956D-02
  0.69722962950888D+02 -0.90880878015464D-40  0.34098663732023D-17  0.80478489398956D-02
  0.70474192580397D+02  0.37682315274705D-40 -0.31597647581203D-16  0.80478489398956D-02
  0.71232934506201D+02 -0.64651031108562D-41  0.89482347258067D-16  0.80478191375732D-02
  0.71999263851263D+02 -0.39344770360354D-40 -0.12672853000099D-15  0.80478489398956D-02
  0.72773256489775D+02  0.15146813002577D-40  0.11077284464210D-15  0.80478489398956D-02
  0.73554989054673D+02 -0.15848738483185D-39 -0.77894122593906D-16  0.80478489398956D-02
  0.74344538945220D+02 -0.57631776302490D-40  0.21215884038423D-16  0.80478191375732D-02
  0.75141984334672D+02  0.10159447745631D-41  0.10198593495116D-16  0.80478489398956D-02
  0.75947404178019D+02  0.40914866830133D-40  0.11453602673830D-16  0.80478489398956D-02
  0.76760878219799D+02 -0.64651031108562D-41 -0.28842269256119D-16  0.80478191375732D-02
  0.77582487001997D+02 -0.28538812303637D-40  0.13980847894694D-16  0.80478191375732D-02
  0.78412311872017D+02  0.16809268088226D-40 -0.28508647462742D-17  0.80477893352509D-02
  0.79250434990737D+02  0.72963306536806D-41  0.89028653167743D-18  0.80478191375732D-02
  0.80096939340644D+02  0.23828522894299D-40  0.10552128834560D-16  0.80477595329285D-02
  0.80951908734051D+02  0.92358615869374D-41 -0.57217559487686D-17  0.80477893352509D-02
  0.81815427821391D+02  0.73886892695500D-42 -0.11062216376736D-16  0.80477595329285D-02
  0.82687582099605D+02 -0.20318895491262D-41  0.76568651689073D-17  0.80477893352509D-02
  0.83568457920601D+02  0.55415169521625D-42  0.18181665610390D-17  0.80477595329285D-02
  0.84458142499807D+02  0.46179307934687D-41 -0.33862971024186D-17  0.80477595329285D-02
  0.85356723924806D+02  0.00000000000000D+00  0.14950037220449D-16  0.80477297306061D-02
  0.86264291164054D+02  0.27707584760812D-42 -0.16223953928168D-15  0.80477297306061D-02
