 -0.86264291164054D+02  0.00000000000000D+00 -0.16902058529489D-20 -0.10425180196762D-01
 -0.85356723924806D+02  0.00000000000000D+00  0.15724460349257D-21 -0.10425180196762D-01
 -0.84458142499807D+02  0.00000000000000D+00 -0.32330580676269D-22 -0.10425180196762D-01
 -0.83568457920601D+02  0.00000000000000D+00  0.93230350680797D-23 -0.10425180196762D-01
 -0.82687582099605D+02  0.00000000000000D+00 -0.29466473248445D-23 -0.10425120592117D-01
 -0.81815427821391D+02  0.00000000000000D+00 -0.15902165783198D-23 -0.10425060987473D-01
 -0.80951908734051D+02  0.00000000000000D+00  0.32797209651078D-23 -0.10425180196762D-01
 -0.80096939340644D+02  0.00000000000000D+00  0.22832634240688D-23 -0.10425001382828D-01
 -0.79250434990737D+02  0.00000000000000D+00 -0.85236460252176D-23 -0.10425120592117D-01
 -0.78412311872017D+02  0.00000000000000D+00  0.65675380096859D-23 -0.10425120592117D-01
 -0.77582487001997D+02  0.00000000000000D+00  0.51935351892822D-23 -0.10424941778183D-01
 -0.76760878219799D+02  0.00000000000000D+00 -0.20310333143348D-22 -0.10425359010696D-01
 -0.75947404178019D+02  0.00000000000000D+00  0.28487089418408D-22 -0.10424822568893D-01
 -0.75141984334672D+02  0.00000000000000D+00 -0.31018294783216D-22 -0.10425537824631D-01
 -0.74344538945220D+02  0.00000000000000D+00  0.28601613089184D-22 -0.10424584150314D-01
 -0.73554989054673D+02  0.00000000000000D+00 -0.24171329224696D-23 -0.10425597429276D-01
 -0.72773256489775D+02  0.00000000000000D+00 -0.35138789814780D-22 -0.10424464941025D-01
 -0.71999263851263D+02  0.00000000000000D+00  0.55425651190754D-22 -0.10425657033920D-01
 -0.71232934506201D+02  0.00000000000000D+00 -0.59297879073671D-22 -0.10424584150314D-01
 -0.70474192580397D+02  0.00000000000000D+00  0.91777813207404D-22 -0.10425418615341D-01
 -0.69722962950888D+02  0.00000000000000D+00 -0.25834152087416D-21 -0.10424882173538D-01
 -0.68979171238503D+02  0.00000000000000D+00  0.65336647168461D-22 -0.10425120592117D-01
 -0.68242743800498D+02  0.00000000000000D+00  0.36029774128436D-21 -0.10425120592117D-01
 -0.67513607723265D+02  0.00000000000000D+00 -0.47896655426242D-21 -0.10424882173538D-01
 -0.66791690815114D+02  0.00000000000000D+00  0.78981475796228D-21 -0.10425359010696D-01
 -0.66076921599123D+02  0.00000000000000D+00 -0.57596408337483D-21 -0.10424584150314D-01
 -0.65369229306062D+02  0.00000000000000D+00 -0.14567940027540D-20 -0.10425597429276D-01
 -0.64668543867388D+02  0.00000000000000D+00  0.35423335224955D-20 -0.10424524545670D-01
 -0.63974795908305D+02  0.00000000000000D+00 -0.32049199671176D-20 -0.10425537824631D-01
 -0.63287916740896D+02  0.00000000000000D+00  0.26340413481434D-20 -0.10424703359604D-01
 -0.62607838357323D+02  0.00000000000000D+00 -0.88091130458105D-21 -0.10425359010696D-01
 -0.61934493423092D+02  0.00000000000000D+00 -0.60307388791703D-21 -0.10424703359604D-01
 -0.61267815270388D+02  0.00000000000000D+00 -0.30895626028930D-20 -0.10425418615341D-01
 -0.60607737891473D+02  0.00000000000000D+00  0.17812116742527D-20 -0.10424643754959D-01
 -0.59954195932152D+02  0.00000000000000D+00  0.14564647259013D-20 -0.10425478219986D-01
 -0.59307124685299D+02  0.00000000000000D+00  0.14485756523678D-19 -0.10424584150314D-01
 -0.58666460084454D+02  0.00000000000000D+00 -0.31676946181204D-19 -0.10425597429276D-01
 -0.58032138697480D+02  0.00000000000000D+00  0.26126422099305D-19 -0.10424345731735D-01
 -0.57404097720277D+02  0.00000000000000D+00  0.16969731435560D-19 -0.10425776243210D-01
 -0.56782274970571D+02  0.00000000000000D+00 -0.59974853097779D-19 -0.10424345731735D-01
 -0.56166608881754D+02  0.00000000000000D+00  0.65686968204810D-19 -0.10425776243210D-01
 -0.55557038496786D+02  0.00000000000000D+00 -0.10433832003250D-18 -0.10424286127090D-01
 -0.54953503462164D+02  0.00000000000000D+00  0.13544388474323D-18 -0.10425895452499D-01
 -0.54355944021945D+02  0.00000000000000D+00  0.28552142170314D-19 -0.10424047708511D-01
 -0.53764301011826D+02  0.00000000000000D+00 -0.24710865332104D-18 -0.10426253080368D-01
 -0.53178515853293D+02  0.00000000000000D+00  0.28440764885773D-18 -0.10423690080643D-01
 -0.52598530547815D+02  0.00000000000000D+00 -0.25394524938500D-18 -0.10426610708237D-01
 -0.52024287671104D+02  0.00000000000000D+00  0.15624851112471D-18 -0.10423392057419D-01
 -0.51455730367430D+02  0.00000000000000D+00  0.11507650086367D-18 -0.10426789522171D-01
 -0.50892802343990D+02  0.00000000000000D+00 -0.21297231823295D-18 -0.10423392057419D-01
 -0.50335447865337D+02  0.00000000000000D+00 -0.21390084139524D-18 -0.10426729917526D-01
 -0.49783611747858D+02  0.00000000000000D+00  0.87852350637904D-18 -0.10423451662064D-01
 -0.49237239354315D+02  0.00000000000000D+00 -0.36593185584457D-18 -0.10426849126816D-01
 -0.48696276588431D+02  0.00000000000000D+00 -0.51742251455875D-18 -0.10423213243484D-01
 -0.48160669889535D+02  0.00000000000000D+00  0.84283640151288D-18 -0.10427027940750D-01
 -0.47630366227263D+02  0.00000000000000D+00 -0.72606869111275D-18 -0.10423153638840D-01
 -0.47105313096300D+02  0.00000000000000D+00 -0.20651389105047D-17 -0.10427027940750D-01
 -0.46585458511188D+02  0.00000000000000D+00  0.26417948464514D-17 -0.10423153638840D-01
 -0.46070751001176D+02  0.00000000000000D+00  0.18195245848097D-17 -0.10427087545395D-01
 -0.45561139605125D+02  0.00000000000000D+00 -0.47854842754903D-17 -0.10423094034195D-01
 -0.45056573866460D+02  0.00000000000000D+00  0.59626119179900D-17 -0.10427147150040D-01
 -0.44557003828178D+02  0.00000000000000D+00 -0.35453763419217D-17 -0.10423094034195D-01
 -0.44062380027899D+02  0.00000000000000D+00  0.60750046701303D-18 -0.10427147150040D-01
 -0.43572653492970D+02  0.00000000000000D+00 -0.56787872246690D-17 -0.10423153638840D-01
 -0.43087775735614D+02  0.00000000000000D+00 -0.65451188126020D-18 -0.10426968336105D-01
 -0.42607698748132D+02  0.00000000000000D+00  0.16147705411919D-16 -0.10423332452774D-01
 -0.42132374998151D+02  0.00000000000000D+00 -0.14806312934656D-16 -0.10426789522171D-01
 -0.41661757423912D+02  0.00000000000000D+00  0.10673188991954D-17 -0.10423451662064D-01
 -0.41195799429615D+02  0.00000000000000D+00  0.16040327442242D-16 -0.10426729917526D-01
 -0.40734454880807D+02  0.00000000000000D+00 -0.13861211935520D-16 -0.10423570871353D-01
 -0.40277678099809D+02  0.00000000000000D+00 -0.25132867548222D-17 -0.10426670312881D-01
 -0.39825423861197D+02  0.00000000000000D+00  0.37536380862860D-16 -0.10423690080643D-01
 -0.39377647387324D+02  0.00000000000000D+00 -0.72234949889512D-16 -0.10426670312881D-01
 -0.38934304343885D+02  0.00000000000000D+00  0.83046756360952D-16 -0.10423630475998D-01
 -0.38495350835530D+02  0.00000000000000D+00 -0.11166533281838D-15 -0.10426729917526D-01
 -0.38060743401515D+02  0.00000000000000D+00  0.98577720871235D-16 -0.10423630475998D-01
 -0.37630439011401D+02  0.00000000000000D+00 -0.31283656438123D-16 -0.10426610708237D-01
 -0.37204395060793D+02  0.00000000000000D+00  0.61334026287598D-16 -0.10423749685287D-01
 -0.36782569367122D+02  0.00000000000000D+00 -0.44936093777298D-16 -0.10426431894302D-01
 -0.36364920165467D+02  0.00000000000000D+00 -0.37248429365463D-16 -0.10423988103867D-01
 -0.35951406104423D+02  0.00000000000000D+00 -0.11833528052664D-15 -0.10426253080368D-01
 -0.35541986242003D+02  0.00000000000000D+00  0.42249529599990D-15 -0.10424047708511D-01
 -0.35136620041587D+02  0.00000000000000D+00 -0.69987553104765D-15 -0.10426312685013D-01
 -0.34735267367908D+02  0.00000000000000D+00  0.87070799458609D-15 -0.10423868894577D-01
 -0.34337888483077D+02  0.00000000000000D+00 -0.97869723088317D-15 -0.10426551103592D-01
 -0.33944444042650D+02  0.00000000000000D+00  0.11500271145199D-14 -0.10423570871353D-01
 -0.33554895091733D+02  0.00000000000000D+00 -0.82369549549155D-15 -0.10426908731461D-01
 -0.33169203061122D+02  0.00000000000000D+00  0.58406315138929D-15 -0.10423213243484D-01
 -0.32787329763487D+02  0.00000000000000D+00 -0.17049858432646D-14 -0.10427147150040D-01
 -0.32409237389591D+02  0.00000000000000D+00  0.21788213679146D-14 -0.10422974824905D-01
 -0.32034888504546D+02  0.00000000000000D+00 -0.19030007587507D-14 -0.10427385568619D-01
 -0.31664246044105D+02  0.00000000000000D+00  0.22002445252165D-14 -0.10422796010971D-01
 -0.31297273310995D+02  0.00000000000000D+00 -0.24706500527486D-14 -0.10427623987198D-01
 -0.30933933971282D+02  0.00000000000000D+00  0.16850095241157D-14 -0.10422557592392D-01
 -0.30574192050774D+02  0.00000000000000D+00  0.20170685681751D-14 -0.10427743196487D-01
 -0.30218011931459D+02  0.00000000000000D+00 -0.54779331705489D-14 -0.10422557592392D-01
 -0.29865358347980D+02  0.00000000000000D+00  0.59481516527559D-14 -0.10427743196487D-01
 -0.29516196384138D+02  0.00000000000000D+00 -0.31374382004754D-14 -0.10422557592392D-01
 -0.29170491469444D+02  0.00000000000000D+00 -0.12892991569134D-15 -0.10427743196487D-01
 -0.28828209375687D+02  0.00000000000000D+00 -0.15739088711055D-14 -0.10422557592392D-01
 -0.28489316213551D+02  0.00000000000000D+00 -0.71002113287118D-15 -0.10427743196487D-01
 -0.28153778429259D+02  0.00000000000000D+00  0.55627207450526D-14 -0.10422557592392D-01
 -0.27821562801246D+02  0.00000000000000D+00  0.36890233028703D-14 -0.10427743196487D-01
 -0.27492636436878D+02  0.00000000000000D+00 -0.17545372706790D-13 -0.10422557592392D-01
 -0.27166966769186D+02  0.00000000000000D+00  0.22386919859671D-13 -0.10427743196487D-01
 -0.26844521553649D+02  0.00000000000000D+00 -0.15691481859530D-13 -0.10422557592392D-01
 -0.26525268864999D+02  0.00000000000000D+00 -0.70925808324065D-14 -0.10427743196487D-01
 -0.26209177094059D+02  0.00000000000000D+00  0.36012530712495D-13 -0.10422557592392D-01
 -0.25896214944613D+02  0.00000000000000D+00 -0.27124663124867D-13 -0.10427743196487D-01
 -0.25586351430310D+02  0.00000000000000D+00 -0.12915537203910D-13 -0.10422557592392D-01
 -0.25279555871594D+02  0.00000000000000D+00  0.35776737068770D-13 -0.10427743196487D-01
 -0.24975797892667D+02  0.00000000000000D+00 -0.31072282198402D-13 -0.10422557592392D-01
 -0.24675047418482D+02  0.00000000000000D+00 -0.13650782977950D-13 -0.10427743196487D-01
 -0.24377274671764D+02  0.00000000000000D+00  0.18720558076272D-13 -0.10422557592392D-01
 -0.24082450170064D+02  0.00000000000000D+00 -0.19206071855924D-14 -0.10427743196487D-01
 -0.23790544722835D+02  0.00000000000000D+00  0.77444134276034D-13 -0.10422557592392D-01
 -0.23501529428550D+02  0.00000000000000D+00 -0.10064659609205D-12 -0.10427743196487D-01
 -0.23215375671832D+02  0.00000000000000D+00  0.63136907540225D-13 -0.10422557592392D-01
 -0.22932055120625D+02  0.00000000000000D+00 -0.94916824779686D-13 -0.10427743196487D-01
 -0.22651539723391D+02  0.00000000000000D+00  0.53239236072001D-13 -0.10422557592392D-01
 -0.22373801706328D+02  0.00000000000000D+00 -0.11398064126377D-13 -0.10427743196487D-01
 -0.22098813570622D+02  0.00000000000000D+00  0.90017084769262D-13 -0.10422557592392D-01
 -0.21826548089725D+02  0.00000000000000D+00 -0.13395214841852D-12 -0.10427743196487D-01
 -0.21556978306658D+02  0.00000000000000D+00  0.81004911708493D-13 -0.10422557592392D-01
 -0.21290077531345D+02  0.00000000000000D+00  0.17582723471632D-12 -0.10427743196487D-01
 -0.21025819337965D+02  0.00000000000000D+00 -0.47057523893182D-12 -0.10422557592392D-01
 -0.20764177562342D+02  0.00000000000000D+00  0.57158802430762D-12 -0.10427743196487D-01
 -0.20505126299348D+02  0.00000000000000D+00 -0.47361821495923D-12 -0.10422557592392D-01
 -0.20248639900345D+02  0.00000000000000D+00  0.17012617443274D-12 -0.10427743196487D-01
 -0.19994692970638D+02  0.00000000000000D+00 -0.28708304722173D-13 -0.10422557592392D-01
 -0.19743260366969D+02  0.00000000000000D+00  0.32481257809282D-12 -0.10427743196487D-01
 -0.19494317195018D+02  0.00000000000000D+00 -0.57724034970355D-12 -0.10422557592392D-01
 -0.19247838806949D+02  0.00000000000000D+00  0.38428410301973D-12 -0.10427743196487D-01
 -0.19003800798959D+02  0.00000000000000D+00 -0.40180424092096D-12 -0.10422557592392D-01
 -0.18762179008871D+02  0.00000000000000D+00  0.37735480430505D-12 -0.10427743196487D-01
 -0.18522949513733D+02  0.00000000000000D+00  0.32505034362924D-12 -0.10422557592392D-01
 -0.18286088627459D+02  0.00000000000000D+00 -0.14899408475651D-12 -0.10427743196487D-01
 -0.18051572898474D+02  0.00000000000000D+00 -0.52454866622184D-12 -0.10422557592392D-01
 -0.17819379107400D+02  0.00000000000000D+00  0.31091405491845D-12 -0.10427743196487D-01
 -0.17589484264752D+02  0.00000000000000D+00 -0.98202011572426D-13 -0.10422557592392D-01
 -0.17361865608666D+02  0.00000000000000D+00  0.28762254622276D-12 -0.10427743196487D-01
 -0.17136500602639D+02  0.00000000000000D+00  0.14700408587903D-12 -0.10422557592392D-01
 -0.16913366933306D+02  0.00000000000000D+00 -0.17678815225977D-11 -0.10427743196487D-01
 -0.16692442508224D+02  0.00000000000000D+00  0.12551223081692D-11 -0.10422557592392D-01
 -0.16473705453687D+02  0.00000000000000D+00  0.16997562211907D-11 -0.10427743196487D-01
 -0.16257134112562D+02  0.00000000000000D+00 -0.32449743846835D-11 -0.10422557592392D-01
 -0.16042707042140D+02  0.00000000000000D+00  0.24883331072728D-11 -0.10427743196487D-01
 -0.15830403012020D+02  0.00000000000000D+00  0.11788441316857D-11 -0.10422557592392D-01
 -0.15620201002000D+02  0.00000000000000D+00 -0.57313160294059D-11 -0.10427743196487D-01
 -0.15412080200000D+02  0.00000000000000D+00  0.77885562582702D-11 -0.10422557592392D-01
 -0.15206020000000D+02  0.00000000000000D+00 -0.47919697723775D-11 -0.10427743196487D-01
 -0.15002000000000D+02  0.00000000000000D+00  0.10653562450627D-11 -0.10422557592392D-01
 -0.14800000000000D+02  0.00000000000000D+00 -0.81304120337286D-12 -0.10427743196487D-01
 -0.14600000000000D+02  0.00000000000000D+00 -0.22628240427258D-11 -0.10422557592392D-01
 -0.14400000000000D+02  0.00000000000000D+00  0.59852747757994D-11 -0.10427743196487D-01
 -0.14200000000000D+02  0.00000000000000D+00 -0.70682921321508D-11 -0.10422557592392D-01
 -0.14000000000000D+02  0.00000000000000D+00  0.23367362732285D-11 -0.10427743196487D-01
 -0.13800000000000D+02  0.00000000000000D+00  0.30100288581081D-11 -0.10422557592392D-01
 -0.13600000000000D+02  0.00000000000000D+00  0.41132323241877D-11 -0.10427743196487D-01
 -0.13400000000000D+02  0.00000000000000D+00 -0.11271724005557D-10 -0.10422557592392D-01
 -0.13200000000000D+02  0.00000000000000D+00  0.99916542053990D-11 -0.10427743196487D-01
 -0.13000000000000D+02  0.00000000000000D+00 -0.69383908340992D-11 -0.10422557592392D-01
 -0.12800000000000D+02  0.00000000000000D+00  0.17730171714483D-11 -0.10427743196487D-01
 -0.12600000000000D+02  0.00000000000000D+00  0.17305653438049D-11 -0.10422557592392D-01
 -0.12400000000000D+02  0.00000000000000D+00 -0.11205945026072D-12 -0.10427743196487D-01
 -0.12200000000000D+02  0.00000000000000D+00 -0.18577528838187D-11 -0.10422557592392D-01
 -0.12000000000000D+02  0.00000000000000D+00  0.98685762252998D-12 -0.10427743196487D-01
 -0.11800000000000D+02  0.00000000000000D+00  0.81390007580784D-11 -0.10422557592392D-01
 -0.11600000000000D+02  0.00000000000000D+00 -0.13081311207863D-10 -0.10427743196487D-01
 -0.11400000000000D+02  0.00000000000000D+00  0.20981424930788D-10 -0.10422557592392D-01
 -0.11200000000000D+02  0.00000000000000D+00 -0.44868466581027D-11 -0.10427743196487D-01
 -0.11000000000000D+02  0.00000000000000D+00 -0.14688335617241D-10 -0.10422557592392D-01
 -0.10800000000000D+02  0.00000000000000D+00  0.26112705747705D-11 -0.10427743196487D-01
 -0.10600000000000D+02  0.00000000000000D+00 -0.10665790299569D-10 -0.10422557592392D-01
 -0.10400000000000D+02  0.00000000000000D+00 -0.19812150184317D-10 -0.10427743196487D-01
 -0.10200000000000D+02  0.00000000000000D+00 -0.97958800793219D-10 -0.10422557592392D-01
 -0.10000000000000D+02  0.00000000000000D+00 -0.10078329143459D-09 -0.10427743196487D-01
 -0.98000000000000D+01  0.00000000000000D+00 -0.29676608392926D-09 -0.10422557592392D-01
 -0.96000000000000D+01  0.00000000000000D+00 -0.41773326464600D-09 -0.10427743196487D-01
 -0.94000000000000D+01  0.00000000000000D+00 -0.74787426251888D-09 -0.10422557592392D-01
 -0.92000000000000D+01  0.00000000000000D+00 -0.13351001415529D-08 -0.10427743196487D-01
 -0.90000000000000D+01  0.00000000000000D+00 -0.20193007266300D-08 -0.10422557592392D-01
 -0.88000000000000D+01  0.00000000000000D+00 -0.33143121580537D-08 -0.10427743196487D-01
 -0.86000000000000D+01  0.00000000000000D+00 -0.50884580993227D-08 -0.10422557592392D-01
 -0.84000000000000D+01  0.00000000000000D+00 -0.74817831929863D-08 -0.10427743196487D-01
 -0.82000000000000D+01  0.00000000000000D+00 -0.11154707380001D-07 -0.10422557592392D-01
 -0.80000000000000D+01  0.00000000000000D+00 -0.15828305777177D-07 -0.10427743196487D-01
 -0.78000000000000D+01  0.00000000000000D+00 -0.22181305681102D-07 -0.10422557592392D-01
 -0.76000000000000D+01  0.00000000000000D+00 -0.30348839885619D-07 -0.10427743196487D-01
 -0.74000000000000D+01  0.00000000000000D+00 -0.40214313656861D-07 -0.10422557592392D-01
 -0.72000000000000D+01  0.00000000000000D+00 -0.52309363951508D-07 -0.10427743196487D-01
 -0.70000000000000D+01  0.00000000000000D+00 -0.66088553296595D-07 -0.10422557592392D-01
 -0.68000000000000D+01  0.00000000000000D+00 -0.81030862020270D-07 -0.10427743196487D-01
 -0.66000000000000D+01  0.00000000000000D+00 -0.96622123635370D-07 -0.10422557592392D-01
 -0.64000000000000D+01  0.00000000000000D+00 -0.11098495633632D-06 -0.10427743196487D-01
 -0.62000000000000D+01  0.00000000000000D+00 -0.12257960690931D-06 -0.10422557592392D-01
 -0.60000000000000D+01  0.00000000000000D+00 -0.12902265211778D-06 -0.10427743196487D-01
 -0.58000000000000D+01  0.00000000000000D+00 -0.12730411924622D-06 -0.10422557592392D-01
 -0.56000000000000D+01  0.00000000000000D+00 -0.11410991618277D-06 -0.10427743196487D-01
 -0.54000000000000D+01  0.00000000000000D+00 -0.87393878800412D-07 -0.10422557592392D-01
 -0.52000000000000D+01  0.00000000000000D+00 -0.42955957013646D-07 -0.10427743196487D-01
 -0.50000000000000D+01  0.00000000000000D+00  0.20010878287735D-07 -0.10422676801682D-01
 -0.48000000000000D+01 -0.29148941984496D-04  0.10356293955738D-06 -0.10425776243210D-01
 -0.46000000000000D+01 -0.56310456106414D-04  0.20855125626440D-06 -0.10410755872726D-01
 -0.44000000000000D+01 -0.10599615267090D-04  0.42141749645452D-06 -0.10409206151962D-01
 -0.42000000000000D+01 -0.52998076335448D-04  0.19934826411827D-06 -0.10399609804153D-01
 -0.40000000000000D+01 -0.10798358053348D-03  0.17840467592123D-06 -0.10387569665909D-01
 -0.38000000000000D+01 -0.13647004656378D-03  0.44833885937123D-07 -0.10358422994614D-01
 -0.36000000000000D+01 -0.22656677633404D-03 -0.46575132728321D-06 -0.10328799486160D-01
 -0.34000000000000D+01 -0.38423605343200D-03 -0.14602313740397D-05 -0.10262697935104D-01
 -0.32000000000000D+01 -0.51739372022481D-03 -0.30838889415463D-05 -0.10177940130234D-01
 -0.30000000000000D+01 -0.76847210686400D-03 -0.59403005252534D-05 -0.10046869516373D-01
 -0.28000000000000D+01 -0.10864605648767D-02 -0.10461129932082D-04 -0.98666250705719D-02
 -0.26000000000000D+01 -0.14773213778506D-02 -0.17121672499343D-04 -0.96071660518646D-02
 -0.24000000000000D+01 -0.19470168293735D-02 -0.26568559405860D-04 -0.92708766460419D-02
 -0.22000000000000D+01 -0.25339705247886D-02 -0.39271784771699D-04 -0.88199079036713D-02
 -0.20000000000000D+01 -0.31593478255469D-02 -0.55489719670732D-04 -0.82553923130035D-02
 -0.18000000000000D+01 -0.38363982507322D-02 -0.75137199019082D-04 -0.75521171092987D-02
 -0.16000000000000D+01 -0.44637629793531D-02 -0.97597920102999D-04 -0.67245066165924D-02
 -0.14000000000000D+01 -0.49732069881276D-02 -0.12186349340482D-03 -0.57743489742279D-02
 -0.12000000000000D+01 -0.52978202056822D-02 -0.14656320854556D-03 -0.47477185726166D-02
 -0.10000000000000D+01 -0.53971915988112D-02 -0.16995909390971D-03 -0.36700665950775D-02
 -0.80000000000000D+00 -0.51971238606449D-02 -0.19049063848797D-03 -0.26089847087860D-02
 -0.60000000000000D+00 -0.46744303327865D-02 -0.20642513118219D-03 -0.16129314899445D-02
 -0.40000000000000D+00 -0.38681970965335D-02 -0.21660327911377D-03 -0.75814127922058D-03
 -0.20000000000000D+00 -0.28337408940610D-02 -0.21985742205288D-03 -0.80913305282593D-04
  0.00000000000000D+00 -0.16144539003686D-02 -0.21573167759925D-03  0.36308169364929D-03
  0.20000000000000D+00 -0.29811417938690D-03 -0.20385278912727D-03  0.55786967277527D-03
  0.40000000000000D+00  0.96522746525935D-03 -0.18472956435289D-03  0.48640370368958D-03
  0.60000000000000D+00  0.19337673102897D-02 -0.15942066966090D-03  0.18933415412903D-03
  0.80000000000000D+00  0.17701357496040D-02 -0.13300265709404D-03 -0.21395087242126D-03
  0.10000000000000D+01 -0.18410206767026D-02 -0.12051264639013D-03 -0.29358267784119D-03
  0.12000000000000D+01 -0.99603259712933D-02 -0.15170648111962D-03  0.86441636085510D-03
  0.14000000000000D+01 -0.11816252356965D-01 -0.21244527306408D-03  0.32527744770050D-02
  0.16000000000000D+01 -0.40556777915702D-02 -0.22376740525942D-03  0.48977434635162D-02
  0.18000000000000D+01  0.15293257402548D-02 -0.17679535085335D-03  0.50623714923859D-02
  0.20000000000000D+01  0.31769034383330D-02 -0.11653862020466D-03  0.45506060123444D-02
  0.22000000000000D+01  0.30205591131434D-02 -0.64819629187696D-04  0.39101541042328D-02
  0.24000000000000D+01  0.21590091347153D-02 -0.26936026188196D-04  0.33868253231049D-02
  0.26000000000000D+01  0.10225316352971D-02 -0.17141859416370D-05  0.30651390552521D-02
  0.28000000000000D+01 -0.18946812289923D-03  0.12792037523468D-04  0.29822885990143D-02
  0.30000000000000D+01 -0.13425075211723D-02  0.19103652448393D-04  0.31370818614960D-02
  0.32000000000000D+01 -0.23584143969274D-02  0.19435856302152D-04  0.35097897052765D-02
  0.34000000000000D+01 -0.31759097244017D-02  0.16048790712375D-04  0.40675103664398D-02
  0.36000000000000D+01 -0.37211274347026D-02  0.10818339433172D-04  0.47615468502045D-02
  0.38000000000000D+01 -0.40073170469141D-02  0.53821681831323D-05  0.55389702320099D-02
  0.40000000000000D+01 -0.40225539938605D-02  0.81940294194283D-06  0.63458979129791D-02
  0.42000000000000D+01 -0.38310984430987D-02 -0.22529436591867D-05  0.71345865726471D-02
  0.44000000000000D+01 -0.34442124858499D-02 -0.37704796795879D-05  0.78647434711456D-02
  0.46000000000000D+01 -0.29672297988309D-02 -0.40199997783930D-05  0.85066854953766D-02
  0.48000000000000D+01 -0.24312867518887D-02 -0.34666736610234D-05  0.90472996234894D-02
  0.50000000000000D+01 -0.19125680797555D-02 -0.25565809664840D-05  0.94805657863617D-02
  0.52000000000000D+01 -0.14514848156371D-02 -0.15910267165964D-05  0.98161995410919D-02
  0.54000000000000D+01 -0.10486994354877D-02 -0.78801775771353D-06  0.10065048933029D-01
  0.56000000000000D+01 -0.71149917480339D-03 -0.25922784629984D-06  0.10239869356155D-01
  0.58000000000000D+01 -0.47168287938549D-03 -0.87516127678100D-08  0.10356515645981D-01
  0.60000000000000D+01 -0.28685208816561D-03  0.29883153729315D-06  0.10431855916977D-01
  0.62000000000000D+01 -0.17489365190698D-03  0.35480525184539D-06  0.10476320981979D-01
  0.64000000000000D+01 -0.95396537403806D-04  0.42412381162649D-06  0.10503977537155D-01
  0.66000000000000D+01 -0.99371393128965D-05  0.28171447752356D-06  0.10513693094254D-01
  0.68000000000000D+01  0.23186658396759D-04  0.48971020305544D-06  0.10511785745621D-01
  0.70000000000000D+01  0.24511610305145D-04  0.11001448996240D-06  0.10506361722946D-01
  0.72000000000000D+01  0.18549326717407D-04 -0.41021774421779D-07  0.10502606630325D-01
  0.74000000000000D+01  0.40411033205779D-04  0.13204129345468D-06  0.10496646165848D-01
  0.76000000000000D+01  0.43060937022552D-04 -0.37817202147572D-09  0.10487943887711D-01
  0.78000000000000D+01  0.29148941984496D-04 -0.29821940472630D-07  0.10480433702469D-01
  0.80000000000000D+01  0.29148941984496D-04  0.91382039713039D-08  0.10475486516953D-01
  0.82000000000000D+01  0.58297883968993D-04  0.59303686406054D-08  0.10466188192368D-01
  0.84000000000000D+01  0.29148941984496D-04  0.37704177557885D-08  0.10456949472427D-01
  0.86000000000000D+01  0.29148941984496D-04  0.21051465015631D-08  0.10451823472977D-01
  0.88000000000000D+01  0.14574470992248D-04  0.13919603247814D-08  0.10446697473526D-01
  0.90000000000000D+01  0.14574470992248D-04  0.63743765821300D-09  0.10444849729538D-01
  0.92000000000000D+01  0.29148941984496D-04  0.36553693405494D-09  0.10439604520798D-01
  0.94000000000000D+01  0.00000000000000D+00  0.12339192168032D-09  0.10436624288559D-01
  0.96000000000000D+01  0.00000000000000D+00  0.71086456165936D-10  0.10437101125717D-01
  0.98000000000000D+01  0.00000000000000D+00 -0.18679457286508D-10  0.10436743497849D-01
  0.10000000000000D+02  0.00000000000000D+00  0.33219487249880D-06  0.10437220335007D-01
  0.10200000000000D+02  0.29148941984496D-04 -0.75671739707683D-10  0.10434478521347D-01
  0.10400000000000D+02  0.29148941984496D-04  0.46945957538069D-10  0.10427623987198D-01
  0.10600000000000D+02  0.00000000000000D+00  0.83626719060703D-06  0.10425001382828D-01
  0.10800000000000D+02  0.00000000000000D+00  0.25091108010744D-10  0.10425359010696D-01
  0.11000000000000D+02  0.00000000000000D+00 -0.64322735505995D-11  0.10425180196762D-01
  0.11200000000000D+02  0.00000000000000D+00 -0.21611427925006D-10  0.10425239801407D-01
  0.11400000000000D+02  0.00000000000000D+00  0.27439410119068D-10  0.10425180196762D-01
  0.11600000000000D+02  0.00000000000000D+00 -0.37006422232144D-10  0.10425239801407D-01
  0.11800000000000D+02  0.00000000000000D+00  0.15683539536515D-10  0.10425180196762D-01
  0.12000000000000D+02  0.00000000000000D+00  0.10927525377624D-10  0.10425180196762D-01
  0.12200000000000D+02  0.00000000000000D+00 -0.13077076747858D-10  0.10425180196762D-01
  0.12400000000000D+02  0.00000000000000D+00 -0.51201131008594D-11  0.10425180196762D-01
  0.12600000000000D+02  0.00000000000000D+00  0.59951787458046D-11  0.10425180196762D-01
  0.12800000000000D+02  0.00000000000000D+00 -0.50631113884814D-11  0.10425180196762D-01
  0.13000000000000D+02  0.00000000000000D+00  0.12504092379573D-10  0.10425180196762D-01
  0.13200000000000D+02  0.00000000000000D+00 -0.16626167456679D-10  0.10425180196762D-01
  0.13400000000000D+02  0.00000000000000D+00  0.13732871610717D-10  0.10425180196762D-01
  0.13600000000000D+02  0.00000000000000D+00 -0.75639954369433D-11  0.10425180196762D-01
  0.13800000000000D+02  0.00000000000000D+00  0.57563185988652D-11  0.10425180196762D-01
  0.14000000000000D+02  0.00000000000000D+00 -0.39116626604496D-11  0.10425180196762D-01
  0.14200000000000D+02  0.00000000000000D+00  0.88261272205778D-12  0.10425180196762D-01
  0.14400000000000D+02  0.00000000000000D+00  0.88068267956043D-12  0.10425180196762D-01
  0.14600000000000D+02  0.00000000000000D+00  0.70043217103091D-12  0.10425180196762D-01
  0.14800000000000D+02  0.00000000000000D+00 -0.40187172166417D-11  0.10425180196762D-01
  0.15002000000000D+02  0.00000000000000D+00  0.15822728327217D-11  0.10425180196762D-01
  0.15206020000000D+02  0.00000000000000D+00  0.26597480728280D-11  0.10425180196762D-01
  0.15412080200000D+02  0.00000000000000D+00 -0.23575115384172D-11  0.10425180196762D-01
  0.15620201002000D+02  0.00000000000000D+00 -0.16043088081966D-11  0.10425180196762D-01
  0.15830403012020D+02  0.00000000000000D+00  0.21813182770475D-11  0.10425180196762D-01
  0.16042707042140D+02  0.00000000000000D+00  0.23381134268280D-11  0.10425180196762D-01
  0.16257134112562D+02  0.00000000000000D+00 -0.34874713793903D-11  0.10425180196762D-01
  0.16473705453687D+02  0.00000000000000D+00  0.63565911432098D-12  0.10425180196762D-01
  0.16692442508224D+02  0.00000000000000D+00  0.12047440952831D-11  0.10425180196762D-01
  0.16913366933306D+02  0.00000000000000D+00 -0.40618398401693D-12  0.10425180196762D-01
  0.17136500602639D+02  0.00000000000000D+00 -0.11405176933085D-11  0.10425180196762D-01
  0.17361865608666D+02  0.00000000000000D+00  0.55404465737485D-13  0.10425180196762D-01
  0.17589484264752D+02  0.00000000000000D+00  0.22810449275962D-11  0.10425180196762D-01
  0.17819379107400D+02  0.00000000000000D+00 -0.28371402449601D-11  0.10425180196762D-01
  0.18051572898474D+02  0.00000000000000D+00  0.18689570290692D-11  0.10425180196762D-01
  0.18286088627459D+02  0.00000000000000D+00 -0.12531034153038D-11  0.10425180196762D-01
  0.18522949513733D+02  0.00000000000000D+00  0.11763601160883D-11  0.10425180196762D-01
  0.18762179008871D+02  0.00000000000000D+00 -0.55138147736847D-12  0.10425180196762D-01
  0.19003800798959D+02  0.00000000000000D+00 -0.48632484758032D-12  0.10425180196762D-01
  0.19247838806949D+02  0.00000000000000D+00  0.75276660989679D-12  0.10425180196762D-01
  0.19494317195018D+02  0.00000000000000D+00 -0.34834681254987D-12  0.10425180196762D-01
  0.19743260366969D+02  0.00000000000000D+00  0.22914610204976D-12  0.10425180196762D-01
  0.19994692970638D+02  0.00000000000000D+00 -0.20113515616493D-12  0.10425180196762D-01
  0.20248639900345D+02  0.00000000000000D+00 -0.42456635402461D-13  0.10425180196762D-01
  0.20505126299348D+02  0.00000000000000D+00  0.79042024661580D-13  0.10425180196762D-01
  0.20764177562342D+02  0.00000000000000D+00  0.22184522014551D-12  0.10425180196762D-01
  0.21025819337965D+02  0.00000000000000D+00 -0.19866333784199D-12  0.10425180196762D-01
  0.21290077531345D+02  0.00000000000000D+00  0.13740371958715D-13  0.10425180196762D-01
  0.21556978306658D+02  0.00000000000000D+00 -0.11880360790192D-12  0.10425180196762D-01
  0.21826548089725D+02  0.00000000000000D+00  0.93040789103053D-13  0.10425180196762D-01
  0.22098813570622D+02  0.00000000000000D+00  0.51562581786756D-13  0.10425180196762D-01
  0.22373801706328D+02  0.00000000000000D+00 -0.82796257642927D-13  0.10425180196762D-01
  0.22651539723391D+02  0.00000000000000D+00  0.55756858548597D-13  0.10425180196762D-01
  0.22932055120625D+02  0.00000000000000D+00  0.87077365446258D-13  0.10425180196762D-01
  0.23215375671832D+02  0.00000000000000D+00 -0.14005204602378D-12  0.10425180196762D-01
  0.23501529428550D+02  0.00000000000000D+00 -0.82536271044163D-14  0.10425180196762D-01
  0.23790544722835D+02  0.00000000000000D+00  0.60383176323647D-13  0.10425180196762D-01
  0.24082450170064D+02  0.00000000000000D+00 -0.39197083214837D-13  0.10425180196762D-01
  0.24377274671764D+02  0.00000000000000D+00  0.31073058080582D-13  0.10425180196762D-01
  0.24675047418482D+02  0.00000000000000D+00  0.49614219660822D-13  0.10425180196762D-01
  0.24975797892667D+02  0.00000000000000D+00 -0.73721797167348D-13  0.10425180196762D-01
  0.25279555871594D+02  0.00000000000000D+00 -0.47306197181090D-15  0.10425180196762D-01
  0.25586351430310D+02  0.00000000000000D+00  0.27461700922711D-13  0.10425180196762D-01
  0.25896214944613D+02  0.00000000000000D+00  0.18303833536332D-14  0.10425180196762D-01
  0.26209177094059D+02  0.00000000000000D+00 -0.23439487045643D-13  0.10425180196762D-01
  0.26525268864999D+02  0.00000000000000D+00  0.24642099341957D-13  0.10425180196762D-01
  0.26844521553649D+02  0.00000000000000D+00 -0.14545786789139D-13  0.10425180196762D-01
  0.27166966769186D+02  0.00000000000000D+00 -0.12299522963899D-14  0.10425180196762D-01
  0.27492636436878D+02  0.00000000000000D+00  0.96215717617048D-14  0.10425180196762D-01
  0.27821562801246D+02  0.00000000000000D+00 -0.60790317956338D-14  0.10425180196762D-01
  0.28153778429259D+02  0.00000000000000D+00  0.17632874386615D-14  0.10425180196762D-01
  0.28489316213551D+02  0.00000000000000D+00 -0.40390990553552D-14  0.10425180196762D-01
  0.28828209375687D+02  0.00000000000000D+00  0.74127453104250D-14  0.10425180196762D-01
  0.29170491469444D+02  0.00000000000000D+00 -0.10675437449184D-13  0.10425180196762D-01
  0.29516196384138D+02  0.00000000000000D+00  0.12676708641135D-13  0.10425180196762D-01
  0.29865358347980D+02  0.00000000000000D+00 -0.81234491518516D-14  0.10425180196762D-01
  0.30218011931459D+02  0.00000000000000D+00  0.34543047557138D-14  0.10425180196762D-01
  0.30574192050774D+02  0.00000000000000D+00 -0.42650446705188D-14  0.10425180196762D-01
  0.30933933971282D+02  0.00000000000000D+00  0.28595925472929D-14  0.10425180196762D-01
  0.31297273310995D+02  0.00000000000000D+00 -0.11349492927840D-14  0.10425180196762D-01
  0.31664246044105D+02  0.00000000000000D+00  0.71995952925999D-15  0.10425180196762D-01
  0.32034888504546D+02  0.00000000000000D+00  0.33464376509798D-15  0.10425180196762D-01
  0.32409237389591D+02  0.00000000000000D+00 -0.27512458630921D-15  0.10425180196762D-01
  0.32787329763487D+02  0.00000000000000D+00  0.16865839466064D-15  0.10425180196762D-01
  0.33169203061122D+02  0.00000000000000D+00 -0.65044205297118D-15  0.10425180196762D-01
  0.33554895091733D+02  0.00000000000000D+00  0.23946296398259D-15  0.10425180196762D-01
  0.33944444042650D+02  0.00000000000000D+00  0.27388331246457D-15  0.10425180196762D-01
  0.34337888483077D+02  0.00000000000000D+00  0.86352097296820D-17  0.10425180196762D-01
  0.34735267367908D+02  0.00000000000000D+00 -0.96464936150652D-16  0.10425180196762D-01
  0.35136620041587D+02  0.00000000000000D+00 -0.10135761021223D-15  0.10425180196762D-01
  0.35541986242003D+02  0.00000000000000D+00  0.56012467681090D-15  0.10425180196762D-01
  0.35951406104423D+02  0.00000000000000D+00 -0.64825988434081D-15  0.10425180196762D-01
  0.36364920165467D+02  0.00000000000000D+00  0.26869727383567D-15  0.10425180196762D-01
  0.36782569367122D+02  0.00000000000000D+00 -0.53016215685120D-16  0.10425180196762D-01
  0.37204395060793D+02  0.00000000000000D+00  0.28713877590161D-16  0.10425180196762D-01
  0.37630439011401D+02  0.00000000000000D+00  0.12616233976095D-16  0.10425180196762D-01
  0.38060743401515D+02  0.00000000000000D+00 -0.14317708927350D-15  0.10425180196762D-01
  0.38495350835530D+02  0.00000000000000D+00  0.11456724122589D-15  0.10425180196762D-01
  0.38934304343885D+02  0.00000000000000D+00  0.84223549822484D-16  0.10425180196762D-01
  0.39377647387324D+02  0.00000000000000D+00 -0.17774889783436D-15  0.10425180196762D-01
  0.39825423861197D+02  0.00000000000000D+00  0.89988588410395D-16  0.10425180196762D-01
  0.40277678099809D+02  0.00000000000000D+00  0.22410485044183D-16  0.10425180196762D-01
  0.40734454880807D+02  0.00000000000000D+00 -0.47454584118559D-16  0.10425180196762D-01
  0.41195799429615D+02  0.00000000000000D+00  0.19318470679570D-16  0.10425180196762D-01
  0.41661757423912D+02  0.00000000000000D+00 -0.41805373150282D-17  0.10425180196762D-01
  0.42132374998151D+02  0.00000000000000D+00 -0.21665779301785D-17  0.10425180196762D-01
  0.42607698748132D+02  0.00000000000000D+00  0.47483298039162D-17  0.10425180196762D-01
  0.43087775735614D+02  0.00000000000000D+00  0.99050717634744D-17  0.10425180196762D-01
  0.43572653492970D+02  0.00000000000000D+00 -0.11681825940736D-16  0.10425180196762D-01
  0.44062380027899D+02  0.00000000000000D+00 -0.15300290514017D-17  0.10425180196762D-01
  0.44557003828178D+02  0.00000000000000D+00  0.99662219174380D-17  0.10425180196762D-01
  0.45056573866460D+02  0.00000000000000D+00 -0.15144145077351D-16  0.10425180196762D-01
  0.45561139605125D+02  0.00000000000000D+00  0.10430200757909D-16  0.10425180196762D-01
  0.46070751001176D+02  0.00000000000000D+00 -0.31250550602057D-17  0.10425180196762D-01
  0.46585458511188D+02  0.00000000000000D+00  0.35098282550972D-17  0.10425180196762D-01
  0.47105313096300D+02  0.00000000000000D+00 -0.14138890676889D-17  0.10425180196762D-01
  0.47630366227263D+02  0.00000000000000D+00  0.35143554145897D-18  0.10425180196762D-01
  0.48160669889535D+02  0.00000000000000D+00 -0.14893395200823D-17  0.10425180196762D-01
  0.48696276588431D+02  0.00000000000000D+00  0.55404267915587D-18  0.10425180196762D-01
  0.49237239354315D+02  0.00000000000000D+00  0.17711521805739D-19  0.10425180196762D-01
  0.49783611747858D+02  0.00000000000000D+00 -0.40565208658239D-18  0.10425180196762D-01
  0.50335447865337D+02  0.00000000000000D+00  0.90505439394849D-18  0.10425180196762D-01
  0.50892802343990D+02  0.00000000000000D+00 -0.60470087422985D-18  0.10425180196762D-01
  0.51455730367430D+02  0.00000000000000D+00 -0.13309955148968D-18  0.10425180196762D-01
  0.52024287671104D+02  0.00000000000000D+00  0.26823836168324D-18  0.10425180196762D-01
  0.52598530547815D+02  0.00000000000000D+00  0.26083044230995D-18  0.10425180196762D-01
  0.53178515853293D+02  0.00000000000000D+00 -0.36218578749487D-18  0.10425180196762D-01
  0.53764301011826D+02  0.00000000000000D+00 -0.13801043231353D-19  0.10425180196762D-01
  0.54355944021945D+02  0.00000000000000D+00  0.10036418247827D-18  0.10425180196762D-01
  0.54953503462164D+02  0.00000000000000D+00  0.94005063498211D-19  0.10425180196762D-01
  0.55557038496786D+02  0.00000000000000D+00 -0.12517682850734D-18  0.10425180196762D-01
  0.56166608881754D+02  0.00000000000000D+00  0.75192632151824D-20  0.10425180196762D-01
  0.56782274970571D+02  0.00000000000000D+00  0.14142037129768D-19  0.10425180196762D-01
  0.57404097720277D+02  0.00000000000000D+00  0.60569499022977D-19  0.10425180196762D-01
  0.58032138697480D+02  0.00000000000000D+00 -0.83520400600085D-19  0.10425180196762D-01
  0.58666460084454D+02  0.00000000000000D+00  0.62009575232992D-19  0.10425180196762D-01
  0.59307124685299D+02  0.00000000000000D+00 -0.45775486858566D-19  0.10425180196762D-01
  0.59954195932152D+02  0.00000000000000D+00  0.18668837961927D-19  0.10425180196762D-01
  0.60607737891473D+02  0.00000000000000D+00  0.99963331076549D-20  0.10425180196762D-01
  0.61267815270388D+02  0.00000000000000D+00 -0.12958650250347D-19  0.10425180196762D-01
  0.61934493423092D+02  0.00000000000000D+00  0.48496145285564D-20  0.10425180196762D-01
  0.62607838357323D+02  0.00000000000000D+00 -0.60317396344256D-20  0.10425180196762D-01
  0.63287916740896D+02  0.00000000000000D+00  0.64474302039762D-20  0.10425180196762D-01
  0.63974795908305D+02  0.00000000000000D+00 -0.26738041786828D-20  0.10425180196762D-01
  0.64668543867388D+02  0.00000000000000D+00  0.75399987964185D-22  0.10425180196762D-01
  0.65369229306062D+02  0.00000000000000D+00 -0.83122467958465D-21  0.10425180196762D-01
  0.66076921599123D+02  0.00000000000000D+00  0.22830501965439D-20  0.10425180196762D-01
  0.66791690815114D+02  0.00000000000000D+00 -0.19876439261310D-20  0.10425180196762D-01
  0.67513607723265D+02  0.00000000000000D+00  0.99858885387826D-21  0.10425180196762D-01
  0.68242743800498D+02  0.00000000000000D+00 -0.59335401084856D-21  0.10425180196762D-01
  0.68979171238503D+02  0.00000000000000D+00  0.17864536486570D-21  0.10425180196762D-01
  0.69722962950888D+02  0.00000000000000D+00  0.61579700262790D-22  0.10425180196762D-01
  0.70474192580397D+02  0.00000000000000D+00  0.12439778592903D-21  0.10425180196762D-01
  0.71232934506201D+02  0.00000000000000D+00 -0.89812299997730D-22  0.10425180196762D-01
  0.71999263851263D+02  0.00000000000000D+00 -0.25284494003497D-22  0.10425180196762D-01
  0.72773256489775D+02  0.00000000000000D+00  0.39200984870005D-22  0.10425180196762D-01
  0.73554989054673D+02  0.00000000000000D+00 -0.11727235404869D-22  0.10425180196762D-01
  0.74344538945220D+02  0.00000000000000D+00 -0.30397827282267D-22  0.10425180196762D-01
  0.75141984334672D+02  0.00000000000000D+00  0.38598815786614D-22  0.10425180196762D-01
  0.75947404178019D+02  0.00000000000000D+00 -0.16819084056886D-22  0.10425180196762D-01
  0.76760878219799D+02  0.00000000000000D+00  0.11323340987979D-22  0.10425180196762D-01
  0.77582487001997D+02  0.00000000000000D+00 -0.76168914354331D-23  0.10425180196762D-01
  0.78412311872017D+02  0.00000000000000D+00  0.37350512823861D-23  0.10425180196762D-01
  0.79250434990737D+02  0.00000000000000D+00 -0.16992878397345D-23  0.10425180196762D-01
  0.80096939340644D+02  0.00000000000000D+00  0.68016376109061D-25  0.10425180196762D-01
  0.80951908734051D+02  0.00000000000000D+00 -0.18201105648391D-23  0.10425180196762D-01
  0.81815427821391D+02  0.00000000000000D+00  0.14099972616099D-23  0.10425180196762D-01
  0.82687582099605D+02  0.00000000000000D+00 -0.23910768467701D-23  0.10425180196762D-01
  0.83568457920601D+02  0.00000000000000D+00  0.98785935160252D-23  0.10425180196762D-01
  0.84458142499807D+02  0.00000000000000D+00 -0.37360884767043D-22  0.10425120592117D-01
  0.85356723924806D+02  0.00000000000000D+00  0.18437201541018D-21  0.10425120592117D-01
  0.86264291164054D+02  0.00000000000000D+00 -0.19844525356964D-20  0.10425180196762D-01
