 -0.86264291164054D+02  0.31234724247042D-05 -0.80890766342614D-16  0.10000000000000D+01
 -0.85356723924806D+02  0.59351685877118D-06  0.67932658619351D-17  0.10001049041748D+01
 -0.84458142499807D+02  0.13316268976382D-07 -0.19809079359091D-17  0.10001049041748D+01
 -0.83568457920601D+02 -0.36416743398604D-07 -0.89434085405228D-18  0.10001049041748D+01
 -0.82687582099605D+02  0.30635622039199D-07  0.50080107495181D-17  0.10001049041748D+01
 -0.81815427821391D+02 -0.24052228653204D-07 -0.26734940618857D-17  0.10001049041748D+01
 -0.80951908734051D+02  0.18959585901257D-07  0.85719816980196D-18  0.10001049041748D+01
 -0.80096939340644D+02 -0.15174924428152D-07 -0.38093114774139D-17  0.10001049041748D+01
 -0.79250434990737D+02  0.12304536944896D-07 -0.15201542726466D-17  0.10001049041748D+01
 -0.78412311872017D+02 -0.10061609323486D-07  0.57791655920023D-17  0.10001049041748D+01
 -0.77582487001997D+02  0.82682385382782D-08 -0.12285215113310D-17  0.10001049041748D+01
 -0.76760878219799D+02 -0.68133965136496D-08  0.17701181207976D-17  0.10001049041748D+01
 -0.75947404178019D+02  0.56221196587103D-08  0.18500543736529D-17  0.10001049041748D+01
 -0.75141984334672D+02 -0.46432799827301D-08 -0.14267230850854D-17  0.10001049041748D+01
 -0.74344538945220D+02  0.38356482434665D-08  0.32222795946585D-17  0.10001049041748D+01
 -0.73554989054673D+02 -0.31697926505814D-08 -0.66889455653927D-17  0.10001049041748D+01
 -0.72773256489775D+02  0.26191842028567D-08  0.97734499572243D-17  0.10001049041748D+01
 -0.71999263851263D+02 -0.21648753900649D-08 -0.30038925392111D-17  0.10001049041748D+01
 -0.71232934506201D+02  0.17889630887780D-08 -0.29119156385643D-17  0.10001049041748D+01
 -0.70474192580397D+02 -0.14786647462017D-08  0.26344219788566D-17  0.10001049041748D+01
 -0.69722962950888D+02  0.12220083833725D-08 -0.28543033360806D-17  0.10001049041748D+01
 -0.68979171238503D+02 -0.10099873160030D-08  0.71349075849415D-17  0.10001049041748D+01
 -0.68242743800498D+02  0.83473433720727D-09  0.59796700365821D-17  0.10001049041748D+01
 -0.67513607723265D+02 -0.68986971690776D-09 -0.11094512816573D-16  0.10001049041748D+01
 -0.66791690815114D+02  0.57020027588450D-09  0.83195228663460D-17  0.10001049041748D+01
 -0.66076921599123D+02 -0.47121684332296D-09 -0.75436903174978D-17  0.10001049041748D+01
 -0.65369229306062D+02  0.38949501957042D-09  0.43013896432931D-17  0.10001049041748D+01
 -0.64668543867388D+02 -0.32187333354194D-09 -0.51700866575853D-18  0.10001049041748D+01
 -0.63974795908305D+02  0.26605073699670D-09 -0.24285019828064D-17  0.10001049041748D+01
 -0.63287916740896D+02 -0.21986590326151D-09  0.18405728158815D-17  0.10001049041748D+01
 -0.62607838357323D+02  0.18172796600879D-09  0.29550677899648D-17  0.10001049041748D+01
 -0.61934493423092D+02 -0.15018404575518D-09  0.17929882171687D-17  0.10001049041748D+01
 -0.61267815270388D+02  0.12413413352785D-09 -0.26931158199912D-17  0.10001049041748D+01
 -0.60607737891473D+02 -0.10258438543076D-09  0.73937969186971D-17  0.10001049041748D+01
 -0.59954195932152D+02  0.84792804722067D-10  0.11672178119662D-17  0.10001049041748D+01
 -0.59307124685299D+02 -0.70071871915989D-10 -0.13321664149033D-17  0.10001049041748D+01
 -0.58666460084454D+02  0.57919963963871D-10  0.30227071758339D-17  0.10001049041748D+01
 -0.58032138697480D+02 -0.47863133595394D-10  0.48035226031082D-17  0.10001049041748D+01
 -0.57404097720277D+02  0.39564098525124D-10 -0.58036005072971D-17  0.10001049041748D+01
 -0.56782274970571D+02 -0.32694045387638D-10 -0.57346070267653D-17  0.10001049041748D+01
 -0.56166608881754D+02  0.27025196316921D-10  0.55117902123425D-17  0.10001049041748D+01
 -0.55557038496786D+02 -0.22332084098631D-10 -0.13311399044426D-16  0.10001049041748D+01
 -0.54953503462164D+02  0.18460491815753D-10  0.66991153374337D-17  0.10001049041748D+01
 -0.54355944021945D+02 -0.15254025473310D-10 -0.10091394196452D-16  0.10001049041748D+01
 -0.53764301011826D+02  0.12610311232730D-10  0.84119966957458D-17  0.10001049041748D+01
 -0.53178515853293D+02 -0.10419064049028D-10 -0.12484502154823D-16  0.10001049041748D+01
 -0.52598530547815D+02  0.86140634555920D-11  0.75528339719890D-17  0.10001049041748D+01
 -0.52024287671104D+02 -0.71167746175382D-11  0.97969998668119D-19  0.10001049041748D+01
 -0.51455730367430D+02  0.58841620811934D-11 -0.87271721546680D-18  0.10001049041748D+01
 -0.50892802343990D+02 -0.48612420512628D-11  0.27368391396047D-17  0.10001049041748D+01
 -0.50335447865337D+02  0.40192571493236D-11 -0.18494803103078D-17  0.10001049041748D+01
 -0.49783611747858D+02 -0.33206100629596D-11  0.35355870729624D-17  0.10001049041748D+01
 -0.49237239354315D+02  0.27454813596173D-11  0.35989801271570D-17  0.10001049041748D+01
 -0.48696276588431D+02 -0.22681147324871D-11 -0.89701434315108D-17  0.10001049041748D+01
 -0.48160669889535D+02  0.18754080319955D-11 -0.73558888855850D-17  0.10001049041748D+01
 -0.47630366227263D+02 -0.15493142793005D-11  0.74896663245114D-17  0.10001049041748D+01
 -0.47105313096300D+02  0.12810320295861D-11 -0.11185881532674D-16  0.10001049041748D+01
 -0.46585458511188D+02 -0.10582479987795D-11 -0.33242397381181D-17  0.10001049041748D+01
 -0.46070751001176D+02  0.87498741975847D-12  0.92790846369514D-17  0.10001049041748D+01
 -0.45561139605125D+02 -0.72284279256651D-12 -0.74197323396231D-17  0.10001049041748D+01
 -0.45056573866460D+02  0.59773426442852D-12 -0.11414367015835D-16  0.10001049041748D+01
 -0.44557003828178D+02 -0.49378285748441D-12  0.59334674498776D-17  0.10001049041748D+01
 -0.44062380027899D+02  0.40830031955257D-12 -0.85019261175813D-17  0.10001049041748D+01
 -0.43572653492970D+02 -0.33727149762255D-12 -0.45418448435077D-17  0.10001049041748D+01
 -0.43087775735614D+02  0.27881917694789D-12  0.25042558864075D-16  0.10001049041748D+01
 -0.42607698748132D+02 -0.23032739452679D-12 -0.20227204683076D-16  0.10001049041748D+01
 -0.42132374998151D+02  0.19049360342176D-12  0.33215048722179D-17  0.10001049041748D+01
 -0.41661757423912D+02 -0.15740822545147D-12  0.20432204854285D-17  0.10001049041748D+01
 -0.41195799429615D+02  0.13015528596300D-12 -0.16783458232754D-16  0.10001049041748D+01
 -0.40734454880807D+02 -0.10751339055148D-12  0.12727842561014D-17  0.10001049041748D+01
 -0.40277678099809D+02  0.88933323053909D-13 -0.81616281494801D-17  0.10001049041748D+01
 -0.39825423861197D+02 -0.73478827460494D-13  0.70932242995137D-17  0.10001049041748D+01
 -0.39377647387324D+02  0.60716128034554D-13 -0.30994354154785D-17  0.10001049041748D+01
 -0.38934304343885D+02 -0.50192495830177D-13  0.17181590187743D-16  0.10001049041748D+01
 -0.38495350835530D+02  0.41437905488667D-13  0.12305412589122D-16  0.10001049041748D+01
 -0.38060743401515D+02 -0.34233456591400D-13 -0.48742167669795D-17  0.10001049041748D+01
 -0.37630439011401D+02  0.28323909312248D-13 -0.10576022773735D-16  0.10001049041748D+01
 -0.37204395060793D+02 -0.23415986963554D-13  0.14179629322058D-16  0.10001049041748D+01
 -0.36782569367122D+02  0.19373500199926D-13 -0.11049264382705D-16  0.10001049041748D+01
 -0.36364920165467D+02 -0.16011392651180D-13  0.10334750732665D-16  0.10001049041748D+01
 -0.35951406104423D+02  0.13213834255846D-13  0.32367029362044D-17  0.10001049041748D+01
 -0.35541986242003D+02 -0.10878217983790D-13 -0.22157122931280D-16  0.10001049041748D+01
 -0.35136620041587D+02  0.90024694513260D-14  0.18751597188342D-16  0.10001049041748D+01
 -0.34735267367908D+02 -0.74478709197147D-14 -0.15203923765859D-16  0.10001049041748D+01
 -0.34337888483077D+02  0.62019676164995D-14  0.65887471098426D-17  0.10001049041748D+01
 -0.33944444042650D+02 -0.51225863320333D-14  0.63322661124404D-17  0.10001049041748D+01
 -0.33554895091733D+02  0.42368316971117D-14 -0.14078124334730D-16  0.10001049041748D+01
 -0.33169203061122D+02 -0.34446985550590D-14 -0.13113066776135D-16  0.10001049041748D+01
 -0.32787329763487D+02  0.29026317736506D-14  0.48225171515143D-17  0.10001049041748D+01
 -0.32409237389591D+02 -0.23793591710341D-14 -0.29778243557968D-17  0.10001049041748D+01
 -0.32034888504546D+02  0.19652475159786D-14  0.54819289922293D-17  0.10001049041748D+01
 -0.31664246044105D+02 -0.16057791210207D-14  0.11594741193027D-16  0.10001049041748D+01
 -0.31297273310995D+02  0.12990144924695D-14 -0.51621475848612D-17  0.10001049041748D+01
 -0.30933933971282D+02 -0.11249311164795D-14  0.19985146820424D-16  0.10001049041748D+01
 -0.30574192050774D+02  0.92218393379619D-15 -0.99703627835844D-17  0.10001049041748D+01
 -0.30218011931459D+02 -0.78159239935929D-15  0.15355137344918D-16  0.10001049041748D+01
 -0.29865358347980D+02  0.72017292862314D-15 -0.31424373095208D-16  0.10001049041748D+01
 -0.29516196384138D+02 -0.63098390622773D-15  0.40044101312545D-16  0.10001049041748D+01
 -0.29170491469444D+02  0.52483585486019D-15 -0.39082665977852D-16  0.10001049041748D+01
 -0.28828209375687D+02 -0.35121821464228D-15  0.14440406281971D-16  0.10001049041748D+01
 -0.28489316213551D+02  0.33690693125392D-15 -0.40046596089273D-16  0.10001049041748D+01
 -0.28153778429259D+02 -0.30287433857333D-15  0.30093313758157D-16  0.10001049041748D+01
 -0.27821562801246D+02  0.28102078265505D-15 -0.23459138302663D-16  0.10001049041748D+01
 -0.27492636436878D+02 -0.26748741961941D-15  0.24738254005968D-16  0.10001049041748D+01
 -0.27166966769186D+02  0.21660153150131D-15 -0.74058621751118D-17  0.10001049041748D+01
 -0.26844521553649D+02 -0.14014228933749D-15 -0.12500128423775D-16  0.10001049041748D+01
 -0.26525268864999D+02  0.15786440235087D-15 -0.55862807216350D-17  0.10001049041748D+01
 -0.26209177094059D+02 -0.19730756356584D-15  0.20014695366266D-16  0.10001049041748D+01
 -0.25896214944613D+02  0.24766552516468D-15 -0.37265280688902D-16  0.10001049041748D+01
 -0.25586351430310D+02 -0.26008297523187D-15  0.41098170949677D-16  0.10001049041748D+01
 -0.25279555871594D+02  0.27573736170699D-15 -0.22973328511466D-16  0.10001049041748D+01
 -0.24975797892667D+02 -0.33468643438270D-15  0.10990170599744D-16  0.10001049041748D+01
 -0.24675047418482D+02  0.32607605330628D-15  0.11407704903181D-16  0.10001049041748D+01
 -0.24377274671764D+02 -0.41350340599008D-15  0.50499124106276D-17  0.10001049041748D+01
 -0.24082450170064D+02  0.51812846564868D-15 -0.21398705429458D-17  0.10001049041748D+01
 -0.23790544722835D+02 -0.58767135292592D-15  0.93932386634110D-18  0.10001049041748D+01
 -0.23501529428550D+02  0.65214225985455D-15  0.27825085256863D-16  0.10001049041748D+01
 -0.23215375671832D+02 -0.78529303336629D-15 -0.43977199541447D-16  0.10001049041748D+01
 -0.22932055120625D+02  0.10043250597353D-14  0.42262073628543D-16  0.10001049041748D+01
 -0.22651539723391D+02 -0.13131769892267D-14 -0.18942229232311D-16  0.10001049041748D+01
 -0.22373801706328D+02  0.17208705697618D-14 -0.32906955376866D-16  0.10001049041748D+01
 -0.22098813570622D+02 -0.20736609569635D-14  0.49864217491207D-16  0.10001049041748D+01
 -0.21826548089725D+02  0.25629766439993D-14 -0.12876574805030D-17  0.10001049041748D+01
 -0.21556978306658D+02 -0.32184835834181D-14  0.76207852049490D-17  0.10001049041748D+01
 -0.21290077531345D+02  0.37768483375229D-14  0.57141729359392D-16  0.10001049041748D+01
 -0.21025819337965D+02 -0.45637783679389D-14 -0.37551713482694D-16  0.10001049041748D+01
 -0.20764177562342D+02  0.59159457660354D-14 -0.10945680690498D-15  0.10001049041748D+01
 -0.20505126299348D+02 -0.74374430971010D-14  0.46858127339904D-15  0.10001049041748D+01
 -0.20248639900345D+02  0.89182447302158D-14 -0.15379835568345D-14  0.10001049041748D+01
 -0.19994692970638D+02 -0.10957896679072D-13  0.56396482773222D-14  0.10001049041748D+01
 -0.19743260366969D+02  0.13861208831938D-13 -0.20620283570374D-13  0.10001049041748D+01
 -0.19494317195018D+02 -0.17034972675631D-13  0.74794256075053D-13  0.10001049041748D+01
 -0.19247838806949D+02  0.20940965162006D-13 -0.27186006267346D-12  0.10001049041748D+01
 -0.19003800798959D+02 -0.25844994547275D-13  0.98902114796517D-12  0.10001049041748D+01
 -0.18762179008871D+02  0.31743216995922D-13 -0.35980493758025D-11  0.10001049041748D+01
 -0.18522949513733D+02 -0.39016221351808D-13  0.13091111528141D-10  0.10001049041748D+01
 -0.18286088627459D+02  0.48329728077629D-13 -0.47642934736247D-10  0.10001049041748D+01
 -0.18051572898474D+02 -0.59341590072804D-13  0.17369110316690D-09  0.10001049041748D+01
 -0.17819379107400D+02  0.73299392000948D-13 -0.64123345522304D-09  0.10001049041748D+01
 -0.17589484264752D+02 -0.90454133441255D-13  0.25789548274702D-08  0.10001049041748D+01
 -0.17361865608666D+02  0.11161545591856D-12 -0.15895079030770D-07  0.10001049041748D+01
 -0.17136500602639D+02 -0.13770045216924D-12  0.16033961713902D-07  0.10001049041748D+01
 -0.16913366933306D+02  0.17022340026256D-12 -0.24853712421447D-08  0.10001049041748D+01
 -0.16692442508224D+02 -0.20980545317566D-12 -0.77437924128620D-10  0.10001049041748D+01
 -0.16473705453687D+02  0.25916817520191D-12  0.28727642487070D-08  0.10001049041748D+01
 -0.16257134112562D+02 -0.31981473133831D-12 -0.18302657167624D-07  0.10001049041748D+01
 -0.16042707042140D+02  0.39519285738830D-12  0.20886437468448D-07  0.10001049041748D+01
 -0.15830403012020D+02 -0.48749345489194D-12 -0.21845195874448D-07  0.10001049041748D+01
 -0.15620201002000D+02  0.60237367394481D-12  0.21669860572615D-07  0.10001049041748D+01
 -0.15412080200000D+02 -0.74245281147037D-12 -0.19585204569239D-07  0.10001049041748D+01
 -0.15206020000000D+02  0.91773984245425D-12  0.24139379384280D-08  0.10001049041748D+01
 -0.15002000000000D+02 -0.11308597287762D-11  0.23974380258807D-08  0.10001049041748D+01
 -0.14800000000000D+02  0.13991946707162D-11 -0.20539950185139D-07  0.10001049041748D+01
 -0.14600000000000D+02 -0.17173965157977D-11  0.22210960182178D-07  0.10001049041748D+01
 -0.14400000000000D+02  0.20957794961279D-11 -0.18069817642186D-07  0.10001049041748D+01
 -0.14200000000000D+02 -0.25625068473395D-11 -0.14857210572927D-07  0.10001049041748D+01
 -0.14000000000000D+02  0.31307812245474D-11  0.47955852622295D-08  0.10001049041748D+01
 -0.13800000000000D+02 -0.38259439019694D-11 -0.19208275858773D-07  0.10001049041748D+01
 -0.13600000000000D+02  0.46764120353870D-11  0.75473902683143D-08  0.10001049041748D+01
 -0.13400000000000D+02 -0.57136032016736D-11 -0.33413520839076D-07  0.10001049041748D+01
 -0.13200000000000D+02  0.69843978690864D-11 -0.11298692648154D-07  0.10001049041748D+01
 -0.13000000000000D+02 -0.85324169604717D-11 -0.85444629149833D-08  0.10001049041748D+01
 -0.12800000000000D+02  0.10431122111909D-10 -0.49224947673565D-07  0.10001049041748D+01
 -0.12600000000000D+02 -0.12741589033860D-10 -0.42135210875927D-08  0.10001049041748D+01
 -0.12400000000000D+02  0.15577750894780D-10 -0.43278522099399D-07  0.10001049041748D+01
 -0.12200000000000D+02 -0.19027647513159D-10 -0.54357162326824D-07  0.10001049041748D+01
 -0.12000000000000D+02  0.23264144083379D-10 -0.51401848111254D-07  0.10001049041748D+01
 -0.11800000000000D+02 -0.28415289218819D-10 -0.66654521901910D-07  0.10001049041748D+01
 -0.11600000000000D+02  0.34743208310317D-10 -0.80797100565633D-07  0.10001049041748D+01
 -0.11400000000000D+02 -0.42435353841963D-10 -0.88600614844836D-07  0.10001049041748D+01
 -0.11200000000000D+02  0.51886273055857D-10 -0.13814556609759D-06  0.10001049041748D+01
 -0.11000000000000D+02 -0.63372626590841D-10 -0.14184244889748D-06  0.10001049041748D+01
 -0.10800000000000D+02  0.77487218030914D-10 -0.18708767868247D-06  0.10001049041748D+01
 -0.10600000000000D+02 -0.94640198455842D-10 -0.22675017419260D-06  0.10001049041748D+01
 -0.10400000000000D+02  0.11572076630273D-09 -0.26228275373796D-06  0.10001049041748D+01
 -0.10200000000000D+02 -0.14133780257275D-09 -0.33459050996498D-06  0.10001049041748D+01
 -0.10000000000000D+02  0.17282457409618D-09 -0.39356595493700D-06  0.10001049041748D+01
 -0.98000000000000D+01 -0.21109355929916D-09 -0.50685667929429D-06  0.10001049041748D+01
 -0.96000000000000D+01  0.25815133364304D-09 -0.61102292647774D-06  0.10001049041748D+01
 -0.94000000000000D+01 -0.31538852085511D-09 -0.72663158334763D-06  0.10001049041748D+01
 -0.92000000000000D+01  0.38590347584133D-09 -0.89975554828925D-06  0.10001049041748D+01
 -0.90000000000000D+01 -0.47205500619540D-09 -0.11220139413126D-05  0.10001049041748D+01
 -0.88000000000000D+01  0.57932436625663D-09 -0.13138313761374D-05  0.10001049041748D+01
 -0.86000000000000D+01 -0.71388828182251D-09 -0.16676837049090D-05  0.10001049041748D+01
 -0.84000000000000D+01  0.89256246837977D-09 -0.19954147774115D-05  0.10001049041748D+01
 -0.82000000000000D+01 -0.11531403609766D-08 -0.24576638679719D-05  0.10001049041748D+01
 -0.80000000000000D+01  0.16177031936238D-08 -0.29777959298372D-05  0.10001049041748D+01
 -0.78000000000000D+01 -0.26782780437884D-08 -0.36638837173086D-05  0.10001049041748D+01
 -0.76000000000000D+01  0.57362012917395D-08 -0.44534617700265D-05  0.10001049041748D+01
 -0.74000000000000D+01 -0.16869604380076D-07 -0.54329043450707D-05  0.10001049041748D+01
 -0.72000000000000D+01  0.88121090868754D-07 -0.66590864662430D-05  0.10001049041748D+01
 -0.70000000000000D+01 -0.74829586083069D-07 -0.81154057625099D-05  0.10001046657562D+01
 -0.68000000000000D+01  0.56700519834862D-08 -0.98843447631225D-05  0.10001046657562D+01
 -0.66000000000000D+01  0.50318401889626D-07 -0.12102659638913D-04  0.10001046657562D+01
 -0.64000000000000D+01  0.13759775185918D-06 -0.14703919987369D-04  0.10001045465469D+01
 -0.62000000000000D+01  0.11783145481559D-06 -0.18004604498856D-04  0.10001037120819D+01
 -0.60000000000000D+01  0.32662202897882D-06 -0.21899706553086D-04  0.10001026391983D+01
 -0.58000000000000D+01  0.62902591935199D-06 -0.26688789148466D-04  0.10001001358032D+01
 -0.56000000000000D+01  0.12875340189566D-05 -0.32543648558203D-04  0.10000953674316D+01
 -0.54000000000000D+01  0.24115734049701D-05 -0.39612408727407D-04  0.10000858306885D+01
 -0.52000000000000D+01  0.43342556637072D-05 -0.48161466111196D-04  0.10000674724579D+01
 -0.50000000000000D+01  0.79301553341793D-05 -0.58570203691488D-04  0.10000333786011D+01
 -0.48000000000000D+01  0.14158250451146D-04 -0.71137867053039D-04  0.99997067451477D+00
 -0.46000000000000D+01  0.24168586605811D-04 -0.86205858679023D-04  0.99985778331757D+00
 -0.44000000000000D+01  0.41340703319293D-04 -0.10448011016706D-03  0.99965941905975D+00
 -0.42000000000000D+01  0.68276640377007D-04 -0.12628521653824D-03  0.99931740760803D+00
 -0.40000000000000D+01  0.11084192374256D-03 -0.15235498722177D-03  0.99874085187912D+00
 -0.38000000000000D+01  0.17559291154612D-03 -0.18342833209317D-03  0.99778968095779D+00
 -0.36000000000000D+01  0.27288257842883D-03 -0.22027398517821D-03  0.99625587463379D+00
 -0.34000000000000D+01  0.41399616748095D-03 -0.26381792849861D-03  0.99383735656738D+00
 -0.32000000000000D+01  0.61590957920998D-03 -0.31495263101533D-03  0.99011516571045D+00
 -0.30000000000000D+01  0.89651555754244D-03 -0.37493067793548D-03  0.98452675342560D+00
 -0.28000000000000D+01  0.12801039265469D-02 -0.44494122266769D-03  0.97635734081268D+00
 -0.26000000000000D+01  0.17919068923220D-02 -0.52636675536633D-03  0.96474808454514D+00
 -0.24000000000000D+01  0.24642061907798D-02 -0.62071846332401D-03  0.94875079393387D+00
 -0.22000000000000D+01  0.33283610828221D-02 -0.72956533404067D-03  0.92743015289307D+00
 -0.20000000000000D+01  0.44222683645785D-02 -0.85402699187398D-03  0.90002423524857D+00
 -0.18000000000000D+01  0.57742628268898D-02 -0.99399359896779D-03  0.86613923311234D+00
 -0.16000000000000D+01  0.74086505919695D-02 -0.11470237514004D-02  0.82593369483948D+00
 -0.14000000000000D+01  0.93053830787539D-02 -0.13056652387604D-02  0.78022259473801D+00
 -0.12000000000000D+01  0.11401989497244D-01 -0.14548435574397D-02  0.73044610023499D+00
 -0.10000000000000D+01  0.13522599823773D-01 -0.15683019300923D-02  0.67848914861679D+00
 -0.80000000000000D+00  0.15382034704089D-01 -0.16065982636064D-02  0.62640118598938D+00
 -0.60000000000000D+00  0.16510108485818D-01 -0.15184221556410D-02  0.57610362768173D+00
 -0.40000000000000D+00  0.16334537416697D-01 -0.12475034454837D-02  0.52916842699051D+00
 -0.20000000000000D+00  0.14172696508467D-01 -0.74717332608998D-03  0.48671096563339D+00
  0.00000000000000D+00  0.94826007261872D-02  0.22234889911488D-05  0.44939190149307D+00
  0.20000000000000D+00  0.19646664150059D-02  0.97395689226687D-03  0.41749286651611D+00
  0.40000000000000D+00 -0.78887678682804D-02  0.20896184723824D-02  0.39102330803871D+00
  0.60000000000000D+00 -0.17720839008689D-01  0.32267165370286D-02  0.36982679367065D+00
  0.80000000000000D+00 -0.18515253439546D-01  0.42438982054591D-02  0.35366514325142D+00
  0.10000000000000D+01  0.14593362808228D-01  0.50149164162576D-02  0.34227430820465D+00
  0.12000000000000D+01  0.93008957803249D-01  0.54572108201683D-02  0.33543995022774D+00
  0.14000000000000D+01  0.95873288810253D-01  0.55419537238777D-02  0.33317816257477D+00
  0.16000000000000D+01 -0.45221885666251D-02  0.53012818098068D-02  0.33550015091896D+00
  0.18000000000000D+01 -0.67696437239647D-01  0.48147803172469D-02  0.34229627251625D+00
  0.20000000000000D+01 -0.79260624945164D-01  0.41780536994338D-02  0.35366719961166D+00
  0.22000000000000D+01 -0.68753018975258D-01  0.34821240697056D-02  0.36983099579811D+00
  0.24000000000000D+01 -0.51587708294392D-01  0.28015747666359D-02  0.39103344082832D+00
  0.26000000000000D+01 -0.34361019730568D-01  0.21868746262044D-02  0.41750708222389D+00
  0.28000000000000D+01 -0.19823245704174D-01  0.16647962620482D-02  0.44940805435181D+00
  0.30000000000000D+01 -0.88930325582623D-02  0.12425181921571D-02  0.48672729730606D+00
  0.32000000000000D+01 -0.15197818866000D-02  0.91423653066158D-03  0.52918386459351D+00
  0.34000000000000D+01  0.28839542064816D-02  0.66690240055323D-03  0.57611733675003D+00
  0.36000000000000D+01  0.50624567084014D-02  0.48500843695365D-03  0.62641274929047D+00
  0.38000000000000D+01  0.57571101933718D-02  0.35350173129700D-03  0.67849844694138D+00
  0.40000000000000D+01  0.55565708316863D-02  0.25942383217625D-03  0.73045331239700D+00
  0.42000000000000D+01  0.48996880650520D-02  0.19238555978518D-03  0.78022795915604D+00
  0.44000000000000D+01  0.40630847215652D-02  0.14452646428254D-03  0.82593744993210D+00
  0.46000000000000D+01  0.32164151780307D-02  0.11010861635441D-03  0.86614179611206D+00
  0.48000000000000D+01  0.24431715719402D-02  0.85067549662199D-04  0.90002590417862D+00
  0.50000000000000D+01  0.17830249853432D-02  0.66577420511749D-04  0.92743134498596D+00
  0.52000000000000D+01  0.12432384537533D-02  0.52697898354381D-04  0.94875144958496D+00
  0.54000000000000D+01  0.81993092317134D-03  0.42103016312467D-04  0.96474838256836D+00
  0.56000000000000D+01  0.49910519737750D-03  0.33887266909005D-04  0.97635734081268D+00
  0.58000000000000D+01  0.26607306790538D-03  0.27427358872956D-04  0.98452693223953D+00
  0.60000000000000D+01  0.10371179814683D-03  0.22289168555290D-04  0.99011516571045D+00
  0.62000000000000D+01 -0.27837677407661D-05  0.18165268556913D-04  0.99383759498596D+00
  0.64000000000000D+01 -0.67795393988490D-04  0.14832977285550D-04  0.99625587463379D+00
  0.66000000000000D+01 -0.10260475391988D-03  0.12126930414524D-04  0.99778980016708D+00
  0.68000000000000D+01 -0.11707102385117D-03  0.99224807854625D-05  0.99874085187912D+00
  0.70000000000000D+01 -0.11820798681583D-03  0.81223824963672D-05  0.99931740760803D+00
  0.72000000000000D+01 -0.11160344001837D-03  0.66505403992778D-05  0.99965941905975D+00
  0.74000000000000D+01 -0.10082057269756D-03  0.54461902436742D-05  0.99985778331757D+00
  0.76000000000000D+01 -0.88510016212240D-04  0.44599937609746D-05  0.99997055530548D+00
  0.78000000000000D+01 -0.76051983342040D-04  0.36525173072732D-05  0.10000333786011D+01
  0.80000000000000D+01 -0.64427360484842D-04  0.29911348065070D-05  0.10000674724579D+01
  0.82000000000000D+01 -0.53974268666934D-04  0.24494461285940D-05  0.10000855922699D+01
  0.84000000000000D+01 -0.44906635594089D-04  0.20058155314473D-05  0.10000951290131D+01
  0.86000000000000D+01 -0.37144785892451D-04  0.16424704654128D-05  0.10001001358032D+01
  0.88000000000000D+01 -0.30631214031018D-04  0.13449158586809D-05  0.10001026391983D+01
  0.90000000000000D+01 -0.25183131583617D-04  0.11012418781320D-05  0.10001037120819D+01
  0.92000000000000D+01 -0.20682515241788D-04  0.90170425437464D-06  0.10001043081284D+01
  0.94000000000000D+01 -0.16958158084890D-04  0.73829824032146D-06  0.10001046657562D+01
  0.96000000000000D+01 -0.13903261788073D-04  0.60451219496827D-06  0.10001046657562D+01
  0.98000000000000D+01 -0.11387231097615D-04  0.49495264420329D-06  0.10001046657562D+01
  0.10000000000000D+02 -0.93295220722212D-05  0.40525114286538D-06  0.10001046657562D+01
  0.10200000000000D+02 -0.76380238169804D-05  0.33179995284627D-06  0.10001046657562D+01
  0.10400000000000D+02 -0.62562339735450D-05  0.27166433369530D-06  0.10001046657562D+01
  0.10600000000000D+02 -0.51211845857324D-05  0.22242475949952D-06  0.10001046657562D+01
  0.10800000000000D+02 -0.41943599171645D-05  0.18210835150967D-06  0.10001046657562D+01
  0.11000000000000D+02 -0.34331962979195D-05  0.14910031609361D-06  0.10001046657562D+01
  0.11200000000000D+02 -0.28117549391027D-05  0.12207438260248D-06  0.10001046657562D+01
  0.11400000000000D+02 -0.23014738417260D-05  0.99947463638728D-07  0.10001046657562D+01
  0.11600000000000D+02 -0.18848521676773D-05  0.81830386022830D-07  0.10001046657562D+01
  0.11800000000000D+02 -0.15427768857990D-05  0.66997344561059D-07  0.10001046657562D+01
  0.12000000000000D+02 -0.12634765198527D-05  0.54853426689760D-07  0.10001046657562D+01
  0.12200000000000D+02 -0.10341833558414D-05  0.44910269281218D-07  0.10001046657562D+01
  0.12400000000000D+02 -0.84694039514943D-06  0.36769478128917D-07  0.10001046657562D+01
  0.12600000000000D+02 -0.69324971718743D-06  0.30104452264368D-07  0.10001046657562D+01
  0.12800000000000D+02 -0.56772086054480D-06  0.24647455632021D-07  0.10001046657562D+01
  0.13000000000000D+02 -0.46470833581225D-06  0.20179760085171D-07  0.10001046657562D+01
  0.13200000000000D+02 -0.38055253526181D-06  0.16521701340366D-07  0.10001046657562D+01
  0.13400000000000D+02 -0.31151094503912D-06  0.13526975095601D-07  0.10001046657562D+01
  0.13600000000000D+02 -0.25508791168249D-06  0.11074869910033D-07  0.10001046657562D+01
  0.13800000000000D+02 -0.20881594764433D-06  0.90673513142292D-08  0.10001046657562D+01
  0.14000000000000D+02 -0.17098956561767D-06  0.74237442859726D-08  0.10001046657562D+01
  0.14200000000000D+02 -0.13997565417867D-06  0.60780735999799D-08  0.10001046657562D+01
  0.14400000000000D+02 -0.11461546023384D-06  0.49762522991159D-08  0.10001046657562D+01
  0.14600000000000D+02 -0.93830927028193D-07  0.40742591522758D-08  0.10001046657562D+01
  0.14800000000000D+02 -0.76827504358334D-07  0.33356972739540D-08  0.10001046657562D+01
  0.15002000000000D+02 -0.62772556930213D-07  0.27256021883915D-08  0.10001046657562D+01
  0.15206020000000D+02 -0.51188681737813D-07  0.22225594698000D-08  0.10001046657562D+01
  0.15412080200000D+02 -0.41656829097292D-07  0.18086984132637D-08  0.10001046657562D+01
  0.15620201002000D+02 -0.33828783330137D-07  0.14688579241806D-08  0.10001046657562D+01
  0.15830403012020D+02 -0.27417167203225D-07  0.11903921182110D-08  0.10001046657562D+01
  0.16042707042140D+02 -0.22170889124595D-07  0.96269447968922D-09  0.10001046657562D+01
  0.16257134112562D+02 -0.17893917458878D-07  0.77689271682502D-09  0.10001046657562D+01
  0.16473705453687D+02 -0.14407707027431D-07  0.62561794633709D-09  0.10001046657562D+01
  0.16692442508224D+02 -0.11578742409313D-07  0.50270132501140D-09  0.10001046657562D+01
  0.16913366933306D+02 -0.92820879871169D-08  0.40305644932737D-09  0.10001046657562D+01
  0.17136500602639D+02 -0.74270110062002D-08  0.32244681924531D-09  0.10001046657562D+01
  0.17361865608666D+02 -0.59273617125655D-08  0.25738627895677D-09  0.10001046657562D+01
  0.17589484264752D+02 -0.47216133225447D-08  0.20498880370923D-09  0.10001046657562D+01
  0.17819379107400D+02 -0.37511123096579D-08  0.16288798088127D-09  0.10001046657562D+01
  0.18051572898474D+02 -0.29744968710332D-08  0.12913625724309D-09  0.10001046657562D+01
  0.18286088627459D+02 -0.23521598002674D-08  0.10214098317141D-09  0.10001046657562D+01
  0.18522949513733D+02 -0.18565250448077D-08  0.80599381335755D-10  0.10001046657562D+01
  0.18762179008871D+02 -0.14611646337315D-08  0.63450730780623D-10  0.10001046657562D+01
  0.19003800798959D+02 -0.11478192840642D-08  0.49831101051057D-10  0.10001046657562D+01
  0.19247838806949D+02 -0.89903451350182D-09  0.39040503468923D-10  0.10001046657562D+01
  0.19494317195018D+02 -0.70282885067385D-09  0.30512283671902D-10  0.10001046657562D+01
  0.19743260366969D+02 -0.54778759306373D-09  0.23787976796696D-10  0.10001046657562D+01
  0.19994692970638D+02 -0.42613221284959D-09  0.18499552584261D-10  0.10001046657562D+01
  0.20248639900345D+02 -0.33046276826099D-09  0.14350747153113D-10  0.10001046657562D+01
  0.20505126299348D+02 -0.25578408835436D-09  0.11104115023308D-10  0.10001046657562D+01
  0.20764177562342D+02 -0.19734182343800D-09  0.85699520396831D-11  0.10001046657562D+01
  0.21025819337965D+02 -0.15196639779891D-09  0.65970592703912D-11  0.10001046657562D+01
  0.21290077531345D+02 -0.11663137122753D-09  0.50650486409232D-11  0.10001046657562D+01
  0.21556978306658D+02 -0.89346641196641D-10  0.38785571976341D-11  0.10001046657562D+01
  0.21826548089725D+02 -0.68205170677960D-10  0.29620774149447D-11  0.10001046657562D+01
  0.22098813570622D+02 -0.51972488812613D-10  0.22560876777877D-11  0.10001046657562D+01
  0.22373801706328D+02 -0.39458283862537D-10  0.17136737992182D-11  0.10001046657562D+01
  0.22651539723391D+02 -0.29904658610524D-10  0.12980933602330D-11  0.10001046657562D+01
  0.22932055120625D+02 -0.22577504102395D-10  0.98058128457368D-12  0.10001046657562D+01
  0.23215375671832D+02 -0.17017240047656D-10  0.73865289969624D-12  0.10001046657562D+01
  0.23501529428550D+02 -0.12774154997675D-10  0.55482690924230D-12  0.10001046657562D+01
  0.23790544722835D+02 -0.95745173941952D-11  0.41556767250463D-12  0.10001046657562D+01
  0.24082450170064D+02 -0.71453489826345D-11  0.31036948727227D-12  0.10001046657562D+01
  0.24377274671764D+02 -0.53251131802712D-11  0.23111314294624D-12  0.10001046657562D+01
  0.24675047418482D+02 -0.39503821221143D-11  0.17160474159294D-12  0.10001046657562D+01
  0.24975797892667D+02 -0.29269080648736D-11  0.12701778105868D-12  0.10001046657562D+01
  0.25279555871594D+02 -0.21581065927367D-11  0.93754560050782D-13  0.10001046657562D+01
  0.25586351430310D+02 -0.15896888840017D-11  0.68986740690662D-13  0.10001046657562D+01
  0.25896214944613D+02 -0.11645307114450D-11  0.50591282329876D-13  0.10001046657562D+01
  0.26209177094059D+02 -0.85297762776604D-12  0.37008814253187D-13  0.10001046657562D+01
  0.26525268864999D+02 -0.62070460533567D-12  0.26977467433359D-13  0.10001046657562D+01
  0.26844521553649D+02 -0.45197583197799D-12  0.19601540104052D-13  0.10001046657562D+01
  0.27166966769186D+02 -0.32662203020353D-12  0.14199590024036D-13  0.10001046657562D+01
  0.27492636436878D+02 -0.23647094482201D-12  0.10252862029162D-13  0.10001046657562D+01
  0.27821562801246D+02 -0.16966296260707D-12  0.73765846268737D-14  0.10001046657562D+01
  0.28153778429259D+02 -0.12214776174031D-12  0.52983295749625D-14  0.10001046657562D+01
  0.28489316213551D+02 -0.86990622496196D-13  0.37805888350180D-14  0.10001046657562D+01
  0.28828209375687D+02 -0.62228352895946D-13  0.26980703522734D-14  0.10001046657562D+01
  0.29170491469444D+02 -0.44029734827707D-13  0.19164311014042D-14  0.10001046657562D+01
  0.29516196384138D+02 -0.31223226857734D-13  0.13525442218789D-14  0.10001046657562D+01
  0.29865358347980D+02 -0.22004621703323D-13  0.95814704691247D-15  0.10001046657562D+01
  0.30218011931459D+02 -0.15427991932495D-13  0.66619580699892D-15  0.10001046657562D+01
  0.30574192050774D+02 -0.10909338821305D-13  0.47363578369310D-15  0.10001046657562D+01
  0.30933933971282D+02 -0.75863523362613D-14  0.33360125282837D-15  0.10001046657562D+01
  0.31297273310995D+02 -0.51892884825636D-14  0.22119439560422D-15  0.10001046657562D+01
  0.31664246044105D+02 -0.36548319709215D-14  0.16005170611848D-15  0.10001046657562D+01
  0.32034888504546D+02 -0.25681323217910D-14  0.11398106795661D-15  0.10001046657562D+01
  0.32409237389591D+02 -0.16636980692836D-14  0.69212676776705D-16  0.10001046657562D+01
  0.32787329763487D+02 -0.12184440832520D-14  0.53856462442629D-16  0.10001046657562D+01
  0.33169203061122D+02 -0.77075858326612D-15  0.32747465028599D-16  0.10001046657562D+01
  0.33554895091733D+02 -0.60269935853654D-15  0.28678411394218D-16  0.10001046657562D+01
  0.33944444042650D+02 -0.33469943104448D-15  0.11085096192479D-16  0.10001046657562D+01
  0.34337888483077D+02 -0.29195640152058D-15  0.14534890160259D-16  0.10001046657562D+01
  0.34735267367908D+02 -0.98304129229272D-16  0.49453667073682D-17  0.10001046657562D+01
  0.35136620041587D+02 -0.21534133176425D-15  0.77556082001696D-17  0.10001046657562D+01
  0.35541986242003D+02  0.45477099676410D-16 -0.21297832821709D-17  0.10001046657562D+01
  0.35951406104423D+02 -0.16399894582713D-15  0.80158119239186D-17  0.10001046657562D+01
  0.36364920165467D+02  0.55227358797981D-16 -0.10697358175477D-17  0.10001046657562D+01
  0.36782569367122D+02 -0.66841891114344D-16 -0.18347149037292D-18  0.10001046657562D+01
  0.37204395060793D+02 -0.25986476167756D-16  0.34094134918170D-17  0.10001046657562D+01
  0.37630439011401D+02 -0.36503252957297D-17  0.14538760383249D-18  0.10001046657562D+01
  0.38060743401515D+02  0.35538974602838D-16 -0.38923260829188D-17  0.10001046657562D+01
  0.38495350835530D+02 -0.48435090929455D-16  0.39398008734054D-17  0.10001046657562D+01
  0.38934304343885D+02  0.11081298606287D-16 -0.63222556760649D-18  0.10001046657562D+01
  0.39377647387324D+02 -0.48313547491788D-17  0.15668190206689D-18  0.10001046657562D+01
  0.39825423861197D+02  0.28650010561476D-17 -0.42361298880253D-19  0.10001046657562D+01
  0.40277678099809D+02 -0.20145708781175D-17  0.11599517379121D-19  0.10001046657562D+01
  0.40734454880807D+02  0.15380866177486D-17 -0.31818655387169D-20  0.10001046657562D+01
  0.41195799429615D+02 -0.12161691198461D-17  0.87305258389082D-21  0.10001046657562D+01
  0.41661757423912D+02  0.97539204297571D-18 -0.23956658084280D-21  0.10001046657562D+01
  0.42132374998151D+02 -0.78683994465701D-18  0.65739565764412D-22  0.10001046657562D+01
  0.42607698748132D+02  0.63626965362126D-18 -0.18040155541190D-22  0.10001046657562D+01
  0.43087775735614D+02 -0.51505626101897D-18  0.49506965869539D-23  0.10001046657562D+01
  0.43572653492970D+02  0.41712236749212D-18 -0.13586404445278D-23  0.10001046657562D+01
  0.44062380027899D+02 -0.33788624547717D-18  0.37286765467148D-24  0.10001046657562D+01
  0.44557003828178D+02  0.27372711863784D-18 -0.10233324913359D-24  0.10001046657562D+01
  0.45056573866460D+02 -0.22176414954514D-18  0.28086036675713D-25  0.10001046657562D+01
  0.45561139605125D+02  0.17966693776897D-18 -0.77086023951440D-26  0.10001046657562D+01
  0.46070751001176D+02 -0.14556440076373D-18  0.21157873479330D-26  0.10001046657562D+01
  0.46585458511188D+02  0.11793459082580D-18 -0.58073697096951D-27  0.10001046657562D+01
  0.47105313096300D+02 -0.95550656935115D-19  0.15940344370710D-27  0.10001046657562D+01
  0.47630366227263D+02  0.77414056382991D-19 -0.43754898470714D-28  0.10001046657562D+01
  0.48160669889535D+02 -0.62720789001074D-19  0.12010639296363D-28  0.10001046657562D+01
  0.48696276588431D+02  0.50815921614680D-19 -0.32969769023050D-29  0.10001046657562D+01
  0.49237239354315D+02 -0.41171199236291D-19  0.90505673504838D-30  0.10001046657562D+01
  0.49783611747858D+02  0.33356484716204D-19 -0.24845380254347D-30  0.10001046657562D+01
  0.50335447865337D+02 -0.27025404250850D-19  0.68206431646787D-31  0.10001046657562D+01
  0.50892802343990D+02  0.21895795547293D-19 -0.18724689021222D-31  0.10001046657562D+01
  0.51455730367430D+02 -0.17740033687478D-19  0.51405943858573D-32  0.10001046657562D+01
  0.52024287671104D+02  0.14372794671276D-19 -0.14113063236144D-32  0.10001046657562D+01
  0.52598530547815D+02 -0.11644830559258D-19  0.38747030500888D-33  0.10001046657562D+01
  0.53178515853293D+02  0.94345611494577D-20 -0.10638111376459D-33  0.10001046657562D+01
  0.53764301011826D+02 -0.76439073781493D-20  0.29207837594724D-34  0.10001046657562D+01
  0.54355944021945D+02  0.61930164278600D-20 -0.80194199076264D-35  0.10001046657562D+01
  0.54953503462164D+02 -0.50175786410347D-20  0.22018871370825D-35  0.10001046657562D+01
  0.55557038496786D+02  0.40652069892699D-20 -0.60458226305766D-36  0.10001046657562D+01
  0.56166608881754D+02 -0.32936415501624D-20  0.16600607813966D-36  0.10001046657562D+01
  0.56782274970571D+02  0.26684745586765D-20 -0.45582762075905D-37  0.10001046657562D+01
  0.57404097720277D+02 -0.21619966759820D-20  0.12516564637867D-37  0.10001046657562D+01
  0.58032138697480D+02  0.17516343127990D-20 -0.34369843616280D-38  0.10001046657562D+01
  0.58666460084454D+02 -0.14191782875156D-20  0.94379413390126D-39  0.10001046657562D+01
  0.59307124685299D+02  0.11498031647976D-20 -0.25917015097687D-39  0.10001046657562D+01
  0.59954195932152D+02 -0.93156925085460D-21  0.71170547704593D-40  0.10001046657562D+01
  0.60607737891473D+02  0.75475005480828D-21 -0.19543909681938D-40  0.10001046657562D+01
  0.61267815270388D+02 -0.61149947774287D-21  0.53669731183640D-41  0.10001046657562D+01
  0.61934493423092D+02  0.49542933666969D-21 -0.14741659844697D-41  0.10001046657562D+01
  0.62607838357323D+02 -0.40139504679633D-21  0.40497525618987D-42  0.10001046657562D+01
  0.63287916740896D+02  0.32520557314908D-21 -0.11070257868166D-42  0.10001046657562D+01
  0.63974795908305D+02 -0.26348009770190D-21  0.30828566215146D-43  0.10001046657562D+01
  0.64668543867388D+02  0.21346608911894D-21 -0.84077907859489D-44  0.10001046657562D+01
  0.65369229306062D+02 -0.17294669679526D-21  0.28025969286496D-44  0.10001046657562D+01
  0.66076921599123D+02  0.14011608559016D-21 -0.00000000000000D+00  0.10001046657562D+01
  0.66791690815114D+02 -0.11351743767099D-21  0.00000000000000D+00  0.10001046657562D+01
  0.67513607723265D+02  0.91964628091535D-22 -0.00000000000000D+00  0.10001046657562D+01
  0.68242743800498D+02 -0.74502384160901D-22  0.00000000000000D+00  0.10001046657562D+01
  0.68979171238503D+02  0.60352466197094D-22  0.00000000000000D+00  0.10001046657562D+01
  0.69722962950888D+02 -0.48887026116536D-22  0.00000000000000D+00  0.10001046657562D+01
  0.70474192580397D+02  0.39594809477441D-22  0.00000000000000D+00  0.10001046657562D+01
  0.71232934506201D+02 -0.32064024576395D-22  0.00000000000000D+00  0.10001046657562D+01
  0.71999263851263D+02  0.25959080517988D-22  0.00000000000000D+00  0.10001046657562D+01
  0.72773256489775D+02 -0.21009084045087D-22  0.00000000000000D+00  0.10001046657562D+01
  0.73554989054673D+02  0.16993643197993D-22  0.00000000000000D+00  0.10001046657562D+01
  0.74344538945220D+02 -0.13734593741261D-22  0.00000000000000D+00  0.10001046657562D+01
  0.75141984334672D+02  0.11087022715462D-22  0.00000000000000D+00  0.10001046657562D+01
  0.75947404178019D+02 -0.89334963419424D-23  0.00000000000000D+00  0.10001046657562D+01
  0.76760878219799D+02  0.71783541918899D-23  0.00000000000000D+00  0.10001046657562D+01
  0.77582487001997D+02 -0.57439695912178D-23  0.00000000000000D+00  0.10001046657562D+01
  0.78412311872017D+02  0.45668419980693D-23  0.00000000000000D+00  0.10001046657562D+01
  0.79250434990737D+02 -0.35952197704789D-23  0.00000000000000D+00  0.10001046657562D+01
  0.80096939340644D+02  0.27866988737780D-23  0.00000000000000D+00  0.10001046657562D+01
  0.80951908734051D+02 -0.21069163297198D-23  0.00000000000000D+00  0.10001046657562D+01
  0.81815427821391D+02  0.15286287283350D-23  0.00000000000000D+00  0.10001046657562D+01
  0.82687582099605D+02 -0.10326457462051D-23  0.00000000000000D+00  0.10001046657562D+01
  0.83568457920601D+02  0.61151876144770D-24  0.00000000000000D+00  0.10001046657562D+01
  0.84458142499807D+02 -0.27984446182263D-24  0.00000000000000D+00  0.10001046657562D+01
  0.85356723924806D+02  0.92357030629277D-25  0.00000000000000D+00  0.10001046657562D+01
  0.86264291164054D+02 -0.91445292312116D-25  0.00000000000000D+00  0.10001046657562D+01
