 -0.86264291164054D+02 -0.25000000000000D+01  0.10000000000000D+01 -0.90597653009772D-14
 -0.85356723924806D+02 -0.25001049041748D+01  0.10000000000000D+01  0.76098149371420D-15
 -0.84458142499807D+02 -0.25001049041748D+01  0.10000000000000D+01 -0.22190125783360D-15
 -0.83568457920601D+02 -0.25001049041748D+01  0.10000000000000D+01 -0.10018402621147D-15
 -0.82687582099605D+02 -0.25001049041748D+01  0.10000000000000D+01  0.56099717368613D-15
 -0.81815427821391D+02 -0.25001049041748D+01  0.10000000000000D+01 -0.29948472447665D-15
 -0.80951908734051D+02 -0.25001049041748D+01  0.10000000000000D+01  0.96023314347777D-16
 -0.80096939340644D+02 -0.25001049041748D+01  0.10000000000000D+01 -0.42671902579138D-15
 -0.79250434990737D+02 -0.25001049041748D+01  0.10000000000000D+01 -0.17028764929979D-15
 -0.78412311872017D+02 -0.25001049041748D+01  0.10000000000000D+01  0.64738198763054D-15
 -0.77582487001997D+02 -0.25001049041748D+01  0.10000000000000D+01 -0.13761895171784D-15
 -0.76760878219799D+02 -0.25001049041748D+01  0.10000000000000D+01  0.19828856006766D-15
 -0.75947404178019D+02 -0.25001049041748D+01  0.10000000000000D+01  0.20724303504401D-15
 -0.75141984334672D+02 -0.25001049041748D+01  0.10000000000000D+01 -0.15982145874061D-15
 -0.74344538945220D+02 -0.25001049041748D+01  0.10000000000000D+01  0.36095962293129D-15
 -0.73554989054673D+02 -0.25001049041748D+01  0.10000000000000D+01 -0.74929550953652D-15
 -0.72773256489775D+02 -0.25001049041748D+01  0.10000000000000D+01  0.10948216363035D-14
 -0.71999263851263D+02 -0.25001049041748D+01  0.10000000000000D+01 -0.33649593498605D-15
 -0.71232934506201D+02 -0.25001049041748D+01  0.10000000000000D+01 -0.32619270562499D-15
 -0.70474192580397D+02 -0.25001049041748D+01  0.10000000000000D+01  0.29510784054039D-15
 -0.69722962950888D+02 -0.25001049041748D+01  0.10000000000000D+01 -0.31973897631140D-15
 -0.68979171238503D+02 -0.25001049041748D+01  0.10000000000000D+01  0.79925203045792D-15
 -0.68242743800498D+02 -0.25001049041748D+01  0.10000000000000D+01  0.66984249559509D-15
 -0.67513607723265D+02 -0.25001049041748D+01  0.10000000000000D+01 -0.12428069742765D-14
 -0.66791690815114D+02 -0.25001049041748D+01  0.10000000000000D+01  0.93195276477687D-15
 -0.66076921599123D+02 -0.25001049041748D+01  0.10000000000000D+01 -0.84504390213591D-15
 -0.65369229306062D+02 -0.25001049041748D+01  0.10000000000000D+01  0.48184157418831D-15
 -0.64668543867388D+02 -0.25001049041748D+01  0.10000000000000D+01 -0.57915288815917D-16
 -0.63974795908305D+02 -0.25001049041748D+01  0.10000000000000D+01 -0.27204067169716D-15
 -0.63287916740896D+02 -0.25001049041748D+01  0.10000000000000D+01  0.20618092190260D-15
 -0.62607838357323D+02 -0.25001049041748D+01  0.10000000000000D+01  0.33102661677585D-15
 -0.61934493423092D+02 -0.25001049041748D+01  0.10000000000000D+01  0.20085049062597D-15
 -0.61267815270388D+02 -0.25001049041748D+01  0.10000000000000D+01 -0.30168277497478D-15
 -0.60607737891473D+02 -0.25001049041748D+01  0.10000000000000D+01  0.82825295626425D-15
 -0.59954195932152D+02 -0.25001049041748D+01  0.10000000000000D+01  0.13075172474221D-15
 -0.59307124685299D+02 -0.25001049041748D+01  0.10000000000000D+01 -0.14922923232586D-15
 -0.58666460084454D+02 -0.25001049041748D+01  0.10000000000000D+01  0.33860356471705D-15
 -0.58032138697480D+02 -0.25001049041748D+01  0.10000000000000D+01  0.53809049111662D-15
 -0.57404097720277D+02 -0.25001049041748D+01  0.10000000000000D+01 -0.65011922753915D-15
 -0.56782274970571D+02 -0.25001049041748D+01  0.10000000000000D+01 -0.64239052835149D-15
 -0.56166608881754D+02 -0.25001049041748D+01  0.10000000000000D+01  0.61743047909916D-15
 -0.55557038496786D+02 -0.25001049041748D+01  0.10000000000000D+01 -0.14911424230931D-14
 -0.54953503462164D+02 -0.25001049041748D+01  0.10000000000000D+01  0.75043471591102D-15
 -0.54355944021945D+02 -0.25001049041748D+01  0.10000000000000D+01 -0.11304375717905D-14
 -0.53764301011826D+02 -0.25001049041748D+01  0.10000000000000D+01  0.94231166008444D-15
 -0.53178515853293D+02 -0.25001049041748D+01  0.10000000000000D+01 -0.13985136528385D-14
 -0.52598530547815D+02 -0.25001049041748D+01  0.10000000000000D+01  0.84606822966694D-15
 -0.52024287671104D+02 -0.25001049041748D+01  0.10000000000000D+01  0.10974594788810D-16
 -0.51455730367430D+02 -0.25001049041748D+01  0.10000000000000D+01 -0.97761756827788D-16
 -0.50892802343990D+02 -0.25001049041748D+01  0.10000000000000D+01  0.30658066358294D-15
 -0.50335447865337D+02 -0.25001049041748D+01  0.10000000000000D+01 -0.20717871347958D-15
 -0.49783611747858D+02 -0.25001049041748D+01  0.10000000000000D+01  0.39605632722166D-15
 -0.49237239354315D+02 -0.25001049041748D+01  0.10000000000000D+01  0.40315766616298D-15
 -0.48696276588431D+02 -0.25001049041748D+01  0.10000000000000D+01 -0.10048352912069D-14
 -0.48160669889535D+02 -0.25001049041748D+01  0.10000000000000D+01 -0.82400646246231D-15
 -0.47630366227263D+02 -0.25001049041748D+01  0.10000000000000D+01  0.83899222230469D-15
 -0.47105313096300D+02 -0.25001049041748D+01  0.10000000000000D+01 -0.12530422027738D-14
 -0.46585458511188D+02 -0.25001049041748D+01  0.10000000000000D+01 -0.37238125342009D-15
 -0.46070751001176D+02 -0.25001049041748D+01  0.10000000000000D+01  0.10394429398493D-14
 -0.45561139605125D+02 -0.25001049041748D+01  0.10000000000000D+01 -0.83115812045466D-15
 -0.45056573866460D+02 -0.25001049041748D+01  0.10000000000000D+01 -0.12786369973410D-14
 -0.44557003828178D+02 -0.25001049041748D+01  0.10000000000000D+01  0.66466685958957D-15
 -0.44062380027899D+02 -0.25001049041748D+01  0.10000000000000D+01 -0.95238552880525D-15
 -0.43572653492970D+02 -0.25001049041748D+01  0.10000000000000D+01 -0.50877732779011D-15
 -0.43087775735614D+02 -0.25001049041748D+01  0.10000000000000D+01  0.28052670304296D-14
 -0.42607698748132D+02 -0.25001049041748D+01  0.10000000000000D+01 -0.22658508268714D-14
 -0.42132374998151D+02 -0.25001049041748D+01  0.10000000000000D+01  0.37207489219098D-15
 -0.41661757423912D+02 -0.25001049041748D+01  0.10000000000000D+01  0.22888151076813D-15
 -0.41195799429615D+02 -0.25001049041748D+01  0.10000000000000D+01 -0.18800823765386D-14
 -0.40734454880807D+02 -0.25001049041748D+01  0.10000000000000D+01  0.14257727083283D-15
 -0.40277678099809D+02 -0.25001049041748D+01  0.10000000000000D+01 -0.91426534040966D-15
 -0.39825423861197D+02 -0.25001049041748D+01  0.10000000000000D+01  0.79458281427574D-15
 -0.39377647387324D+02 -0.25001049041748D+01  0.10000000000000D+01 -0.34719864626086D-15
 -0.38934304343885D+02 -0.25001049041748D+01  0.10000000000000D+01  0.19246812023104D-14
 -0.38495350835530D+02 -0.25001049041748D+01  0.10000000000000D+01  0.13784517833619D-14
 -0.38060743401515D+02 -0.25001049041748D+01  0.10000000000000D+01 -0.54600961389874D-15
 -0.37630439011401D+02 -0.25001049041748D+01  0.10000000000000D+01 -0.11847256074459D-14
 -0.37204395060793D+02 -0.25001049041748D+01  0.10000000000000D+01  0.15884017107122D-14
 -0.36782569367122D+02 -0.25001049041748D+01  0.10000000000000D+01 -0.12377383291201D-14
 -0.36364920165467D+02 -0.25001049041748D+01  0.10000000000000D+01  0.11576984801649D-14
 -0.35951406104423D+02 -0.25001049041748D+01  0.10000000000000D+01  0.36257536474796D-15
 -0.35541986242003D+02 -0.25001049041748D+01  0.10000000000000D+01 -0.24820403165485D-14
 -0.35136620041587D+02 -0.25001049041748D+01  0.10000000000000D+01  0.21005536177642D-14
 -0.34735267367908D+02 -0.25001049041748D+01  0.10000000000000D+01 -0.17031431230879D-14
 -0.34337888483077D+02 -0.25001049041748D+01  0.10000000000000D+01  0.73807131713378D-15
 -0.33944444042650D+02 -0.25001049041748D+01  0.10000000000000D+01  0.70934027720027D-15
 -0.33554895091733D+02 -0.25001049041748D+01  0.10000000000000D+01 -0.15770311404282D-14
 -0.33169203061122D+02 -0.25001049041748D+01  0.10000000000000D+01 -0.14689254900405D-14
 -0.32787329763487D+02 -0.25001049041748D+01  0.10000000000000D+01  0.54021823788012D-15
 -0.32409237389591D+02 -0.25001049041748D+01  0.10000000000000D+01 -0.33357578890039D-15
 -0.32034888504546D+02 -0.25001049041748D+01  0.10000000000000D+01  0.61408554599045D-15
 -0.31664246044105D+02 -0.25001049041748D+01  0.10000000000000D+01  0.12988426506603D-14
 -0.31297273310995D+02 -0.25001049041748D+01  0.10000000000000D+01 -0.57826351679944D-15
 -0.30933933971282D+02 -0.25001049041748D+01  0.10000000000000D+01  0.22387356081639D-14
 -0.30574192050774D+02 -0.25001049041748D+01  0.10000000000000D+01 -0.11168797506785D-14
 -0.30218011931459D+02 -0.25001049041748D+01  0.10000000000000D+01  0.17200819820879D-14
 -0.29865358347980D+02 -0.25001049041748D+01  0.10000000000000D+01 -0.35201571204398D-14
 -0.29516196384138D+02 -0.25001049041748D+01  0.10000000000000D+01  0.44857386814095D-14
 -0.29170491469444D+02 -0.25001049041748D+01  0.10000000000000D+01 -0.43780388656826D-14
 -0.28828209375687D+02 -0.25001049041748D+01  0.10000000000000D+01  0.16176136536015D-14
 -0.28489316213551D+02 -0.25001049041748D+01  0.10000000000000D+01 -0.44860182022821D-14
 -0.28153778429259D+02 -0.25001049041748D+01  0.10000000000000D+01  0.33710522166688D-14
 -0.27821562801246D+02 -0.25001049041748D+01  0.10000000000000D+01 -0.26278919785274D-14
 -0.27492636436878D+02 -0.25001049041748D+01  0.10000000000000D+01  0.27711784012256D-14
 -0.27166966769186D+02 -0.25001049041748D+01  0.10000000000000D+01 -0.82960450321071D-15
 -0.26844521553649D+02 -0.25001049041748D+01  0.10000000000000D+01 -0.14002640464240D-14
 -0.26525268864999D+02 -0.25001049041748D+01  0.10000000000000D+01 -0.62577507711859D-15
 -0.26209177094059D+02 -0.25001049041748D+01  0.10000000000000D+01  0.22420458129218D-14
 -0.25896214944613D+02 -0.25001049041748D+01  0.10000000000000D+01 -0.41744557673594D-14
 -0.25586351430310D+02 -0.25001049041748D+01  0.10000000000000D+01  0.46038159212897D-14
 -0.25279555871594D+02 -0.25001049041748D+01  0.10000000000000D+01 -0.25734715939740D-14
 -0.24975797892667D+02 -0.25001049041748D+01  0.10000000000000D+01  0.12311185548791D-14
 -0.24675047418482D+02 -0.25001049041748D+01  0.10000000000000D+01  0.12778908671935D-14
 -0.24377274671764D+02 -0.25001049041748D+01  0.10000000000000D+01  0.56569095382378D-15
 -0.24082450170064D+02 -0.25001049041748D+01  0.10000000000000D+01 -0.23970823296038D-15
 -0.23790544722835D+02 -0.25001049041748D+01  0.10000000000000D+01  0.10522303844958D-15
 -0.23501529428550D+02 -0.25001049041748D+01  0.10000000000000D+01  0.31169654141403D-14
 -0.23215375671832D+02 -0.25001049041748D+01  0.10000000000000D+01 -0.49263249865062D-14
 -0.22932055120625D+02 -0.25001049041748D+01  0.10000000000000D+01  0.47341963147287D-14
 -0.22651539723391D+02 -0.25001049041748D+01  0.10000000000000D+01 -0.21219079536391D-14
 -0.22373801706328D+02 -0.25001049041748D+01  0.10000000000000D+01 -0.36862357174409D-14
 -0.22098813570622D+02 -0.25001049041748D+01  0.10000000000000D+01  0.55857888403381D-14
 -0.21826548089725D+02 -0.25001049041748D+01  0.10000000000000D+01 -0.14424335817030D-15
 -0.21556978306658D+02 -0.25001049041748D+01  0.10000000000000D+01  0.85368014418700D-15
 -0.21290077531345D+02 -0.25001049041748D+01  0.10000000000000D+01  0.64010144298736D-14
 -0.21025819337965D+02 -0.25001049041748D+01  0.10000000000000D+01 -0.42065422224344D-14
 -0.20764177562342D+02 -0.25001049041748D+01  0.10000000000000D+01 -0.12261348247757D-13
 -0.20505126299348D+02 -0.25001049041748D+01  0.10000000000000D+01  0.52490458946628D-13
 -0.20248639900345D+02 -0.25001049041748D+01  0.10000000000000D+01 -0.17228487516827D-12
 -0.19994692970638D+02 -0.25001049041748D+01  0.10000000000000D+01  0.63175322178449D-12
 -0.19743260366969D+02 -0.25001049041748D+01  0.10000000000000D+01 -0.23098836211821D-11
 -0.19494317195018D+02 -0.25001049041748D+01  0.10000000000000D+01  0.83784507109996D-11
 -0.19247838806949D+02 -0.25001049041748D+01  0.10000000000000D+01 -0.30453757571269D-10
 -0.19003800798959D+02 -0.25001049041748D+01  0.10000000000000D+01  0.11079012013360D-09
 -0.18762179008871D+02 -0.25001049041748D+01  0.10000000000000D+01 -0.40305342396962D-09
 -0.18522949513733D+02 -0.25001049041748D+01  0.10000000000000D+01  0.14664659486741D-08
 -0.18286088627459D+02 -0.25001049041748D+01  0.10000000000000D+01 -0.53369597630137D-08
 -0.18051572898474D+02 -0.25001049041748D+01  0.10000000000000D+01  0.19456873445733D-07
 -0.17819379107400D+02 -0.25001049041748D+01  0.10000000000000D+01 -0.71830953629615D-07
 -0.17589484264752D+02 -0.25001049041748D+01  0.10000000000000D+01  0.28889445502500D-06
 -0.17361865608666D+02 -0.25001049041748D+01  0.10000000000000D+01 -0.17805662082537D-05
 -0.17136500602639D+02 -0.25001049041748D+01  0.99999994039536D+00  0.17961240246223D-05
 -0.16913366933306D+02 -0.25001049041748D+01  0.99999994039536D+00 -0.27841124961014D-06
 -0.16692442508224D+02 -0.25001049041748D+01  0.99999994039536D+00 -0.86745934879673D-08
 -0.16473705453687D+02 -0.25001049041748D+01  0.99999994039536D+00  0.32180696507567D-06
 -0.16257134112562D+02 -0.25001049041748D+01  0.99999994039536D+00 -0.20502632196440D-05
 -0.16042707042140D+02 -0.25001049041748D+01  0.99999988079071D+00  0.23396978576784D-05
 -0.15830403012020D+02 -0.25001049041748D+01  0.99999988079071D+00 -0.24470982680214D-05
 -0.15620201002000D+02 -0.25001049041748D+01  0.99999982118607D+00  0.24274572751892D-05
 -0.15412080200000D+02 -0.25001049041748D+01  0.99999982118607D+00 -0.21939338239463D-05
 -0.15206020000000D+02 -0.25001049041748D+01  0.99999976158142D+00  0.27040925942856D-06
 -0.15002000000000D+02 -0.25001049041748D+01  0.99999970197678D+00  0.26856091039917D-06
 -0.14800000000000D+02 -0.25001049041748D+01  0.99999964237213D+00 -0.23008847165329D-05
 -0.14600000000000D+02 -0.25001049041748D+01  0.99999952316284D+00  0.24880710043362D-05
 -0.14400000000000D+02 -0.25001049041748D+01  0.99999946355820D+00 -0.20241805032128D-05
 -0.14200000000000D+02 -0.25001049041748D+01  0.99999934434891D+00 -0.16643043636577D-05
 -0.14000000000000D+02 -0.25001049041748D+01  0.99999916553497D+00  0.53720134474133D-06
 -0.13800000000000D+02 -0.25001049041748D+01  0.99999898672104D+00 -0.21517105324165D-05
 -0.13600000000000D+02 -0.25001049041748D+01  0.99999874830246D+00  0.84545843037631D-06
 -0.13400000000000D+02 -0.25001049041748D+01  0.99999850988388D+00 -0.37429813346535D-05
 -0.13200000000000D+02 -0.25001049041748D+01  0.99999815225601D+00 -0.12656792023336D-05
 -0.13000000000000D+02 -0.25001049041748D+01  0.99999773502350D+00 -0.95715051884326D-06
 -0.12800000000000D+02 -0.25001049041748D+01  0.99999725818634D+00 -0.55141772463685D-05
 -0.12600000000000D+02 -0.25001049041748D+01  0.99999660253525D+00 -0.47199850428115D-06
 -0.12400000000000D+02 -0.25001049041748D+01  0.99999588727951D+00 -0.48480592340638D-05
 -0.12200000000000D+02 -0.25001049041748D+01  0.99999499320984D+00 -0.60890884014952D-05
 -0.12000000000000D+02 -0.25001049041748D+01  0.99999386072159D+00 -0.57580341490393D-05
 -0.11800000000000D+02 -0.25001049041748D+01  0.99999248981476D+00 -0.74666368163889D-05
 -0.11600000000000D+02 -0.25001049041748D+01  0.99999082088470D+00 -0.90508901848807D-05
 -0.11400000000000D+02 -0.25001049041748D+01  0.99998879432678D+00 -0.99250382845639D-05
 -0.11200000000000D+02 -0.25001049041748D+01  0.99998635053635D+00 -0.15475063264603D-04
 -0.11000000000000D+02 -0.25001049041748D+01  0.99998331069946D+00 -0.15889187125140D-04
 -0.10800000000000D+02 -0.25001049041748D+01  0.99997961521149D+00 -0.20957557353540D-04
 -0.10600000000000D+02 -0.25001049041748D+01  0.99997508525848D+00 -0.25400546292076D-04
 -0.10400000000000D+02 -0.25001049041748D+01  0.99996954202652D+00 -0.29380906198639D-04
 -0.10200000000000D+02 -0.25001049041748D+01  0.99996280670166D+00 -0.37480818718905D-04
 -0.10000000000000D+02 -0.25001049041748D+01  0.99995458126068D+00 -0.44087260903325D-04
 -0.98000000000000D+01 -0.25001049041748D+01  0.99994456768036D+00 -0.56778022553772D-04
 -0.96000000000000D+01 -0.25001049041748D+01  0.99993228912354D+00 -0.68446926889010D-04
 -0.94000000000000D+01 -0.25001049041748D+01  0.99991726875305D+00 -0.81396690802649D-04
 -0.92000000000000D+01 -0.25001049041748D+01  0.99989897012711D+00 -0.10079262574436D-03
 -0.90000000000000D+01 -0.25001049041748D+01  0.99987661838531D+00 -0.12568068632390D-03
 -0.88000000000000D+01 -0.25001049041748D+01  0.99984925985336D+00 -0.14720149920322D-03
 -0.86000000000000D+01 -0.25001049041748D+01  0.99981594085693D+00 -0.18671889847610D-03
 -0.84000000000000D+01 -0.25001049041748D+01  0.99977517127991D+00 -0.22390203957912D-03
 -0.82000000000000D+01 -0.25001049041748D+01  0.99972540140152D+00 -0.27303048409522D-03
 -0.80000000000000D+01 -0.25001049041748D+01  0.99966466426849D+00 -0.33585121855140D-03
 -0.78000000000000D+01 -0.25001049041748D+01  0.99959045648575D+00 -0.41004471131600D-03
 -0.76000000000000D+01 -0.25001049041748D+01  0.99949979782104D+00 -0.49899989971891D-03
 -0.74000000000000D+01 -0.25001049041748D+01  0.99938911199570D+00 -0.60846499400213D-03
 -0.72000000000000D+01 -0.25001049041748D+01  0.99925398826599D+00 -0.74636132922024D-03
 -0.70000000000000D+01 -0.25001046657562D+01  0.99908894300461D+00 -0.90670806821436D-03
 -0.68000000000000D+01 -0.25001046657562D+01  0.99888747930527D+00 -0.11099166003987D-02
 -0.66000000000000D+01 -0.25001046657562D+01  0.99864149093628D+00 -0.13530120486394D-02
 -0.64000000000000D+01 -0.25001044273376D+01  0.99834120273590D+00 -0.16498052282259D-02
 -0.62000000000000D+01 -0.25001037120819D+01  0.99797469377518D+00 -0.20144886802882D-02
 -0.60000000000000D+01 -0.25001025199890D+01  0.99752736091614D+00 -0.24536177515984D-02
 -0.58000000000000D+01 -0.25001001358032D+01  0.99698156118393D+00 -0.29894777107984D-02
 -0.56000000000000D+01 -0.25000953674316D+01  0.99631577730179D+00 -0.36458030808717D-02
 -0.54000000000000D+01 -0.25000858306885D+01  0.99550372362137D+00 -0.44352756813169D-02
 -0.52000000000000D+01 -0.25000674724579D+01  0.99451369047165D+00 -0.53949272260070D-02
 -0.50000000000000D+01 -0.25000333786011D+01  0.99330717325211D+00 -0.65604774281383D-02
 -0.48000000000000D+01 -0.24999706745148D+01  0.99183744192123D+00 -0.79650273546576D-02
 -0.46000000000000D+01 -0.24998579025269D+01  0.99004817008972D+00 -0.96532637253404D-02
 -0.44000000000000D+01 -0.24996595382690D+01  0.98787158727646D+00 -0.11693168431520D-01
 -0.42000000000000D+01 -0.24993174076080D+01  0.98522597551346D+00 -0.14126211404800D-01
 -0.40000000000000D+01 -0.24987401962280D+01  0.98201376199722D+00 -0.17025377601385D-01
 -0.38000000000000D+01 -0.24977862834930D+01  0.97811871767044D+00 -0.20467558875680D-01
 -0.36000000000000D+01 -0.24962439537048D+01  0.97340297698975D+00 -0.24510385468602D-01
 -0.34000000000000D+01 -0.24938025474548D+01  0.96770453453064D+00 -0.29235661029816D-01
 -0.32000000000000D+01 -0.24900212287903D+01  0.96083426475525D+00 -0.34682590514421D-01
 -0.30000000000000D+01 -0.24842905998230D+01  0.95257413387299D+00 -0.40892548859119D-01
 -0.28000000000000D+01 -0.24757945537567D+01  0.94267582893372D+00 -0.47842320054770D-01
 -0.26000000000000D+01 -0.24634735584259D+01  0.93086159229279D+00 -0.55458836257458D-01
 -0.24000000000000D+01 -0.24460010528564D+01  0.91682732105255D+00 -0.63572525978088D-01
 -0.22000000000000D+01 -0.24217770099640D+01  0.90024948120117D+00 -0.71881659328938D-01
 -0.20000000000000D+01 -0.23889524936676D+01  0.88079708814621D+00 -0.79964786767960D-01
 -0.18000000000000D+01 -0.23454952239990D+01  0.85814893245697D+00 -0.87193854153156D-01
 -0.16000000000000D+01 -0.22893064022064D+01  0.83201837539673D+00 -0.92808626592159D-01
 -0.14000000000000D+01 -0.22183880805969D+01  0.80218386650085D+00 -0.95903635025024D-01
 -0.12000000000000D+01 -0.21310658454895D+01  0.76852476596832D+00 -0.95536947250366D-01
 -0.10000000000000D+01 -0.20262494087219D+01  0.73105859756470D+00 -0.90859450399876D-01
 -0.80000000000000D+00 -0.19037102460861D+01  0.68997448682785D+00 -0.81274963915348D-01
 -0.60000000000000D+00 -0.17643458843231D+01  0.64565628767014D+00 -0.66646873950958D-01
 -0.40000000000000D+00 -0.16103886365891D+01  0.59868764877319D+00 -0.47420781105757D-01
 -0.20000000000000D+00 -0.14455196857452D+01  0.54983401298523D+00 -0.24671118706465D-01
  0.00000000000000D+00 -0.12748501300812D+01  0.50000000000000D+00  0.12705946801361D-05
  0.20000000000000D+00 -0.11047381162643D+01  0.45016601681709D+00  0.24668838828802D-01
  0.40000000000000D+00 -0.94240379333496D+00  0.40131235122681D+00  0.47420904040337D-01
  0.60000000000000D+00 -0.79516685009003D+00  0.35434368252754D+00  0.66648639738560D-01
  0.80000000000000D+00 -0.66843301057816D+00  0.31002551317215D+00  0.81275127828121D-01
  0.10000000000000D+01 -0.55930429697037D+00  0.26894143223763D+00  0.90856812894344D-01
  0.12000000000000D+01 -0.44190207123756D+00  0.23147521913052D+00  0.95538802444935D-01
  0.14000000000000D+01 -0.26954901218414D+00  0.19781611859798D+00  0.95903262495995D-01
  0.16000000000000D+01 -0.43161071836948D-01  0.16798160970211D+00  0.92809155583382D-01
  0.18000000000000D+01  0.17746321856976D+00  0.14185106754303D+00  0.87193854153156D-01
  0.20000000000000D+01  0.34982213377953D+00  0.11920291930437D+00  0.79962901771069D-01
  0.22000000000000D+01  0.46291768550873D+00  0.99750488996506D-01  0.71884788572788D-01
  0.24000000000000D+01  0.52074426412582D+00  0.83172693848610D-01  0.63570670783520D-01
  0.26000000000000D+01  0.53267866373062D+00  0.69138422608376D-01  0.55458687245846D-01
  0.28000000000000D+01  0.50963234901428D+00  0.57324174791574D-01  0.47842953354120D-01
  0.30000000000000D+01  0.46235466003418D+00  0.47425873577595D-01  0.40891520678997D-01
  0.32000000000000D+01  0.40054157376289D+00  0.39165724068880D-01  0.34683991223574D-01
  0.34000000000000D+01  0.33234202861786D+00  0.32295465469360D-01  0.29233815148473D-01
  0.36000000000000D+01  0.26413092017174D+00  0.26596993207932D-01  0.24512486532331D-01
  0.38000000000000D+01  0.20048624277115D+00  0.21881271153688D-01  0.20465819165111D-01
  0.40000000000000D+01  0.14432178437710D+00  0.17986210063100D-01  0.17027352005243D-01
  0.42000000000000D+01  0.97125865519047D-01  0.14774031937122D-01  0.14125651679933D-01
  0.44000000000000D+01  0.59258434921503D-01  0.12128435075283D-01  0.11690715327859D-01
  0.46000000000000D+01  0.30263189226389D-01  0.99518019706011D-02  0.96566500142217D-02
  0.48000000000000D+01  0.91607430949807D-02  0.81625711172819D-02  0.79637859016657D-02
  0.50000000000000D+01 -0.53006806410849D-02  0.66928509622812D-02  0.65590594895184D-02
  0.52000000000000D+01 -0.14449329115450D-01  0.54862988181412D-02  0.53963367827237D-02
  0.54000000000000D+01 -0.19551489502192D-01  0.44962731190026D-02  0.44358070008457D-02
  0.56000000000000D+01 -0.21726002916694D-01  0.36842399276793D-02  0.36436109803617D-02
  0.58000000000000D+01 -0.21902648732066D-01  0.30184162314981D-02  0.29911512974650D-02
  0.60000000000000D+01 -0.20813373848796D-01  0.24726232513785D-02  0.24543018080294D-02
  0.62000000000000D+01 -0.19005438312888D-01  0.20253204274923D-02  0.20130341872573D-02
  0.64000000000000D+01 -0.16866916790605D-01  0.16588011058047D-02  0.16505563398823D-02
  0.66000000000000D+01 -0.14657189138234D-01  0.13585200067610D-02  0.13529865536839D-02
  0.68000000000000D+01 -0.12537275440991D-01  0.11125360615551D-02  0.11088246246800D-02
  0.70000000000000D+01 -0.10596912354231D-01  0.91105117462575D-03  0.90856588212773D-03
  0.72000000000000D+01 -0.88769262656569D-02  0.74602884706110D-03  0.74435654096305D-03
  0.74000000000000D+01 -0.73865801095963D-02  0.61087933136150D-03  0.60976418899372D-03
  0.76000000000000D+01 -0.61162863858044D-02  0.50020113121718D-03  0.49944792408496D-03
  0.78000000000000D+01 -0.50464328378439D-02  0.40956717566587D-03  0.40906484355219D-03
  0.80000000000000D+01 -0.41531738825142D-02  0.33535013790242D-03  0.33501297002658D-03
  0.82000000000000D+01 -0.34119891934097D-02  0.27457816759124D-03  0.27435156516731D-03
  0.84000000000000D+01 -0.27996927965432D-02  0.22481677297037D-03  0.22466541850008D-03
  0.86000000000000D+01 -0.22954191081226D-02  0.18407190509606D-03  0.18397030362394D-03
  0.88000000000000D+01 -0.18809783505276D-02  0.15071035886649D-03  0.15064235776663D-03
  0.90000000000000D+01 -0.15408425824717D-02  0.12339458044153D-03  0.12334866914898D-03
  0.92000000000000D+01 -0.12619446497411D-02  0.10102919623023D-03  0.10099874634761D-03
  0.94000000000000D+01 -0.10333928512409D-02  0.82717226177920D-04  0.82696446042974D-04
  0.96000000000000D+01 -0.84616744425148D-03  0.67724147811532D-04  0.67710607254412D-04
  0.98000000000000D+01 -0.69283018819988D-03  0.55448523198720D-04  0.55439279094571D-04
  0.10000000000000D+02 -0.56726421462372D-03  0.45397868234431D-04  0.45391738240141D-04
  0.10200000000000D+02 -0.46444797771983D-03  0.37168938433751D-04  0.37164649256738D-04
  0.10400000000000D+02 -0.38026360562071D-03  0.30431556297117D-04  0.30428891477641D-04
  0.10600000000000D+02 -0.31133656739257D-03  0.24915389076341D-04  0.24913488232414D-04
  0.10800000000000D+02 -0.25490252301097D-03  0.20399087588885D-04  0.20397848857101D-04
  0.11000000000000D+02 -0.20869754371233D-03  0.16701422282495D-04  0.16700563719496D-04
  0.11200000000000D+02 -0.17086770094465D-03  0.13674009096576D-04  0.13673465218744D-04
  0.11400000000000D+02 -0.13989502622280D-03  0.11195359547855D-04  0.11194989383512D-04
  0.11600000000000D+02 -0.11453660408733D-03  0.91660040197894D-05  0.91657402663259D-05
  0.11800000000000D+02 -0.93774804554414D-04  0.75045018093078D-05  0.75043330980407D-05
  0.12000000000000D+02 -0.76776421337854D-04  0.61441746765922D-05  0.61440587160178D-05
  0.12200000000000D+02 -0.62859289755579D-04  0.50304302021686D-05  0.50303633543081D-05
  0.12400000000000D+02 -0.51464881835273D-04  0.41185717236658D-05  0.41185185182258D-05
  0.12600000000000D+02 -0.42135910916841D-04  0.33720039027685D-05  0.33719709335855D-05
  0.12800000000000D+02 -0.34497988963267D-04  0.27607650281425D-05  0.27607338779490D-05
  0.13000000000000D+02 -0.28244578061276D-04  0.22603242086916D-05  0.22603185243497D-05
  0.13200000000000D+02 -0.23124714061851D-04  0.18505977550376D-05  0.18505821799408D-05
  0.13400000000000D+02 -0.18932920283987D-04  0.15151417755987D-05  0.15151400702962D-05
  0.13600000000000D+02 -0.15500969311688D-04  0.12404935887389D-05  0.12404841527314D-05
  0.13800000000000D+02 -0.12691122719843D-04  0.10156304597331D-05  0.10156289818042D-05
  0.14000000000000D+02 -0.10390614079370D-04  0.83152804108977D-06  0.83152445995438D-06
  0.14200000000000D+02 -0.85071169451112D-05  0.68079765469520D-06  0.68079901893725D-06
  0.14400000000000D+02 -0.69650391196774D-05  0.55739008075761D-06  0.55738701121300D-06
  0.14600000000000D+02 -0.57024922170967D-05  0.45635243850484D-06  0.45635246692655D-06
  0.14800000000000D+02 -0.46688060137967D-05  0.37362980265243D-06  0.37362877947089D-06
  0.15002000000000D+02 -0.38148582461872D-05  0.30529102446053D-06  0.30529207606378D-06
  0.15206020000000D+02 -0.31108111215872D-05  0.24894839611989D-06  0.24894703187783D-06
  0.15412080200000D+02 -0.25315287075500D-05  0.20259024324787D-06  0.20259044219983D-06
  0.15620201002000D+02 -0.20558773030643D-05  0.16452534623568D-06  0.16452548834422D-06
  0.15830403012020D+02 -0.16661250583638D-05  0.13333472281829D-06  0.13333443860120D-06
  0.16042707042140D+02 -0.13474267461788D-05  0.10783029580352D-06  0.10783058712605D-06
  0.16257134112562D+02 -0.10873783367060D-05  0.87019451200376D-07  0.87018996453025D-07
  0.16473705453687D+02 -0.87563870465601D-06  0.70074591462799D-07  0.70074868574466D-07
  0.16692442508224D+02 -0.70360454174079D-06  0.56307246865117D-07  0.56307140283707D-07
  0.16913366933306D+02 -0.56413415450152D-06  0.45145871041541D-07  0.45145899463250D-07
  0.17136500602639D+02 -0.45131179149394D-06  0.36117054236229D-07  0.36117032919947D-07
  0.17361865608666D+02 -0.36024826499670D-06  0.28829528986307D-07  0.28829573395228D-07
  0.17589484264752D+02 -0.28691178499685D-06  0.22960643164538D-07  0.22960565004837D-07
  0.17819379107400D+02 -0.22798502641308D-06  0.18244920241273D-07  0.18244971755621D-07
  0.18051572898474D+02 -0.18074480578889D-06  0.14464435871275D-07  0.14464402120495D-07
  0.18286088627459D+02 -0.14296080053100D-06  0.11440699942966D-07  0.11440713265642D-07
  0.18522949513733D+02 -0.11281051115475D-06  0.90278682307599D-08  0.90278797770793D-08
  0.18762179008871D+02 -0.88808292275644D-07  0.71070469509493D-08  0.71070394014328D-08
  0.19003800798959D+02 -0.69745873076954D-07  0.55815418953387D-08  0.55815410071602D-08
  0.19247838806949D+02 -0.54642953273287D-07  0.43729029286510D-08  0.43728940468668D-08
  0.19494317195018D+02 -0.42706105318757D-07  0.34176343977066D-08  0.34176452778922D-08
  0.19743260366969D+02 -0.33294714540943D-07  0.26644708661649D-08  0.26644664252728D-08
  0.19994692970638D+02 -0.25892830990415D-07  0.20721213633834D-08  0.20721220295172D-08
  0.20248639900345D+02 -0.20085922258772D-07  0.16074128694754D-08  0.16074122033416D-08
  0.20505126299348D+02 -0.15541793629836D-07  0.12437606500271D-08  0.12437616492278D-08
  0.20764177562342D+02 -0.11994899296042D-07  0.95991392612405D-09  0.95991237181181D-09
  0.21025819337965D+02 -0.92335143975220D-08  0.73892897356487D-09  0.73893002827674D-09
  0.21290077531345D+02 -0.70892642867193D-08  0.56733140407772D-09  0.56733123754427D-09
  0.21556978306658D+02 -0.54285971273771D-08  0.43443348918260D-09  0.43443348918260D-09
  0.21826548089725D+02 -0.41458632082936D-08  0.33178032543546D-09  0.33177988134625D-09
  0.22098813570622D+02 -0.31577049863785D-08  0.25270113779285D-09  0.25270152637091D-09
  0.22373801706328D+02 -0.23985327057829D-08  0.19194701383896D-09  0.19194749956153D-09
  0.22651539723391D+02 -0.18168777593530D-08  0.14539897064125D-09  0.14539802695168D-09
  0.22932055120625D+02 -0.13724585912200D-08  0.10983353115890D-09  0.10983398218700D-09
  0.23215375671832D+02 -0.10338433442669D-08  0.82735207573847D-10  0.82735839013193D-10
  0.23501529428550D+02 -0.77656880925758D-09  0.62146343626779D-10  0.62145642798495D-10
  0.23790544722835D+02 -0.58165056104897D-09  0.46547654619644D-10  0.46547276449926D-10
  0.24082450170064D+02 -0.43439890573538D-09  0.34763580902819D-10  0.34764267853316D-10
  0.24377274671764D+02 -0.32348040912566D-09  0.25887125776336D-10  0.25886719851043D-10
  0.24675047418482D+02 -0.24017426936140D-09  0.19220403046916D-10  0.19221301633676D-10
  0.24975797892667D+02 -0.17779250294225D-09  0.14228174194386D-10  0.14227121217236D-10
  0.25279555871594D+02 -0.13121753683620D-09  0.10500933456115D-10  0.10501374075877D-10
  0.25586351430310D+02 -0.96550267780771D-10  0.77265971398788D-11  0.77271296999859D-11
  0.25896214944613D+02 -0.70824457409913D-10  0.56678550741651D-11  0.56666776306058D-11
  0.26209177094059D+02 -0.51791904098764D-10  0.41447401066819D-11  0.41453299126637D-11
  0.26525268864999D+02 -0.37755909509940D-10  0.30214719615174D-11  0.30217182922510D-11
  0.26844521553649D+02 -0.27436664051805D-10  0.21956880758012D-11  0.21955501652848D-11
  0.27166966769186D+02 -0.19874657475327D-10  0.15905055050780D-11  0.15904815442100D-11
  0.27492636436878D+02 -0.14350187704792D-10  0.11484146966723D-11  0.11484135040499D-11
  0.27821562801246D+02 -0.10327849686576D-10  0.82650553068220D-12  0.82624293691602D-12
  0.28153778429259D+02 -0.74082406875675D-11  0.59285909514983D-12  0.59346370049132D-12
  0.28489316213551D+02 -0.52965964947305D-11  0.42388315080188D-12  0.42345798091994D-12
  0.28828209375687D+02 -0.37742031722132D-11  0.30203617384927D-12  0.30220888725535D-12
  0.29170491469444D+02 -0.26803559372013D-11  0.21449508835758D-12  0.21465843696739D-12
  0.29516196384138D+02 -0.18973711490844D-11  0.15182299861749D-12  0.15149556956140D-12
  0.29865358347980D+02 -0.13380963004295D-11  0.10708101072510D-12  0.10732323504296D-12
  0.30218011931459D+02 -0.94063645761366D-12  0.75273121069586D-13  0.74617666646210D-13
  0.30574192050774D+02 -0.65808469784656D-12  0.52680082518464D-13  0.53052268795487D-13
  0.30933933971282D+02 -0.45935477643866D-12  0.36748382115093D-13  0.37368210332707D-13
  0.31297273310995D+02 -0.31974423109205D-12  0.25590640717610D-13  0.24773169220215D-13
  0.31664246044105D+02 -0.22148949341272D-12  0.17708057242771D-13  0.17927974100933D-13
  0.32034888504546D+02 -0.15265566588596D-12  0.12212453270877D-13  0.12768568517232D-13
  0.32409237389591D+02 -0.10547118733939D-12  0.84376949871512D-14  0.77500007957367D-14
  0.32787329763487D+02 -0.72164496600635D-13  0.57731597280508D-14  0.60343512311826D-14
  0.33169203061122D+02 -0.49404924595819D-13  0.39412917374193D-14  0.36661898357112D-14
  0.33554895091733D+02 -0.33306690738755D-13  0.26645352591004D-14  0.32145289983456D-14
  0.33944444042650D+02 -0.22759572004816D-13  0.18318679906315D-14  0.12392337657885D-14
  0.34337888483077D+02 -0.15265566588596D-13  0.12212453270877D-14  0.16300177099602D-14
  0.34735267367908D+02 -0.10547118733939D-13  0.83266726846887D-15  0.55231169784499D-15
  0.35136620041587D+02 -0.66613381477509D-14  0.55511151231258D-15  0.87049517755809D-15
  0.35541986242003D+02 -0.49960036108132D-14  0.38857805861880D-15 -0.24084283359323D-15
  0.35951406104423D+02 -0.27755575615629D-14  0.22204460492503D-15  0.90001623453360D-15
  0.36364920165467D+02 -0.22204460492503D-14  0.16653345369377D-15 -0.12094880068540D-15
  0.36782569367122D+02 -0.11102230246252D-14  0.11102230246252D-15 -0.20634333054407D-16
  0.37204395060793D+02 -0.55511151231258D-15  0.55511151231258D-16  0.38239858269167D-15
  0.37630439011401D+02 -0.55511151231258D-15  0.55511151231258D-16  0.16451722411173D-16
  0.38060743401515D+02 -0.55511151231258D-15  0.55511151231258D-16 -0.43708932957395D-15
  0.38495350835530D+02  0.00000000000000D+00  0.00000000000000D+00  0.44248019135741D-15
  0.38934304343885D+02  0.00000000000000D+00  0.00000000000000D+00 -0.71409549369637D-16
  0.39377647387324D+02  0.00000000000000D+00  0.00000000000000D+00  0.17730874510425D-16
  0.39825423861197D+02  0.00000000000000D+00  0.00000000000000D+00 -0.48017474735137D-17
  0.40277678099809D+02  0.00000000000000D+00  0.00000000000000D+00  0.13170634410865D-17
  0.40734454880807D+02  0.00000000000000D+00  0.00000000000000D+00 -0.36189487841319D-18
  0.41195799429615D+02  0.00000000000000D+00  0.00000000000000D+00  0.99463531425220D-19
  0.41661757423912D+02  0.00000000000000D+00  0.00000000000000D+00 -0.27337566381273D-19
  0.42132374998151D+02  0.00000000000000D+00  0.00000000000000D+00  0.75137686033400D-20
  0.42607698748132D+02  0.00000000000000D+00  0.00000000000000D+00 -0.20651713078735D-20
  0.43087775735614D+02  0.00000000000000D+00  0.00000000000000D+00  0.56761563783463D-21
  0.43572653492970D+02  0.00000000000000D+00  0.00000000000000D+00 -0.15601006773033D-21
  0.44062380027899D+02  0.00000000000000D+00  0.00000000000000D+00  0.42879619975894D-22
  0.44557003828178D+02  0.00000000000000D+00  0.00000000000000D+00 -0.11785533014626D-22
  0.45056573866460D+02  0.00000000000000D+00  0.00000000000000D+00  0.32392727138383D-23
  0.45561139605125D+02  0.00000000000000D+00  0.00000000000000D+00 -0.89031936307749D-24
  0.46070751001176D+02  0.00000000000000D+00  0.00000000000000D+00  0.24470571283140D-24
  0.46585458511188D+02  0.00000000000000D+00  0.00000000000000D+00 -0.67257756926199D-25
  0.47105313096300D+02  0.00000000000000D+00  0.00000000000000D+00  0.18485902985733D-25
  0.47630366227263D+02  0.00000000000000D+00  0.00000000000000D+00 -0.50808801420195D-26
  0.48160669889535D+02  0.00000000000000D+00  0.00000000000000D+00  0.13964881434083D-26
  0.48696276588431D+02  0.00000000000000D+00  0.00000000000000D+00 -0.38382702863456D-27
  0.49237239354315D+02  0.00000000000000D+00  0.00000000000000D+00  0.10549547289455D-27
  0.49783611747858D+02  0.00000000000000D+00  0.00000000000000D+00 -0.28995600545745D-28
  0.50335447865337D+02  0.00000000000000D+00  0.00000000000000D+00  0.79694875774450D-29
  0.50892802343990D+02  0.00000000000000D+00  0.00000000000000D+00 -0.21904265176725D-29
  0.51455730367430D+02  0.00000000000000D+00  0.00000000000000D+00  0.60204226817195D-30
  0.52024287671104D+02  0.00000000000000D+00  0.00000000000000D+00 -0.16547229440508D-30
  0.52598530547815D+02  0.00000000000000D+00  0.00000000000000D+00  0.45480326059903D-31
  0.53178515853293D+02  0.00000000000000D+00  0.00000000000000D+00 -0.12500340639127D-31
  0.53764301011826D+02  0.00000000000000D+00  0.00000000000000D+00  0.34357389293452D-32
  0.54355944021945D+02  0.00000000000000D+00  0.00000000000000D+00 -0.94431841754721D-33
  0.54953503462164D+02  0.00000000000000D+00  0.00000000000000D+00  0.25954743074601D-33
  0.55557038496786D+02  0.00000000000000D+00  0.00000000000000D+00 -0.71337027074092D-34
  0.56166608881754D+02  0.00000000000000D+00  0.00000000000000D+00  0.19607097973964D-34
  0.56782274970571D+02  0.00000000000000D+00  0.00000000000000D+00 -0.53890425154007D-35
  0.57404097720277D+02  0.00000000000000D+00  0.00000000000000D+00  0.14811870054538D-35
  0.58032138697480D+02  0.00000000000000D+00  0.00000000000000D+00 -0.40710661994372D-36
  0.58666460084454D+02  0.00000000000000D+00  0.00000000000000D+00  0.11189391779448D-36
  0.59307124685299D+02  0.00000000000000D+00  0.00000000000000D+00 -0.30754224529017D-37
  0.59954195932152D+02  0.00000000000000D+00  0.00000000000000D+00  0.84528481367708D-38
  0.60607737891473D+02  0.00000000000000D+00  0.00000000000000D+00 -0.23232785850319D-38
  0.61267815270388D+02  0.00000000000000D+00  0.00000000000000D+00  0.63855629590971D-39
  0.61934493423092D+02  0.00000000000000D+00  0.00000000000000D+00 -0.17550842876129D-39
  0.62607838357323D+02  0.00000000000000D+00  0.00000000000000D+00  0.48238298335918D-40
  0.63287916740896D+02  0.00000000000000D+00  0.00000000000000D+00 -0.13259086069441D-40
  0.63974795908305D+02  0.00000000000000D+00  0.00000000000000D+00  0.36447773057088D-41
  0.64668543867388D+02  0.00000000000000D+00  0.00000000000000D+00 -0.10019284019922D-41
  0.65369229306062D+02  0.00000000000000D+00  0.00000000000000D+00  0.27465449900766D-42
  0.66076921599123D+02  0.00000000000000D+00  0.00000000000000D+00 -0.75670117073540D-43
  0.66791690815114D+02  0.00000000000000D+00  0.00000000000000D+00  0.21019476964872D-43
  0.67513607723265D+02  0.00000000000000D+00  0.00000000000000D+00 -0.56051938572993D-44
  0.68242743800498D+02  0.00000000000000D+00  0.00000000000000D+00  0.14012984643248D-44
  0.68979171238503D+02  0.00000000000000D+00  0.00000000000000D+00  0.00000000000000D+00
  0.69722962950888D+02  0.00000000000000D+00  0.00000000000000D+00  0.00000000000000D+00
  0.70474192580397D+02  0.00000000000000D+00  0.00000000000000D+00  0.00000000000000D+00
  0.71232934506201D+02  0.00000000000000D+00  0.00000000000000D+00  0.00000000000000D+00
  0.71999263851263D+02  0.00000000000000D+00  0.00000000000000D+00  0.00000000000000D+00
  0.72773256489775D+02  0.00000000000000D+00  0.00000000000000D+00  0.00000000000000D+00
  0.73554989054673D+02  0.00000000000000D+00  0.00000000000000D+00  0.00000000000000D+00
  0.74344538945220D+02  0.00000000000000D+00  0.00000000000000D+00  0.00000000000000D+00
  0.75141984334672D+02  0.00000000000000D+00  0.00000000000000D+00  0.00000000000000D+00
  0.75947404178019D+02  0.00000000000000D+00  0.00000000000000D+00  0.00000000000000D+00
  0.76760878219799D+02  0.00000000000000D+00  0.00000000000000D+00  0.00000000000000D+00
  0.77582487001997D+02  0.00000000000000D+00  0.00000000000000D+00  0.00000000000000D+00
  0.78412311872017D+02  0.00000000000000D+00  0.00000000000000D+00  0.00000000000000D+00
  0.79250434990737D+02  0.00000000000000D+00  0.00000000000000D+00  0.00000000000000D+00
  0.80096939340644D+02  0.00000000000000D+00  0.00000000000000D+00  0.00000000000000D+00
  0.80951908734051D+02  0.00000000000000D+00  0.00000000000000D+00  0.00000000000000D+00
  0.81815427821391D+02  0.00000000000000D+00  0.00000000000000D+00  0.00000000000000D+00
  0.82687582099605D+02  0.00000000000000D+00  0.00000000000000D+00  0.00000000000000D+00
  0.83568457920601D+02  0.00000000000000D+00  0.00000000000000D+00  0.00000000000000D+00
  0.84458142499807D+02  0.00000000000000D+00  0.00000000000000D+00  0.00000000000000D+00
  0.85356723924806D+02  0.00000000000000D+00  0.00000000000000D+00  0.00000000000000D+00
  0.86264291164054D+02  0.00000000000000D+00  0.00000000000000D+00  0.00000000000000D+00
