 -0.86264291164054D+02  0.45308479457162D-05 -0.80890673698385D-16  0.10000000000000D+01
 -0.85356723924806D+02  0.92081126012999D-06  0.67932455960101D-17  0.99989509582520D+00
 -0.84458142499807D+02 -0.95367774122224D-07 -0.19809296494002D-17  0.99989509582520D+00
 -0.83568457920601D+02  0.20571699010929D-07 -0.89435822484514D-18  0.99989509582520D+00
 -0.82687582099605D+02 -0.55754596495206D-08  0.50080016505313D-17  0.99989509582520D+00
 -0.81815427821391D+02  0.15694509025721D-08 -0.26735006793306D-17  0.99989509582520D+00
 -0.80951908734051D+02 -0.44406181509693D-09  0.85719460258557D-18  0.99989509582520D+00
 -0.80096939340644D+02  0.12579105812538D-09 -0.38093151997266D-17  0.99989509582520D+00
 -0.79250434990737D+02 -0.35602142761659D-10 -0.15201558236103D-17  0.99989509582520D+00
 -0.78412311872017D+02  0.10099236551209D-10  0.57791647648217D-17  0.99989509582520D+00
 -0.77582487001997D+02 -0.28496053173371D-11 -0.12285222351140D-17  0.99989509582520D+00
 -0.76760878219799D+02  0.81432950660432D-12  0.17701172936170D-17  0.99989509582520D+00
 -0.75947404178019D+02 -0.22570607763426D-12  0.18500541668578D-17  0.99989509582520D+00
 -0.75141984334672D+02  0.67298753104583D-13 -0.14267232918806D-17  0.99989509582520D+00
 -0.74344538945220D+02 -0.16772673676921D-13  0.32222795946585D-17  0.99989509582520D+00
 -0.73554989054673D+02  0.63378888759630D-14 -0.66889455653927D-17  0.99989509582520D+00
 -0.72773256489775D+02 -0.74709168862644D-15  0.97734499572243D-17  0.99989509582520D+00
 -0.71999263851263D+02  0.94836222818491D-15 -0.30038925392111D-17  0.99989509582520D+00
 -0.71232934506201D+02  0.24138496114925D-15 -0.29119156385643D-17  0.99989509582520D+00
 -0.70474192580397D+02  0.25918234098092D-15  0.26344219788566D-17  0.99989509582520D+00
 -0.69722962950888D+02  0.16829256907165D-15 -0.28543033360806D-17  0.99989509582520D+00
 -0.68979171238503D+02  0.96234536571554D-16  0.71349075849415D-17  0.99989509582520D+00
 -0.68242743800498D+02  0.69822494176613D-16  0.59796700365821D-17  0.99989509582520D+00
 -0.67513607723265D+02  0.80550245862928D-16 -0.11094512816573D-16  0.99989509582520D+00
 -0.66791690815114D+02  0.17981472185721D-16  0.83195228663460D-17  0.99989509582520D+00
 -0.66076921599123D+02  0.41354477825560D-16 -0.75436903174978D-17  0.99989509582520D+00
 -0.65369229306062D+02  0.32689590509861D-17  0.43013900568834D-17  0.99989509582520D+00
 -0.64668543867388D+02  0.62473622264165D-17 -0.51700866575853D-18  0.99989509582520D+00
 -0.63974795908305D+02  0.33140620665023D-16 -0.24285019828064D-17  0.99989509582520D+00
 -0.63287916740896D+02 -0.21587724884823D-16  0.18405728158815D-17  0.99989509582520D+00
 -0.62607838357323D+02 -0.47022868630700D-17  0.29550677899648D-17  0.99989509582520D+00
 -0.61934493423092D+02  0.10184766343997D-16  0.17929882171687D-17  0.99989509582520D+00
 -0.61267815270388D+02 -0.14153556589150D-17 -0.26931158199912D-17  0.99989509582520D+00
 -0.60607737891473D+02 -0.93721656169208D-17  0.73937969186971D-17  0.99989509582520D+00
 -0.59954195932152D+02 -0.11540823906340D-17  0.11672180187613D-17  0.99989509582520D+00
 -0.59307124685299D+02  0.51611338750205D-17 -0.13321664149033D-17  0.99989509582520D+00
 -0.58666460084454D+02 -0.20440302952481D-16  0.30227071758339D-17  0.99989509582520D+00
 -0.58032138697480D+02  0.58755677021310D-17  0.48035226031082D-17  0.99989509582520D+00
 -0.57404097720277D+02  0.12409813328979D-17 -0.58036005072971D-17  0.99989509582520D+00
 -0.56782274970571D+02  0.19156952084440D-16 -0.57346070267653D-17  0.99989509582520D+00
 -0.56166608881754D+02 -0.61594250690863D-17  0.55117902123425D-17  0.99989509582520D+00
 -0.55557038496786D+02  0.23325355073473D-16 -0.13311399044426D-16  0.99989509582520D+00
 -0.54953503462164D+02 -0.14228012770447D-16  0.66991153374337D-17  0.99989509582520D+00
 -0.54355944021945D+02  0.33843502501289D-16 -0.10091394196452D-16  0.99989509582520D+00
 -0.53764301011826D+02 -0.29569294840105D-16  0.84119966957458D-17  0.99989509582520D+00
 -0.53178515853293D+02  0.49293823519293D-16 -0.12484502154823D-16  0.99989509582520D+00
 -0.52598530547815D+02 -0.38631213960578D-16  0.75528339719890D-17  0.99989509582520D+00
 -0.52024287671104D+02 -0.49016307732504D-17  0.97969985743422D-19  0.99989509582520D+00
 -0.51455730367430D+02 -0.53997086998323D-19 -0.87271721546680D-18  0.99989509582520D+00
 -0.50892802343990D+02  0.13992331332945D-18  0.27368391396047D-17  0.99989509582520D+00
 -0.50335447865337D+02 -0.13294257380592D-16 -0.18494803103078D-17  0.99989509582520D+00
 -0.49783611747858D+02 -0.23241268855484D-16  0.35355870729624D-17  0.99989509582520D+00
 -0.49237239354315D+02  0.11164619682209D-16  0.35989801271570D-17  0.99989509582520D+00
 -0.48696276588431D+02  0.19430679384024D-16 -0.89701434315108D-17  0.99989509582520D+00
 -0.48160669889535D+02  0.18871047031879D-16 -0.73558888855850D-17  0.99989509582520D+00
 -0.47630366227263D+02 -0.17497543403236D-16  0.74896663245114D-17  0.99989509582520D+00
 -0.47105313096300D+02  0.12171003184207D-16 -0.11185881532674D-16  0.99989509582520D+00
 -0.46585458511188D+02  0.31782456273660D-16 -0.33242397381181D-17  0.99989509582520D+00
 -0.46070751001176D+02 -0.47635905417553D-16  0.92790846369514D-17  0.99989509582520D+00
 -0.45561139605125D+02  0.28613735796483D-16 -0.74197323396231D-17  0.99989509582520D+00
 -0.45056573866460D+02  0.17825490737612D-16 -0.11414367015835D-16  0.99989509582520D+00
 -0.44557003828178D+02 -0.14520907499185D-16  0.59334674498776D-17  0.99989509582520D+00
 -0.44062380027899D+02  0.17004972237712D-16 -0.85019261175813D-17  0.99989509582520D+00
 -0.43572653492970D+02  0.12392286405774D-16 -0.45418448435077D-17  0.99989509582520D+00
 -0.43087775735614D+02 -0.62349896724042D-16  0.25042558864075D-16  0.99989509582520D+00
 -0.42607698748132D+02  0.65688748400886D-16 -0.20227204683076D-16  0.99989509582520D+00
 -0.42132374998151D+02  0.17290908929932D-17  0.33215050790130D-17  0.99989509582520D+00
 -0.41661757423912D+02 -0.31298125481398D-16  0.20432204854285D-17  0.99989509582520D+00
 -0.41195799429615D+02  0.36347156531082D-16 -0.16783458232754D-16  0.99989509582520D+00
 -0.40734454880807D+02 -0.13313058368735D-16  0.12727844628966D-17  0.99989509582520D+00
 -0.40277678099809D+02  0.53038519783157D-16 -0.81616281494801D-17  0.99989509582520D+00
 -0.39825423861197D+02 -0.48170244240927D-16  0.70932242995137D-17  0.99989509582520D+00
 -0.39377647387324D+02  0.42942175737920D-17 -0.30994354154785D-17  0.99989509582520D+00
 -0.38934304343885D+02 -0.35144740322896D-16  0.17181590187743D-16  0.99989509582520D+00
 -0.38495350835530D+02 -0.33128404861736D-16  0.12305410107580D-16  0.99989509582520D+00
 -0.38060743401515D+02  0.27313659336456D-16 -0.48742167669795D-17  0.99989509582520D+00
 -0.37630439011401D+02 -0.41070894668978D-17 -0.10576021119373D-16  0.99989509582520D+00
 -0.37204395060793D+02 -0.13448606801353D-16  0.14179629322058D-16  0.99989509582520D+00
 -0.36782569367122D+02  0.23358553140177D-16 -0.11049264382705D-16  0.99989509582520D+00
 -0.36364920165467D+02 -0.25809861526447D-16  0.10334750732665D-16  0.99989509582520D+00
 -0.35951406104423D+02 -0.40828220556770D-17  0.32367025226141D-17  0.99989509582520D+00
 -0.35541986242003D+02  0.40901252333052D-16 -0.22157124585641D-16  0.99989509582520D+00
 -0.35136620041587D+02 -0.27238280021595D-16  0.18751597188342D-16  0.99989509582520D+00
 -0.34735267367908D+02  0.10378161171212D-16 -0.15203923765859D-16  0.99989509582520D+00
 -0.34337888483077D+02  0.32846276715852D-16  0.65887471098426D-17  0.99989509582520D+00
 -0.33944444042650D+02 -0.28202269690020D-16  0.63322661124404D-17  0.99989509582520D+00
 -0.33554895091733D+02  0.21450548560760D-16 -0.14078124334730D-16  0.99989509582520D+00
 -0.33169203061122D+02  0.35346519452799D-16 -0.13113066776135D-16  0.99989509582520D+00
 -0.32787329763487D+02  0.21524708611398D-16  0.48225171515143D-17  0.99989509582520D+00
 -0.32409237389591D+02 -0.15045742224116D-17 -0.29778243557968D-17  0.99989509582520D+00
 -0.32034888504546D+02 -0.50144172633623D-17  0.54819289922293D-17  0.99989509582520D+00
 -0.31664246044105D+02  0.19910612884149D-16  0.11594741193027D-16  0.99989509582520D+00
 -0.31297273310995D+02 -0.49944616138025D-16 -0.51621463440903D-17  0.99989509582520D+00
 -0.30933933971282D+02 -0.11956977645335D-16  0.19985146820424D-16  0.99989509582520D+00
 -0.30574192050774D+02 -0.36881977600754D-17 -0.99703627835844D-17  0.99989509582520D+00
 -0.30218011931459D+02 -0.17192528824164D-16  0.15355137344918D-16  0.99989509582520D+00
 -0.29865358347980D+02  0.81287124822370D-16 -0.31424373095208D-16  0.99989509582520D+00
 -0.29516196384138D+02 -0.10220950036404D-15  0.40044101312545D-16  0.99989509582520D+00
 -0.29170491469444D+02  0.78898081629529D-16 -0.39082665977852D-16  0.99989509582520D+00
 -0.28828209375687D+02  0.20379832740981D-16  0.14440402973249D-16  0.99989509582520D+00
 -0.28489316213551D+02  0.18083433776746D-16 -0.40046589471828D-16  0.99989509582520D+00
 -0.28153778429259D+02 -0.32885620734507D-16  0.30093317066879D-16  0.99989509582520D+00
 -0.27821562801246D+02  0.41890553728221D-16 -0.23459138302663D-16  0.99989509582520D+00
 -0.27492636436878D+02 -0.58134319624676D-16  0.24738255660329D-16  0.99989509582520D+00
 -0.27166966769186D+02  0.21049293171778D-16 -0.74058630022924D-17  0.99989509582520D+00
 -0.26844521553649D+02  0.41160235965398D-16 -0.12500128423775D-16  0.99989509582520D+00
 -0.26525268864999D+02 -0.24460008645879D-16 -0.55862815488156D-17  0.99989509582520D+00
 -0.26209177094059D+02 -0.14794219554101D-16  0.20014695366266D-16  0.99989509582520D+00
 -0.25896214944613D+02  0.49190511969507D-16 -0.37265283997624D-16  0.99989509582520D+00
 -0.25586351430310D+02 -0.45701963762849D-16  0.41098170949677D-16  0.99989509582520D+00
 -0.25279555871594D+02  0.27864558315694D-16 -0.22973328511466D-16  0.99989509582520D+00
 -0.24975797892667D+02 -0.51243011767048D-16  0.10990170599744D-16  0.99989509582520D+00
 -0.24675047418482D+02 -0.13975467911990D-16  0.11407704903181D-16  0.99989509582520D+00
 -0.24377274671764D+02 -0.10829267426990D-16  0.50499111698566D-17  0.99989509582520D+00
 -0.24082450170064D+02  0.26090585119652D-16 -0.21398705429458D-17  0.99989509582520D+00
 -0.23790544722835D+02  0.62244671078319D-17  0.93932386634110D-18  0.99989509582520D+00
 -0.23501529428550D+02 -0.79316198268117D-16  0.27825085256863D-16  0.99989509582520D+00
 -0.23215375671832D+02  0.10646677398372D-15 -0.43977199541447D-16  0.99989509582520D+00
 -0.22932055120625D+02 -0.97258639109454D-16  0.42262073628543D-16  0.99989509582520D+00
 -0.22651539723391D+02  0.36838104768245D-16 -0.18942229232311D-16  0.99989509582520D+00
 -0.22373801706328D+02  0.51773740774229D-16 -0.32906955376866D-16  0.99989509582520D+00
 -0.22098813570622D+02 -0.22461426135026D-16  0.49864217491207D-16  0.99989509582520D+00
 -0.21826548089725D+02  0.26804910172512D-16 -0.12876585144788D-17  0.99989509582520D+00
 -0.21556978306658D+02 -0.96982380637196D-16  0.76207843777684D-17  0.99989509582520D+00
 -0.21290077531345D+02 -0.81916734999976D-16  0.57141729359392D-16  0.99989509582520D+00
 -0.21025819337965D+02  0.18968525965729D-15 -0.37551723408862D-16  0.99989509582520D+00
 -0.20764177562342D+02  0.41123343710078D-16 -0.10945680690498D-15  0.99989509582520D+00
 -0.20505126299348D+02 -0.19682529741639D-15  0.46858127339904D-15  0.99989509582520D+00
 -0.20248639900345D+02 -0.28604514387015D-16 -0.15379836627136D-14  0.99989509582520D+00
 -0.19994692970638D+02  0.72378687410194D-16  0.56396482773222D-14  0.99989509582520D+00
 -0.19743260366969D+02  0.23374829738526D-15 -0.20620283570374D-13  0.99989509582520D+00
 -0.19494317195018D+02 -0.23100044309503D-15  0.74794256075053D-13  0.99989509582520D+00
 -0.19247838806949D+02  0.18272455465499D-15 -0.27186008977852D-12  0.99989509582520D+00
 -0.19003800798959D+02 -0.24497262213690D-15  0.98902114796517D-12  0.99989509582520D+00
 -0.18762179008871D+02  0.12130266193400D-15 -0.35980493758025D-11  0.99989509582520D+00
 -0.18522949513733D+02 -0.16000184367115D-16  0.13091111528141D-10  0.99989509582520D+00
 -0.18286088627459D+02  0.15789640431441D-15 -0.47642927797353D-10  0.99989509582520D+00
 -0.18051572898474D+02  0.72688092663958D-16  0.17369110316690D-09  0.99989509582520D+00
 -0.17819379107400D+02 -0.85845128225553D-16 -0.64123345522304D-09  0.99989509582520D+00
 -0.17589484264752D+02  0.58861517262228D-16  0.25789550495148D-08  0.99989509582520D+00
 -0.17361865608666D+02 -0.18056398536478D-15 -0.15895079030770D-07  0.99989509582520D+00
 -0.17136500602639D+02  0.18769911297976D-15  0.16033961713902D-07  0.99989509582520D+00
 -0.16913366933306D+02 -0.91473238643585D-16 -0.24853712421447D-08  0.99989509582520D+00
 -0.16692442508224D+02  0.25187721120645D-15 -0.77437924128620D-10  0.99989509582520D+00
 -0.16473705453687D+02 -0.29849279595586D-15  0.28727642487070D-08  0.99989509582520D+00
 -0.16257134112562D+02  0.17926584119866D-15 -0.18302657167624D-07  0.99989509582520D+00
 -0.16042707042140D+02 -0.10349785071170D-15  0.20886435692091D-07  0.99989509582520D+00
 -0.15830403012020D+02 -0.38765475300163D-16 -0.21845195874448D-07  0.99989509582520D+00
 -0.15620201002000D+02  0.12319547616865D-15  0.21669862348972D-07  0.99989509582520D+00
 -0.15412080200000D+02  0.53783051817626D-16 -0.19585204569239D-07  0.99989509582520D+00
 -0.15206020000000D+02  0.77413570362682D-16  0.24139379384280D-08  0.99989509582520D+00
 -0.15002000000000D+02 -0.11132982836193D-15  0.23974380258807D-08  0.99989509582520D+00
 -0.14800000000000D+02  0.87956649014160D-16 -0.20539951961496D-07  0.99989509582520D+00
 -0.14600000000000D+02 -0.82846340424697D-16  0.22210960182178D-07  0.99989509582520D+00
 -0.14400000000000D+02 -0.72316695186367D-16 -0.18069817642186D-07  0.99989509582520D+00
 -0.14200000000000D+02  0.64848365985756D-16 -0.14857211461106D-07  0.99989509582520D+00
 -0.14000000000000D+02 -0.26416821513648D-15  0.47955857063187D-08  0.99989509582520D+00
 -0.13800000000000D+02  0.24840056447444D-15 -0.19208275858773D-07  0.99989509582520D+00
 -0.13600000000000D+02 -0.97886469194382D-16  0.75473902683143D-08  0.99989509582520D+00
 -0.13400000000000D+02 -0.69255736490672D-16 -0.33413520839076D-07  0.99989509582520D+00
 -0.13200000000000D+02  0.64041997237415D-16 -0.11298692648154D-07  0.99989509582520D+00
 -0.13000000000000D+02 -0.26393716043033D-15 -0.85444638031618D-08  0.99989509582520D+00
 -0.12800000000000D+02  0.24834698964053D-15 -0.49224951226279D-07  0.99989509582520D+00
 -0.12600000000000D+02 -0.97855009861325D-16 -0.42135210875927D-08  0.99989509582520D+00
 -0.12400000000000D+02 -0.69239967119474D-16 -0.43278522099399D-07  0.99989509582520D+00
 -0.12200000000000D+02  0.64073694798488D-16 -0.54357162326824D-07  0.99989509582520D+00
 -0.12000000000000D+02 -0.26388898543146D-15 -0.51401855216682D-07  0.99989509582520D+00
 -0.11800000000000D+02  0.24840765837537D-15 -0.66654514796483D-07  0.99989509582520D+00
 -0.11600000000000D+02 -0.97724950599252D-16 -0.80797107671060D-07  0.99989509582520D+00
 -0.11400000000000D+02 -0.69186504782123D-16 -0.88600614844836D-07  0.99989509582520D+00
 -0.11200000000000D+02  0.64661290818421D-16 -0.13814558030845D-06  0.99989509582520D+00
 -0.11000000000000D+02 -0.26482069520366D-15 -0.14184244889748D-06  0.99989509582520D+00
 -0.10800000000000D+02  0.25349282067422D-15 -0.18708767868247D-06  0.99989509582520D+00
 -0.10600000000000D+02 -0.11331634561637D-15 -0.22675014577089D-06  0.99989509582520D+00
 -0.10400000000000D+02 -0.95094312764903D-17 -0.26228275373796D-06  0.99989509582520D+00
 -0.10200000000000D+02 -0.14311432942606D-15 -0.33459050996498D-06  0.99989509582520D+00
 -0.10000000000000D+02  0.48735210584535D-15 -0.39356609704555D-06  0.99989509582520D+00
 -0.98000000000000D+01 -0.24253829179814D-14 -0.50685628139036D-06  0.99989509582520D+00
 -0.96000000000000D+01  0.94927151805379D-14 -0.61102434756322D-06  0.99989509582520D+00
 -0.94000000000000D+01 -0.34357065803459D-13 -0.72662652428335D-06  0.99989509582520D+00
 -0.92000000000000D+01  0.12281756828995D-12 -0.89977373818328D-06  0.99989509582520D+00
 -0.90000000000000D+01 -0.43949403578242D-12 -0.11219487987546D-05  0.99989509582520D+00
 -0.88000000000000D+01  0.15726054356305D-11 -0.13140648889021D-05  0.99989509582520D+00
 -0.86000000000000D+01 -0.56276064537564D-11 -0.16668358284733D-05  0.99989509582520D+00
 -0.84000000000000D+01  0.20138751777310D-10 -0.19987689938716D-05  0.99989509582520D+00
 -0.82000000000000D+01 -0.72070661938373D-10 -0.24373373435083D-05  0.99989509582520D+00
 -0.80000000000000D+01  0.25798671532407D-09 -0.29981372335897D-05  0.99989509582520D+00
 -0.78000000000000D+01 -0.92512691951541D-09 -0.36604603792512D-05  0.99989509582520D+00
 -0.76000000000000D+01  0.33598683835123D-08 -0.44545627133630D-05  0.99989509582520D+00
 -0.74000000000000D+01 -0.13303292689670D-07 -0.54317529247783D-05  0.99989509582520D+00
 -0.72000000000000D+01  0.80897976317829D-07 -0.66627567321120D-05  0.99989509582520D+00
 -0.70000000000000D+01 -0.79860093649131D-07 -0.80941717897076D-05  0.99989533424377D+00
 -0.68000000000000D+01  0.71758585740156D-08 -0.99082053566235D-05  0.99989533424377D+00
 -0.66000000000000D+01  0.48603379099177D-07 -0.12078317922715D-04  0.99989533424377D+00
 -0.64000000000000D+01  0.11840403146834D-06 -0.14727816051163D-04  0.99989551305771D+00
 -0.62000000000000D+01  0.85261184779029D-07 -0.17983393263421D-04  0.99989628791809D+00
 -0.60000000000000D+01  0.26336775249547D-06 -0.21903610104346D-04  0.99989742040634D+00
 -0.58000000000000D+01  0.50718870170385D-06 -0.26687528588809D-04  0.99989986419678D+00
 -0.56000000000000D+01  0.10344223255743D-05 -0.32547304726904D-04  0.99990463256836D+00
 -0.54000000000000D+01  0.19239294033468D-05 -0.39596721762791D-04  0.99991416931152D+00
 -0.52000000000000D+01  0.33950095712498D-05 -0.48167701606872D-04  0.99993252754211D+00
 -0.50000000000000D+01  0.62362973949348D-05 -0.58581808843883D-04  0.99996662139893D+00
 -0.48000000000000D+01  0.10925449714705D-04 -0.71140988438856D-04  0.10000293254852D+01
 -0.46000000000000D+01  0.18690008801059D-04 -0.86256186477840D-04  0.10001420974731D+01
 -0.44000000000000D+01  0.31529874831904D-04 -0.10456055315444D-03  0.10003404617310D+01
 -0.42000000000000D+01  0.51621445891215D-04 -0.12647376570385D-03  0.10006825923920D+01
 -0.40000000000000D+01  0.83081096818205D-04 -0.15274534234777D-03  0.10012598037720D+01
 -0.38000000000000D+01  0.13020928599872D-03 -0.18424160953145D-03  0.10022137165070D+01
 -0.36000000000000D+01  0.20014862820972D-03 -0.22180828091223D-03  0.10037560462952D+01
 -0.34000000000000D+01  0.30050153145567D-03 -0.26675540721044D-03  0.10061974525452D+01
 -0.32000000000000D+01  0.44200508273207D-03 -0.32043131068349D-03  0.10099788904190D+01
 -0.30000000000000D+01  0.63680845778435D-03 -0.38484582910314D-03  0.10157094001770D+01
 -0.28000000000000D+01  0.90057373745367D-03 -0.46242479584180D-03  0.10242054462433D+01
 -0.26000000000000D+01  0.12511011445895D-02 -0.55652298033237D-03  0.10365264415741D+01
 -0.24000000000000D+01  0.17113486537710D-02 -0.67153159761801D-03  0.10539989471436D+01
 -0.22000000000000D+01  0.23088799789548D-02 -0.81287283683196D-03  0.10782229900360D+01
 -0.20000000000000D+01  0.30773084145039D-02 -0.98742998670787D-03  0.11110475063324D+01
 -0.18000000000000D+01  0.40531475096941D-02 -0.12019992573187D-02  0.11545047760010D+01
 -0.16000000000000D+01  0.52732541225851D-02 -0.14626873889938D-02  0.12106935977936D+01
 -0.14000000000000D+01  0.67558158189058D-02 -0.17709069652483D-02  0.12816120386124D+01
 -0.12000000000000D+01  0.84796631708741D-02 -0.21193902939558D-02  0.13689342737198D+01
 -0.10000000000000D+01  0.10340000502765D-01 -0.24850692134351D-02  0.14737507104874D+01
 -0.80000000000000D+00  0.12104876339436D-01 -0.28239239472896D-02  0.15962899923325D+01
 -0.60000000000000D+00  0.13362668454647D-01 -0.30668254476041D-02  0.17356542348862D+01
 -0.40000000000000D+00  0.13522588647902D-01 -0.31264561694115D-02  0.18896116018295D+01
 -0.20000000000000D+00  0.11846375651658D-01 -0.29093809425831D-02  0.20544800758362D+01
  0.00000000000000D+00  0.76307193376124D-02 -0.23460844531655D-02  0.22251479625702D+01
  0.20000000000000D+00  0.42646218207665D-03 -0.14142837608233D-02  0.23952479362488D+01
  0.40000000000000D+00 -0.94337118789554D-02 -0.16775401309133D-03  0.25574967861176D+01
  0.60000000000000D+00 -0.19652763381600D-01  0.12738464865834D-02  0.27041828632355D+01
  0.80000000000000D+00 -0.21350333467126D-01  0.27288021519780D-02  0.28277575969696D+01
  0.10000000000000D+01  0.99017405882478D-02  0.40216082707047D-02  0.29214739799500D+01
  0.12000000000000D+01  0.87272197008133D-01  0.49835015088320D-02  0.29799950122833D+01
  0.14000000000000D+01  0.87403312325478D-01  0.55453777313232D-02  0.29998958110809D+01
  0.16000000000000D+01 -0.15333265066147D-01  0.56722178123891D-02  0.29799950122833D+01
  0.18000000000000D+01 -0.75673446059227D-01  0.54380614310503D-02  0.29214737415314D+01
  0.20000000000000D+01 -0.83943784236908D-01  0.49234349280596D-02  0.28277575969696D+01
  0.22000000000000D+01 -0.71011118590832D-01  0.42507220059633D-02  0.27041828632355D+01
  0.24000000000000D+01 -0.52228886634111D-01  0.35168884787709D-02  0.25574967861176D+01
  0.26000000000000D+01 -0.34089632332325D-01  0.28069226536900D-02  0.23952479362488D+01
  0.28000000000000D+01 -0.19260074943304D-01  0.21707208361477D-02  0.22251479625702D+01
  0.30000000000000D+01 -0.84855761379004D-02  0.16361126909032D-02  0.20544800758362D+01
  0.32000000000000D+01 -0.15217409236357D-02  0.12075339909643D-02  0.18896116018295D+01
  0.34000000000000D+01  0.24189809337258D-02  0.87788450764492D-03  0.17356542348862D+01
  0.36000000000000D+01  0.42180083692074D-02  0.63192460220307D-03  0.15962899923325D+01
  0.38000000000000D+01  0.46852743253112D-02  0.45309434062801D-03  0.14737507104874D+01
  0.40000000000000D+01  0.44175749644637D-02  0.32525588176213D-03  0.13689342737198D+01
  0.42000000000000D+01  0.38215799722821D-02  0.23499234521296D-03  0.12816121578217D+01
  0.44000000000000D+01  0.31303209252656D-02  0.17153506632894D-03  0.12106935977936D+01
  0.46000000000000D+01  0.24680714122951D-02  0.12692126620095D-03  0.11545045375824D+01
  0.48000000000000D+01  0.18860627897084D-02  0.95335264632013D-04  0.11110475063324D+01
  0.50000000000000D+01  0.14002565294504D-02  0.72738956077956D-04  0.10782229900360D+01
  0.52000000000000D+01  0.10076449252665D-02  0.56323762692045D-04  0.10539987087250D+01
  0.54000000000000D+01  0.69891504244879D-03  0.44198310206411D-04  0.10365264415741D+01
  0.56000000000000D+01  0.46224633115344D-03  0.35072829632554D-04  0.10242055654526D+01
  0.58000000000000D+01  0.28598608332686D-03  0.28085649319110D-04  0.10157092809677D+01
  0.60000000000000D+01  0.15900845755823D-03  0.22646278011962D-04  0.10099786520004D+01
  0.62000000000000D+01  0.71191170718521D-04  0.18355314750806D-04  0.10061974525452D+01
  0.64000000000000D+01  0.13495610801328D-04  0.14931422811060D-04  0.10037560462952D+01
  0.66000000000000D+01 -0.21854481019545D-04  0.12176977179479D-04  0.10022137165070D+01
  0.68000000000000D+01 -0.41298026189907D-04  0.99470116765588D-05  0.10012598037720D+01
  0.70000000000000D+01 -0.49951126129599D-04  0.81341822806280D-05  0.10006825923920D+01
  0.72000000000000D+01 -0.51694369176403D-04  0.66558895923663D-05  0.10003404617310D+01
  0.74000000000000D+01 -0.49341713747708D-04  0.54484739848704D-05  0.10001419782639D+01
  0.76000000000000D+01 -0.44831675040768D-04  0.44608709686145D-05  0.10000293254852D+01
  0.78000000000000D+01 -0.39432015910279D-04  0.36527474094328D-05  0.99996662139893D+00
  0.80000000000000D+01 -0.33917032851605D-04  0.29910984267190D-05  0.99993240833282D+00
  0.82000000000000D+01 -0.28722250135615D-04  0.24493242563040D-05  0.99991440773010D+00
  0.84000000000000D+01 -0.24058210328803D-04  0.20056622815900D-05  0.99990487098694D+00
  0.86000000000000D+01 -0.19998908101115D-04  0.16423330180260D-05  0.99989986419678D+00
  0.88000000000000D+01 -0.16537169358344D-04  0.13447938727040D-05  0.99989742040634D+00
  0.90000000000000D+01 -0.13626309737447D-04  0.11011368314939D-05  0.99989616870880D+00
  0.92000000000000D+01 -0.11201215784240D-04  0.90161563548463D-06  0.99989575147629D+00
  0.94000000000000D+01 -0.91936799435643D-05  0.73823048296617D-06  0.99989539384842D+00
  0.96000000000000D+01 -0.75384823503555D-05  0.60445148619692D-06  0.99989533424377D+00
  0.98000000000000D+01 -0.61775622270943D-05  0.49490557785248D-06  0.99989533424377D+00
  0.10000000000000D+02 -0.50604330681381D-05  0.40521112509850D-06  0.99989533424377D+00
  0.10200000000000D+02 -0.41444009184488D-05  0.33176814895342D-06  0.99989533424377D+00
  0.10400000000000D+02 -0.33937581065402D-05  0.27163810045749D-06  0.99989533424377D+00
  0.10600000000000D+02 -0.27788585157396D-05  0.22240227792736D-06  0.99989533424377D+00
  0.10800000000000D+02 -0.22752824406780D-05  0.18209118479717D-06  0.99989533424377D+00
  0.11000000000000D+02 -0.18629006035553D-05  0.14908562206983D-06  0.99989533424377D+00
  0.11200000000000D+02 -0.15252577441061D-05  0.12206275812332D-06  0.99989533424377D+00
  0.11400000000000D+02 -0.12487897720348D-05  0.99937459197008D-07  0.99989533424377D+00
  0.11600000000000D+02 -0.10224380275758D-05  0.81822385311625D-07  0.99989533424377D+00
  0.11800000000000D+02 -0.83710392573266D-06  0.66991042046993D-07  0.99989533424377D+00
  0.12000000000000D+02 -0.68537002562152D-06  0.54847891561849D-07  0.99989533424377D+00
  0.12200000000000D+02 -0.56113475466191D-06  0.44905959839525D-07  0.99989533424377D+00
  0.12400000000000D+02 -0.45941922621751D-06  0.36765936073380D-07  0.99989533424377D+00
  0.12600000000000D+02 -0.37614418602061D-06  0.30101521275583D-07  0.99989533424377D+00
  0.12800000000000D+02 -0.30795925454186D-06  0.24645018470437D-07  0.99989533424377D+00
  0.13000000000000D+02 -0.25213751086994D-06  0.20177822079859D-07  0.99989533424377D+00
  0.13200000000000D+02 -0.20643240361551D-06  0.16520113277352D-07  0.99989533424377D+00
  0.13400000000000D+02 -0.16901367416722D-06  0.13525625952582D-07  0.99989533424377D+00
  0.13600000000000D+02 -0.13837578194398D-06  0.11073777450576D-07  0.99989533424377D+00
  0.13800000000000D+02 -0.11329317572972D-06  0.90665004393031D-08  0.99989533424377D+00
  0.14000000000000D+02 -0.92756785363690D-07  0.74230035451706D-08  0.99989533424377D+00
  0.14200000000000D+02 -0.75942566013509D-07  0.60774798527063D-08  0.99989533424377D+00
  0.14400000000000D+02 -0.62176681581150D-07  0.49757828968211D-08  0.99989533424377D+00
  0.14600000000000D+02 -0.50905935466972D-07  0.40738497020243D-08  0.99989533424377D+00
  0.14800000000000D+02 -0.41678447360027D-07  0.33353768635891D-08  0.99989533424377D+00
  0.15002000000000D+02 -0.34054959741070D-07  0.27253364009994D-08  0.99989533424377D+00
  0.15206020000000D+02 -0.27770214572342D-07  0.22223454188008D-08  0.99989533424377D+00
  0.15412080200000D+02 -0.22598934279472D-07  0.18085211106467D-08  0.99989533424377D+00
  0.15620201002000D+02 -0.18352661612653D-07  0.14687158156335D-08  0.99989533424377D+00
  0.15830403012020D+02 -0.14873545062244D-07  0.11902739904812D-08  0.99989533424377D+00
  0.16042707042140D+02 -0.12028405826925D-07  0.96260155402206D-09  0.99989533424377D+00
  0.16257134112562D+02 -0.97070183002756D-08  0.77681683308128D-09  0.99989533424377D+00
  0.16473705453687D+02 -0.78167898820425D-08  0.62555693958188D-09  0.99989533424377D+00
  0.16692442508224D+02 -0.62810832091031D-08  0.50265275275407D-09  0.99989533424377D+00
  0.16913366933306D+02 -0.50360071668365D-08  0.40301659232078D-09  0.99989533424377D+00
  0.17136500602639D+02 -0.40288496983010D-08  0.32241606606753D-09  0.99989533424377D+00
  0.17361865608666D+02 -0.32159330753956D-08  0.25736107689411D-09  0.99989533424377D+00
  0.17589484264752D+02 -0.25612525433871D-08  0.20496852826124D-09  0.99989533424377D+00
  0.17819379107400D+02 -0.20352164398219D-08  0.16287250714786D-09  0.99989533424377D+00
  0.18051572898474D+02 -0.16135105473936D-08  0.12912343416716D-09  0.99989533424377D+00
  0.18286088627459D+02 -0.12762028100965D-08  0.10213102585865D-09  0.99989533424377D+00
  0.18522949513733D+02 -0.10070601019763D-08  0.80591706919098D-10  0.99989533424377D+00
  0.18762179008871D+02 -0.79278955622542D-09  0.63444409448277D-10  0.99989533424377D+00
  0.19003800798959D+02 -0.62262017763715D-09  0.49826309744816D-10  0.99989533424377D+00
  0.19247838806949D+02 -0.48779658090581D-09  0.39036735649534D-10  0.99989533424377D+00
  0.19494317195018D+02 -0.38123593171235D-09  0.30509254844713D-10  0.99989533424377D+00
  0.19743260366969D+02 -0.29722224681450D-09  0.23785640124174D-10  0.99989533424377D+00
  0.19994692970638D+02 -0.23114408997937D-09  0.18497793574657D-10  0.99989533424377D+00
  0.20248639900345D+02 -0.17930675000333D-09  0.14349339425013D-10  0.99989533424377D+00
  0.20505126299348D+02 -0.13874137949621D-09  0.11103035157944D-10  0.99989533424377D+00
  0.20764177562342D+02 -0.10707822128975D-09  0.85691193724147D-11  0.99989533424377D+00
  0.21025819337965D+02 -0.82427432934740D-10  0.65964148206199D-11  0.99989533424377D+00
  0.21290077531345D+02 -0.63285626739074D-10  0.50645551120942D-11  0.99989533424377D+00
  0.21556978306658D+02 -0.48461096247010D-10  0.38781798952781D-11  0.99989533424377D+00
  0.21826548089725D+02 -0.37009964537482D-10  0.29617929202946D-11  0.99989533424377D+00
  0.22098813570622D+02 -0.28188710046728D-10  0.22558617300550D-11  0.99989533424377D+00
  0.22373801706328D+02 -0.21411880948841D-10  0.17135117109934D-11  0.99989533424377D+00
  0.22651539723391D+02 -0.16218982754057D-10  0.12979655327969D-11  0.99989533424377D+00
  0.22932055120625D+02 -0.12252060477280D-10  0.98048587478250D-12  0.99989533424377D+00
  0.23215375671832D+02 -0.92291157355318D-11  0.73858123393264D-12  0.99989533424377D+00
  0.23501529428550D+02 -0.69323513943176D-11  0.55477297018422D-12  0.99989533424377D+00
  0.23790544722835D+02 -0.51923205318660D-11  0.41552660834734D-12  0.99989533424377D+00
  0.24082450170064D+02 -0.38779699937375D-11  0.31033994276307D-12  0.99989533424377D+00
  0.24377274671764D+02 -0.28876449842397D-11  0.23109026628040D-12  0.99989533424377D+00
  0.24675047418482D+02 -0.21441711253734D-11  0.17158818040475D-12  0.99989533424377D+00
  0.24975797892667D+02 -0.15869862932463D-11  0.12700523141854D-12  0.99989533424377D+00
  0.25279555871594D+02 -0.11714907472912D-11  0.93745561172750D-13  0.99989533424377D+00
  0.25586351430310D+02 -0.86189117908669D-12  0.68979944098293D-13  0.99989533424377D+00
  0.25896214944613D+02 -0.63214174563300D-12  0.50586318716805D-13  0.99989533424377D+00
  0.26209177094059D+02 -0.46243651269373D-12  0.37005277043600D-13  0.99989533424377D+00
  0.26525268864999D+02 -0.33699201740754D-12  0.26974821302431D-13  0.99989533424377D+00
  0.26844521553649D+02 -0.24500692273610D-12  0.19599632585855D-13  0.99989533424377D+00
  0.27166966769186D+02 -0.17734950877660D-12  0.14198200042970D-13  0.99989533424377D+00
  0.27492636436878D+02 -0.12815836174414D-12  0.10251865918416D-13  0.99989533424377D+00
  0.27821562801246D+02 -0.92142351420296D-13  0.73758544844732D-14  0.99989533424377D+00
  0.28153778429259D+02 -0.66184484650601D-13  0.52978399899190D-14  0.99989533424377D+00
  0.28489316213551D+02 -0.47275595574771D-13  0.37802013174446D-14  0.99989533424377D+00
  0.28828209375687D+02 -0.33688919438401D-13  0.26978128542574D-14  0.99989533424377D+00
  0.29170491469444D+02 -0.23965182797763D-13  0.19162517421776D-14  0.99989533424377D+00
  0.29516196384138D+02 -0.16858947370730D-13  0.13523978969373D-14  0.99989533424377D+00
  0.29865358347980D+02 -0.12002373006332D-13  0.95807240213400D-15  0.99989533424377D+00
  0.30218011931459D+02 -0.82862759893682D-14  0.66611046842949D-15  0.99989533424377D+00
  0.30574192050774D+02 -0.59855786505632D-14  0.47359655547973D-15  0.99989533424377D+00
  0.30933933971282D+02 -0.41033109290207D-14  0.33358529155127D-15  0.99989533424377D+00
  0.31297273310995D+02 -0.28171305738888D-14  0.22114962197203D-15  0.99989533424377D+00
  0.31664246044105D+02 -0.19542621339274D-14  0.16004267992363D-15  0.99989533424377D+00
  0.32034888504546D+02 -0.14448199911528D-14  0.11398477372576D-15  0.99989533424377D+00
  0.32409237389591D+02 -0.85858081212201D-15  0.69184109267069D-16  0.99989533424377D+00
  0.32787329763487D+02 -0.68888866668881D-15  0.53868532662128D-16  0.99989533424377D+00
  0.33169203061122D+02 -0.38547402697425D-15  0.32728009740591D-16  0.99989533424377D+00
  0.33554895091733D+02 -0.35999231130553D-15  0.28696040267432D-16  0.99989533424377D+00
  0.33944444042650D+02 -0.15636772160285D-15  0.11062616732153D-16  0.99989533424377D+00
  0.34337888483077D+02 -0.18805907551257D-15  0.14551135987490D-16  0.99989533424377D+00
  0.34735267367908D+02 -0.10017302801805D-16  0.49304758019810D-17  0.99989533424377D+00
  0.35136620041587D+02 -0.17107859278407D-15  0.77708936707090D-17  0.99989533424377D+00
  0.35541986242003D+02  0.81982710925633D-16 -0.21499993695466D-17  0.99989533424377D+00
  0.35951406104423D+02 -0.13578943996111D-15  0.80344276236041D-17  0.99989533424377D+00
  0.36364920165467D+02  0.62598434719612D-16 -0.10797075832296D-17  0.99989533424377D+00
  0.36782569367122D+02 -0.43357270685730D-16 -0.18420230444411D-18  0.99989533424377D+00
  0.37204395060793D+02 -0.26574356737820D-16  0.34136647865752D-17  0.99989533424377D+00
  0.37630439011401D+02 -0.33635725898353D-17  0.14686422462347D-18  0.99989533424377D+00
  0.38060743401515D+02  0.39532768036367D-16 -0.39018878772096D-17  0.99989533424377D+00
  0.38495350835530D+02 -0.39641105535554D-16  0.39500115908867D-17  0.99989533424377D+00
  0.38934304343885D+02  0.64134571982850D-17 -0.63747159875009D-18  0.99989533424377D+00
  0.39377647387324D+02 -0.15934788708658D-17  0.15828318156113D-18  0.99989533424377D+00
  0.39825423861197D+02  0.43157745209406D-18 -0.42865110034435D-19  0.99989533424377D+00
  0.40277678099809D+02 -0.11837832152565D-18  0.11757400631780D-19  0.99989533424377D+00
  0.40734454880807D+02  0.32527355705568D-19 -0.32306286032308D-20  0.99989533424377D+00
  0.41195799429615D+02 -0.89398505976013D-20  0.88790911927731D-21  0.99989533424377D+00
  0.41661757423912D+02  0.24571196128012D-20 -0.24404193390853D-21  0.99989533424377D+00
  0.42132374998151D+02 -0.67534273548710D-21  0.67075265049132D-22  0.99989533424377D+00
  0.42607698748132D+02  0.18561904672915D-21 -0.18435742463887D-22  0.99989533424377D+00
  0.43087775735614D+02 -0.51017695245327D-22  0.50670934079497D-23  0.99989533424377D+00
  0.43572653492970D+02  0.14022296046560D-22 -0.13926989224650D-23  0.99989533424377D+00
  0.44062380027899D+02 -0.38540501610778D-23  0.38278555909857D-24  0.99989533424377D+00
  0.44557003828178D+02  0.10592918898616D-23 -0.10520923261582D-24  0.99989533424377D+00
  0.45056573866460D+02 -0.29114812368925D-24  0.28916922913065D-25  0.99989533424377D+00
  0.45561139605125D+02  0.80022524774758D-25 -0.79478645239951D-26  0.99989533424377D+00
  0.46070751001176D+02 -0.21994321802360D-25  0.21844831505263D-26  0.99989533424377D+00
  0.46585458511188D+02  0.60451740058748D-26 -0.60040866016272D-27  0.99989533424377D+00
  0.47105313096300D+02 -0.16615259556701D-26  0.16502330728482D-27  0.99989533424377D+00
  0.47630366227263D+02  0.45667313803570D-27 -0.45356917091111D-28  0.99989533424377D+00
  0.48160669889535D+02 -0.12551733226284D-27  0.12466421902448D-28  0.99989533424377D+00
  0.48696276588431D+02  0.34498644435277D-28 -0.34264166978446D-29  0.99989533424377D+00
  0.49237239354315D+02 -0.94820068791565D-29  0.94175604483925D-30  0.99989533424377D+00
  0.49783611747858D+02  0.26061450789369D-29 -0.25884319777423D-30  0.99989533424377D+00
  0.50335447865337D+02 -0.71630318727809D-30  0.71143457179563D-31  0.99989533424377D+00
  0.50892802343990D+02  0.19687710711018D-30 -0.19553897429972D-31  0.99989533424377D+00
  0.51455730367430D+02 -0.54111978139256D-31  0.53744185793351D-32  0.99989533424377D+00
  0.52024287671104D+02  0.14872770357730D-31 -0.14771688129135D-32  0.99989533424377D+00
  0.52598530547815D+02 -0.40877907885341D-32  0.40600128468337D-33  0.99989533424377D+00
  0.53178515853293D+02  0.11235479697625D-32 -0.11159065447571D-33  0.99989533424377D+00
  0.53764301011826D+02 -0.30880330727485D-33  0.30670240384840D-34  0.99989533424377D+00
  0.54355944021945D+02  0.84881626293130D-34 -0.84303643813834D-35  0.99989533424377D+00
  0.54953503462164D+02 -0.23325356501283D-34  0.23168852672871D-35  0.99989533424377D+00
  0.55557038496786D+02  0.64119923673861D-35 -0.63696597909813D-36  0.99989533424377D+00
  0.56166608881754D+02 -0.17627335611453D-35  0.17497475825414D-36  0.99989533424377D+00
  0.56782274970571D+02  0.48050851685019D-36 -0.48042862041695D-37  0.99989533424377D+00
  0.57404097720277D+02 -0.13512893731455D-36  0.13304668907187D-37  0.99989533424377D+00
  0.58032138697480D+02  0.35784773912066D-37 -0.36063887342787D-38  0.99989533424377D+00
  0.58666460084454D+02 -0.11045019081525D-37  0.10008059619223D-38  0.99989533424377D+00
  0.59307124685299D+02  0.20513454076420D-38 -0.29419560609267D-39  0.99989533424377D+00
  0.59954195932152D+02 -0.18333468068454D-39  0.65537327878007D-40  0.99989533424377D+00
  0.60607737891473D+02 -0.14445971855740D-38  0.57313107190885D-42  0.99989533424377D+00
  0.61267815270388D+02 -0.15356829870536D-40 -0.11490647407463D-42  0.99989533424377D+00
  0.61934493423092D+02  0.86371413056049D-39  0.57461644828103D-40  0.99989533424377D+00
  0.62607838357323D+02 -0.22355474920760D-39  0.90565919749313D-41  0.99989533424377D+00
  0.63287916740896D+02  0.27582598452384D-39 -0.34948383700261D-41  0.99989533424377D+00
  0.63974795908305D+02 -0.53715833903117D-39  0.40570393139132D-40  0.99989533424377D+00
  0.64668543867388D+02  0.21976283556313D-39 -0.40833837250425D-41  0.99989533424377D+00
  0.65369229306062D+02 -0.45202525342804D-39 -0.27045060361469D-41  0.99989533424377D+00
  0.66076921599123D+02  0.38106069659770D-39  0.52660796289327D-41  0.99989533424377D+00
  0.66791690815114D+02 -0.39992918041984D-39 -0.36868162596386D-41  0.99989533424377D+00
  0.67513607723265D+02  0.11081748515574D-39 -0.81471492715845D-41  0.99989533424377D+00
  0.68242743800498D+02  0.34857299300080D-40  0.43846628948724D-41  0.99989533424377D+00
  0.68979171238503D+02 -0.19700574850250D-39  0.35606993978494D-41  0.99989533424377D+00
  0.69722962950888D+02  0.36526245771091D-40  0.69938806354452D-41  0.99989533424377D+00
  0.70474192580397D+02 -0.49985717520931D-40  0.12765829009999D-41  0.99989533424377D+00
  0.71232934506201D+02  0.31963617971249D-40 -0.10439673559220D-41  0.99989533424377D+00
  0.71999263851263D+02  0.93908016586728D-40 -0.32944526896276D-41  0.99989533424377D+00
  0.72773256489775D+02 -0.17764260632246D-40 -0.14503439105762D-41  0.99989533424377D+00
  0.73554989054673D+02  0.12182328329454D-39 -0.36013370533148D-42  0.99989533424377D+00
  0.74344538945220D+02  0.93056027120418D-40 -0.40245291895409D-41  0.99989533424377D+00
  0.75141984334672D+02  0.99576268874922D-41  0.58013756423047D-42  0.99989533424377D+00
  0.75947404178019D+02 -0.86335399685516D-40  0.12821880948572D-41  0.99989533424377D+00
  0.76760878219799D+02 -0.13267493860227D-40  0.51567783487153D-42  0.99989533424377D+00
  0.77582487001997D+02  0.16442836180387D-40  0.53249341644343D-42  0.99989533424377D+00
  0.78412311872017D+02 -0.33069242459601D-40  0.67822845673321D-42  0.99989533424377D+00
  0.79250434990737D+02 -0.34428501969996D-40  0.12835893933215D-41  0.99989533424377D+00
  0.80096939340644D+02 -0.24199023180425D-40  0.22140515736332D-42  0.99989533424377D+00
  0.80951908734051D+02 -0.71816546296647D-41  0.19057659114818D-42  0.99989533424377D+00
  0.81815427821391D+02 -0.77365688215373D-41  0.33491033297363D-42  0.99989533424377D+00
  0.82687582099605D+02 -0.83419297581256D-41  0.14433374182546D-42  0.99989533424377D+00
  0.83568457920601D+02  0.42193096760820D-41 -0.36433760072445D-43  0.99989533424377D+00
  0.84458142499807D+02  0.63198560741049D-42 -0.14993893568276D-42  0.99989533424377D+00
  0.85356723924806D+02  0.19898438193412D-41 -0.30828566215146D-43  0.99989533424377D+00
  0.86264291164054D+02 -0.81415440777272D-42  0.14012984643248D-44  0.99989533424377D+00
