 -0.86264291164054D+02 -0.25000000000000D+01  0.10000000000000D+01 -0.90597653009772D-14
 -0.85356723924806D+02 -0.25001049041748D+01  0.10000000000000D+01  0.76098149371420D-15
 -0.84458142499807D+02 -0.25001049041748D+01  0.10000000000000D+01 -0.22190125783360D-15
 -0.83568457920601D+02 -0.25001049041748D+01  0.10000000000000D+01 -0.10018402621147D-15
 -0.82687582099605D+02 -0.25001049041748D+01  0.10000000000000D+01  0.56099717368613D-15
 -0.81815427821391D+02 -0.25001049041748D+01  0.10000000000000D+01 -0.29948472447665D-15
 -0.80951908734051D+02 -0.25001049041748D+01  0.10000000000000D+01  0.96023314347777D-16
 -0.80096939340644D+02 -0.25001049041748D+01  0.10000000000000D+01 -0.42671902579138D-15
 -0.79250434990737D+02 -0.25001049041748D+01  0.10000000000000D+01 -0.17028764929979D-15
 -0.78412311872017D+02 -0.25001049041748D+01  0.10000000000000D+01  0.64738198763054D-15
 -0.77582487001997D+02 -0.25001049041748D+01  0.10000000000000D+01 -0.13761895171784D-15
 -0.76760878219799D+02 -0.25001049041748D+01  0.10000000000000D+01  0.19828856006766D-15
 -0.75947404178019D+02 -0.25001049041748D+01  0.10000000000000D+01  0.20724303504401D-15
 -0.75141984334672D+02 -0.25001049041748D+01  0.10000000000000D+01 -0.15982145874061D-15
 -0.74344538945220D+02 -0.25001049041748D+01  0.10000000000000D+01  0.36095962293129D-15
 -0.73554989054673D+02 -0.25001049041748D+01  0.10000000000000D+01 -0.74929550953652D-15
 -0.72773256489775D+02 -0.25001049041748D+01  0.10000000000000D+01  0.10948216363035D-14
 -0.71999263851263D+02 -0.25001049041748D+01  0.10000000000000D+01 -0.33649593498605D-15
 -0.71232934506201D+02 -0.25001049041748D+01  0.10000000000000D+01 -0.32619270562499D-15
 -0.70474192580397D+02 -0.25001049041748D+01  0.10000000000000D+01  0.29510784054039D-15
 -0.69722962950888D+02 -0.25001049041748D+01  0.10000000000000D+01 -0.31973897631140D-15
 -0.68979171238503D+02 -0.25001049041748D+01  0.10000000000000D+01  0.79925203045792D-15
 -0.68242743800498D+02 -0.25001049041748D+01  0.10000000000000D+01  0.66984249559509D-15
 -0.67513607723265D+02 -0.25001049041748D+01  0.10000000000000D+01 -0.12428069742765D-14
 -0.66791690815114D+02 -0.25001049041748D+01  0.10000000000000D+01  0.93195276477687D-15
 -0.66076921599123D+02 -0.25001049041748D+01  0.10000000000000D+01 -0.84504390213591D-15
 -0.65369229306062D+02 -0.25001049041748D+01  0.10000000000000D+01  0.48184157418831D-15
 -0.64668543867388D+02 -0.25001049041748D+01  0.10000000000000D+01 -0.57915288815917D-16
 -0.63974795908305D+02 -0.25001049041748D+01  0.10000000000000D+01 -0.27204067169716D-15
 -0.63287916740896D+02 -0.25001049041748D+01  0.10000000000000D+01  0.20618092190260D-15
 -0.62607838357323D+02 -0.25001049041748D+01  0.10000000000000D+01  0.33102661677585D-15
 -0.61934493423092D+02 -0.25001049041748D+01  0.10000000000000D+01  0.20085049062597D-15
 -0.61267815270388D+02 -0.25001049041748D+01  0.10000000000000D+01 -0.30168277497478D-15
 -0.60607737891473D+02 -0.25001049041748D+01  0.10000000000000D+01  0.82825295626425D-15
 -0.59954195932152D+02 -0.25001049041748D+01  0.10000000000000D+01  0.13075172474221D-15
 -0.59307124685299D+02 -0.25001049041748D+01  0.10000000000000D+01 -0.14922923232586D-15
 -0.58666460084454D+02 -0.25001049041748D+01  0.10000000000000D+01  0.33860356471705D-15
 -0.58032138697480D+02 -0.25001049041748D+01  0.10000000000000D+01  0.53809049111662D-15
 -0.57404097720277D+02 -0.25001049041748D+01  0.10000000000000D+01 -0.65011922753915D-15
 -0.56782274970571D+02 -0.25001049041748D+01  0.10000000000000D+01 -0.64239052835149D-15
 -0.56166608881754D+02 -0.25001049041748D+01  0.10000000000000D+01  0.61743047909916D-15
 -0.55557038496786D+02 -0.25001049041748D+01  0.10000000000000D+01 -0.14911424230931D-14
 -0.54953503462164D+02 -0.25001049041748D+01  0.10000000000000D+01  0.75043471591102D-15
 -0.54355944021945D+02 -0.25001049041748D+01  0.10000000000000D+01 -0.11304375717905D-14
 -0.53764301011826D+02 -0.25001049041748D+01  0.10000000000000D+01  0.94231166008444D-15
 -0.53178515853293D+02 -0.25001049041748D+01  0.10000000000000D+01 -0.13985136528385D-14
 -0.52598530547815D+02 -0.25001049041748D+01  0.10000000000000D+01  0.84606822966694D-15
 -0.52024287671104D+02 -0.25001049041748D+01  0.10000000000000D+01  0.10974594788810D-16
 -0.51455730367430D+02 -0.25001049041748D+01  0.10000000000000D+01 -0.97761756827788D-16
 -0.50892802343990D+02 -0.25001049041748D+01  0.10000000000000D+01  0.30658066358294D-15
 -0.50335447865337D+02 -0.25001049041748D+01  0.10000000000000D+01 -0.20717871347958D-15
 -0.49783611747858D+02 -0.25001049041748D+01  0.10000000000000D+01  0.39605632722166D-15
 -0.49237239354315D+02 -0.25001049041748D+01  0.10000000000000D+01  0.40315766616298D-15
 -0.48696276588431D+02 -0.25001049041748D+01  0.10000000000000D+01 -0.10048352912069D-14
 -0.48160669889535D+02 -0.25001049041748D+01  0.10000000000000D+01 -0.82400646246231D-15
 -0.47630366227263D+02 -0.25001049041748D+01  0.10000000000000D+01  0.83899222230469D-15
 -0.47105313096300D+02 -0.25001049041748D+01  0.10000000000000D+01 -0.12530422027738D-14
 -0.46585458511188D+02 -0.25001049041748D+01  0.10000000000000D+01 -0.37238125342009D-15
 -0.46070751001176D+02 -0.25001049041748D+01  0.10000000000000D+01  0.10394429398493D-14
 -0.45561139605125D+02 -0.25001049041748D+01  0.10000000000000D+01 -0.83115812045466D-15
 -0.45056573866460D+02 -0.25001049041748D+01  0.10000000000000D+01 -0.12786369973410D-14
 -0.44557003828178D+02 -0.25001049041748D+01  0.10000000000000D+01  0.66466685958957D-15
 -0.44062380027899D+02 -0.25001049041748D+01  0.10000000000000D+01 -0.95238552880525D-15
 -0.43572653492970D+02 -0.25001049041748D+01  0.10000000000000D+01 -0.50877732779011D-15
 -0.43087775735614D+02 -0.25001049041748D+01  0.10000000000000D+01  0.28052670304296D-14
 -0.42607698748132D+02 -0.25001049041748D+01  0.10000000000000D+01 -0.22658508268714D-14
 -0.42132374998151D+02 -0.25001049041748D+01  0.10000000000000D+01  0.37207489219098D-15
 -0.41661757423912D+02 -0.25001049041748D+01  0.10000000000000D+01  0.22888151076813D-15
 -0.41195799429615D+02 -0.25001049041748D+01  0.10000000000000D+01 -0.18800823765386D-14
 -0.40734454880807D+02 -0.25001049041748D+01  0.10000000000000D+01  0.14257727083283D-15
 -0.40277678099809D+02 -0.25001049041748D+01  0.10000000000000D+01 -0.91426534040966D-15
 -0.39825423861197D+02 -0.25001049041748D+01  0.10000000000000D+01  0.79458281427574D-15
 -0.39377647387324D+02 -0.25001049041748D+01  0.10000000000000D+01 -0.34719864626086D-15
 -0.38934304343885D+02 -0.25001049041748D+01  0.10000000000000D+01  0.19246812023104D-14
 -0.38495350835530D+02 -0.25001049041748D+01  0.10000000000000D+01  0.13784517833619D-14
 -0.38060743401515D+02 -0.25001049041748D+01  0.10000000000000D+01 -0.54600961389874D-15
 -0.37630439011401D+02 -0.25001049041748D+01  0.10000000000000D+01 -0.11847256074459D-14
 -0.37204395060793D+02 -0.25001049041748D+01  0.10000000000000D+01  0.15884017107122D-14
 -0.36782569367122D+02 -0.25001049041748D+01  0.10000000000000D+01 -0.12377383291201D-14
 -0.36364920165467D+02 -0.25001049041748D+01  0.10000000000000D+01  0.11576984801649D-14
 -0.35951406104423D+02 -0.25001049041748D+01  0.10000000000000D+01  0.36257536474796D-15
 -0.35541986242003D+02 -0.25001049041748D+01  0.10000000000000D+01 -0.24820403165485D-14
 -0.35136620041587D+02 -0.25001049041748D+01  0.10000000000000D+01  0.21005536177642D-14
 -0.34735267367908D+02 -0.25001049041748D+01  0.10000000000000D+01 -0.17031431230879D-14
 -0.34337888483077D+02 -0.25001049041748D+01  0.10000000000000D+01  0.73807131713378D-15
 -0.33944444042650D+02 -0.25001049041748D+01  0.10000000000000D+01  0.70934027720027D-15
 -0.33554895091733D+02 -0.25001049041748D+01  0.10000000000000D+01 -0.15770311404282D-14
 -0.33169203061122D+02 -0.25001049041748D+01  0.10000000000000D+01 -0.14689254900405D-14
 -0.32787329763487D+02 -0.25001049041748D+01  0.10000000000000D+01  0.54021823788012D-15
 -0.32409237389591D+02 -0.25001049041748D+01  0.10000000000000D+01 -0.33357578890039D-15
 -0.32034888504546D+02 -0.25001049041748D+01  0.10000000000000D+01  0.61408554599045D-15
 -0.31664246044105D+02 -0.25001049041748D+01  0.10000000000000D+01  0.12988426506603D-14
 -0.31297273310995D+02 -0.25001049041748D+01  0.10000000000000D+01 -0.57826351679944D-15
 -0.30933933971282D+02 -0.25001049041748D+01  0.10000000000000D+01  0.22387356081639D-14
 -0.30574192050774D+02 -0.25001049041748D+01  0.10000000000000D+01 -0.11168797506785D-14
 -0.30218011931459D+02 -0.25001049041748D+01  0.10000000000000D+01  0.17200819820879D-14
 -0.29865358347980D+02 -0.25001049041748D+01  0.10000000000000D+01 -0.35201571204398D-14
 -0.29516196384138D+02 -0.25001049041748D+01  0.10000000000000D+01  0.44857386814095D-14
 -0.29170491469444D+02 -0.25001049041748D+01  0.10000000000000D+01 -0.43780388656826D-14
 -0.28828209375687D+02 -0.25001049041748D+01  0.10000000000000D+01  0.16176136536015D-14
 -0.28489316213551D+02 -0.25001049041748D+01  0.10000000000000D+01 -0.44860182022821D-14
 -0.28153778429259D+02 -0.25001049041748D+01  0.10000000000000D+01  0.33710522166688D-14
 -0.27821562801246D+02 -0.25001049041748D+01  0.10000000000000D+01 -0.26278919785274D-14
 -0.27492636436878D+02 -0.25001049041748D+01  0.10000000000000D+01  0.27711784012256D-14
 -0.27166966769186D+02 -0.25001049041748D+01  0.10000000000000D+01 -0.82960450321071D-15
 -0.26844521553649D+02 -0.25001049041748D+01  0.10000000000000D+01 -0.14002640464240D-14
 -0.26525268864999D+02 -0.25001049041748D+01  0.10000000000000D+01 -0.62577507711859D-15
 -0.26209177094059D+02 -0.25001049041748D+01  0.10000000000000D+01  0.22420458129218D-14
 -0.25896214944613D+02 -0.25001049041748D+01  0.10000000000000D+01 -0.41744557673594D-14
 -0.25586351430310D+02 -0.25001049041748D+01  0.10000000000000D+01  0.46038159212897D-14
 -0.25279555871594D+02 -0.25001049041748D+01  0.10000000000000D+01 -0.25734715939740D-14
 -0.24975797892667D+02 -0.25001049041748D+01  0.10000000000000D+01  0.12311185548791D-14
 -0.24675047418482D+02 -0.25001049041748D+01  0.10000000000000D+01  0.12778908671935D-14
 -0.24377274671764D+02 -0.25001049041748D+01  0.10000000000000D+01  0.56569095382378D-15
 -0.24082450170064D+02 -0.25001049041748D+01  0.10000000000000D+01 -0.23970823296038D-15
 -0.23790544722835D+02 -0.25001049041748D+01  0.10000000000000D+01  0.10522303844958D-15
 -0.23501529428550D+02 -0.25001049041748D+01  0.10000000000000D+01  0.31169654141403D-14
 -0.23215375671832D+02 -0.25001049041748D+01  0.10000000000000D+01 -0.49263249865062D-14
 -0.22932055120625D+02 -0.25001049041748D+01  0.10000000000000D+01  0.47341963147287D-14
 -0.22651539723391D+02 -0.25001049041748D+01  0.10000000000000D+01 -0.21219079536391D-14
 -0.22373801706328D+02 -0.25001049041748D+01  0.10000000000000D+01 -0.36862357174409D-14
 -0.22098813570622D+02 -0.25001049041748D+01  0.10000000000000D+01  0.55857888403381D-14
 -0.21826548089725D+02 -0.25001049041748D+01  0.10000000000000D+01 -0.14424335817030D-15
 -0.21556978306658D+02 -0.25001049041748D+01  0.10000000000000D+01  0.85368014418700D-15
 -0.21290077531345D+02 -0.25001049041748D+01  0.10000000000000D+01  0.64010144298736D-14
 -0.21025819337965D+02 -0.25001049041748D+01  0.10000000000000D+01 -0.42065422224344D-14
 -0.20764177562342D+02 -0.25001049041748D+01  0.10000000000000D+01 -0.12261348247757D-13
 -0.20505126299348D+02 -0.25001049041748D+01  0.10000000000000D+01  0.52490458946628D-13
 -0.20248639900345D+02 -0.25001049041748D+01  0.10000000000000D+01 -0.17228487516827D-12
 -0.19994692970638D+02 -0.25001049041748D+01  0.10000000000000D+01  0.63175322178449D-12
 -0.19743260366969D+02 -0.25001049041748D+01  0.10000000000000D+01 -0.23098836211821D-11
 -0.19494317195018D+02 -0.25001049041748D+01  0.10000000000000D+01  0.83784507109996D-11
 -0.19247838806949D+02 -0.25001049041748D+01  0.10000000000000D+01 -0.30453757571269D-10
 -0.19003800798959D+02 -0.25001049041748D+01  0.10000000000000D+01  0.11079012013360D-09
 -0.18762179008871D+02 -0.25001049041748D+01  0.10000000000000D+01 -0.40305342396962D-09
 -0.18522949513733D+02 -0.25001049041748D+01  0.10000000000000D+01  0.14664659486741D-08
 -0.18286088627459D+02 -0.25001049041748D+01  0.10000000000000D+01 -0.53369597630137D-08
 -0.18051572898474D+02 -0.25001049041748D+01  0.10000000000000D+01  0.19456873445733D-07
 -0.17819379107400D+02 -0.25001049041748D+01  0.10000000000000D+01 -0.71830953629615D-07
 -0.17589484264752D+02 -0.25001049041748D+01  0.10000000000000D+01  0.28889445502500D-06
 -0.17361865608666D+02 -0.25001049041748D+01  0.10000000000000D+01 -0.17805662082537D-05
 -0.17136500602639D+02 -0.25001049041748D+01  0.99999994039536D+00  0.17961240246223D-05
 -0.16913366933306D+02 -0.25001049041748D+01  0.99999994039536D+00 -0.27841124961014D-06
 -0.16692442508224D+02 -0.25001049041748D+01  0.99999994039536D+00 -0.86745934879673D-08
 -0.16473705453687D+02 -0.25001049041748D+01  0.99999994039536D+00  0.32180696507567D-06
 -0.16257134112562D+02 -0.25001049041748D+01  0.99999994039536D+00 -0.20502632196440D-05
 -0.16042707042140D+02 -0.25001049041748D+01  0.99999988079071D+00  0.23396978576784D-05
 -0.15830403012020D+02 -0.25001049041748D+01  0.99999988079071D+00 -0.24470982680214D-05
 -0.15620201002000D+02 -0.25001049041748D+01  0.99999982118607D+00  0.24274572751892D-05
 -0.15412080200000D+02 -0.25001049041748D+01  0.99999982118607D+00 -0.21939338239463D-05
 -0.15206020000000D+02 -0.25001049041748D+01  0.99999976158142D+00  0.27040925942856D-06
 -0.15002000000000D+02 -0.25001049041748D+01  0.99999970197678D+00  0.26856091039917D-06
 -0.14800000000000D+02 -0.25001049041748D+01  0.99999964237213D+00 -0.23008847165329D-05
 -0.14600000000000D+02 -0.25001049041748D+01  0.99999952316284D+00  0.24880710043362D-05
 -0.14400000000000D+02 -0.25001049041748D+01  0.99999946355820D+00 -0.20241805032128D-05
 -0.14200000000000D+02 -0.25001049041748D+01  0.99999934434891D+00 -0.16643043636577D-05
 -0.14000000000000D+02 -0.25001049041748D+01  0.99999916553497D+00  0.53720134474133D-06
 -0.13800000000000D+02 -0.25001049041748D+01  0.99999898672104D+00 -0.21517105324165D-05
 -0.13600000000000D+02 -0.25001049041748D+01  0.99999874830246D+00  0.84545843037631D-06
 -0.13400000000000D+02 -0.25001049041748D+01  0.99999850988388D+00 -0.37429813346535D-05
 -0.13200000000000D+02 -0.25001049041748D+01  0.99999815225601D+00 -0.12656792023336D-05
 -0.13000000000000D+02 -0.25001049041748D+01  0.99999773502350D+00 -0.95715051884326D-06
 -0.12800000000000D+02 -0.25001049041748D+01  0.99999725818634D+00 -0.55141772463685D-05
 -0.12600000000000D+02 -0.25001049041748D+01  0.99999660253525D+00 -0.47199850428115D-06
 -0.12400000000000D+02 -0.25001049041748D+01  0.99999588727951D+00 -0.48480592340638D-05
 -0.12200000000000D+02 -0.25001049041748D+01  0.99999499320984D+00 -0.60890884014952D-05
 -0.12000000000000D+02 -0.25001049041748D+01  0.99999386072159D+00 -0.57580341490393D-05
 -0.11800000000000D+02 -0.25001049041748D+01  0.99999248981476D+00 -0.74666368163889D-05
 -0.11600000000000D+02 -0.25001049041748D+01  0.99999082088470D+00 -0.90508901848807D-05
 -0.11400000000000D+02 -0.25001049041748D+01  0.99998879432678D+00 -0.99250382845639D-05
 -0.11200000000000D+02 -0.25001049041748D+01  0.99998635053635D+00 -0.15475063264603D-04
 -0.11000000000000D+02 -0.25001049041748D+01  0.99998331069946D+00 -0.15889187125140D-04
 -0.10800000000000D+02 -0.25001049041748D+01  0.99997961521149D+00 -0.20957557353540D-04
 -0.10600000000000D+02 -0.25001049041748D+01  0.99997508525848D+00 -0.25400546292076D-04
 -0.10400000000000D+02 -0.25001049041748D+01  0.99996954202652D+00 -0.29380906198639D-04
 -0.10200000000000D+02 -0.25001049041748D+01  0.99996280670166D+00 -0.37480822356883D-04
 -0.10000000000000D+02 -0.25001049041748D+01  0.99995458126068D+00 -0.44087246351410D-04
 -0.98000000000000D+01 -0.25001049041748D+01  0.99994456768036D+00 -0.56778066209517D-04
 -0.96000000000000D+01 -0.25001049041748D+01  0.99993228912354D+00 -0.68446766817942D-04
 -0.94000000000000D+01 -0.25001049041748D+01  0.99991726875305D+00 -0.81397258327343D-04
 -0.92000000000000D+01 -0.25001049041748D+01  0.99989897012711D+00 -0.10079058847623D-03
 -0.90000000000000D+01 -0.25001049041748D+01  0.99987661838531D+00 -0.12568797683343D-03
 -0.88000000000000D+01 -0.25001049041748D+01  0.99984925985336D+00 -0.14717534941155D-03
 -0.86000000000000D+01 -0.25001049041748D+01  0.99981594085693D+00 -0.18681387882680D-03
 -0.84000000000000D+01 -0.25001049041748D+01  0.99977517127991D+00 -0.22352630912792D-03
 -0.82000000000000D+01 -0.25001049041748D+01  0.99972540140152D+00 -0.27530745137483D-03
 -0.80000000000000D+01 -0.25001049041748D+01  0.99966460466385D+00 -0.33357265056111D-03
 -0.78000000000000D+01 -0.25001049041748D+01  0.99959039688110D+00 -0.41042815428227D-03
 -0.76000000000000D+01 -0.25001049041748D+01  0.99949973821640D+00 -0.49887667410076D-03
 -0.74000000000000D+01 -0.25001049041748D+01  0.99938905239105D+00 -0.60859380755574D-03
 -0.72000000000000D+01 -0.25001049041748D+01  0.99925392866135D+00 -0.74595073238015D-03
 -0.70000000000000D+01 -0.25001046657562D+01  0.99908888339996D+00 -0.90908713173121D-03
 -0.68000000000000D+01 -0.25001046657562D+01  0.99888736009598D+00 -0.11072435881943D-02
 -0.66000000000000D+01 -0.25001046657562D+01  0.99864137172699D+00 -0.13557390775532D-02
 -0.64000000000000D+01 -0.25001044273376D+01  0.99834102392197D+00 -0.16471312846988D-02
 -0.62000000000000D+01 -0.25001037120819D+01  0.99797451496124D+00 -0.20168712362647D-02
 -0.60000000000000D+01 -0.25001025199890D+01  0.99752712249756D+00 -0.24531944654882D-02
 -0.58000000000000D+01 -0.25001001358032D+01  0.99698126316071D+00 -0.29896532651037D-02
 -0.56000000000000D+01 -0.25000953674316D+01  0.99631541967392D+00 -0.36454796791077D-02
 -0.54000000000000D+01 -0.25000858306885D+01  0.99550330638885D+00 -0.44372370466590D-02
 -0.52000000000000D+01 -0.25000674724579D+01  0.99451315402985D+00 -0.53947027772665D-02
 -0.50000000000000D+01 -0.25000333786011D+01  0.99330651760101D+00 -0.65602348186076D-02
 -0.48000000000000D+01 -0.24999706745148D+01  0.99183666706085D+00 -0.79670427367091D-02
 -0.46000000000000D+01 -0.24998576641083D+01  0.99004721641541D+00 -0.96527189016342D-02
 -0.44000000000000D+01 -0.24996592998505D+01  0.98787045478821D+00 -0.11694998480380D-01
 -0.42000000000000D+01 -0.24993169307709D+01  0.98522460460663D+00 -0.14127533882856D-01
 -0.40000000000000D+01 -0.24987392425537D+01  0.98201209306717D+00 -0.17027245834470D-01
 -0.38000000000000D+01 -0.24977848529816D+01  0.97811669111252D+00 -0.20466838032007D-01
 -0.36000000000000D+01 -0.24962418079376D+01  0.97340059280396D+00 -0.24513861164451D-01
 -0.34000000000000D+01 -0.24937992095947D+01  0.96770167350769D+00 -0.29238721355796D-01
 -0.32000000000000D+01 -0.24900164604187D+01  0.96083080768585D+00 -0.34683980047703D-01
 -0.30000000000000D+01 -0.24842836856842D+01  0.95257002115250D+00 -0.40893647819757D-01
 -0.28000000000000D+01 -0.24757847785950D+01  0.94267100095749D+00 -0.47847092151642D-01
 -0.26000000000000D+01 -0.24634599685669D+01  0.93085587024689D+00 -0.55463865399361D-01
 -0.24000000000000D+01 -0.24459824562073D+01  0.91682052612305D+00 -0.63572794198990D-01
 -0.22000000000000D+01 -0.24217517375946D+01  0.90024155378342D+00 -0.71888647973537D-01
 -0.20000000000000D+01 -0.23889188766479D+01  0.88078778982162D+00 -0.79969026148319D-01
 -0.18000000000000D+01 -0.23454511165619D+01  0.85813808441162D+00 -0.87196812033653D-01
 -0.16000000000000D+01 -0.22892489433289D+01  0.83200585842133D+00 -0.92810496687889D-01
 -0.14000000000000D+01 -0.22183144092560D+01  0.80216962099075D+00 -0.95900595188141D-01
 -0.12000000000000D+01 -0.21309733390808D+01  0.76850891113281D+00 -0.95528729259968D-01
 -0.10000000000000D+01 -0.20261366367340D+01  0.73104149103165D+00 -0.90838581323624D-01
 -0.80000000000000D+00 -0.19035782814026D+01  0.68995696306229D+00 -0.81240803003311D-01
 -0.60000000000000D+00 -0.17642002105713D+01  0.64563971757889D+00 -0.66597975790501D-01
 -0.40000000000000D+00 -0.16102411746979D+01  0.59867399930954D+00 -0.47355316579342D-01
 -0.20000000000000D+00 -0.14453904628754D+01  0.54982584714890D+00 -0.24603644385934D-01
  0.00000000000000D+00 -0.12747669219971D+01  0.50000000000000D+00  0.63931525801308D-04
  0.20000000000000D+00 -0.11047334671021D+01  0.45017662644386D+00  0.24709293618798D-01
  0.40000000000000D+00 -0.94250655174255D+00  0.40133515000343D+00  0.47427345067263D-01
  0.60000000000000D+00 -0.79538059234619D+00  0.35437890887260D+00  0.66615536808968D-01
  0.80000000000000D+00 -0.66866320371628D+00  0.31007185578346D+00  0.81206247210503D-01
  0.10000000000000D+01 -0.55918508768082D+00  0.26899617910385D+00  0.90764850378036D-01
  0.12000000000000D+01 -0.44090056419373D+00  0.23153474926949D+00  0.95440670847893D-01
  0.14000000000000D+01 -0.26843845844269D+00  0.19787655770779D+00  0.95814265310764D-01
  0.16000000000000D+01 -0.43094038963318D-01  0.16803944110870D+00  0.92741809785366D-01
  0.18000000000000D+01  0.17683823406696D+00  0.14190360903740D+00  0.87152063846588D-01
  0.20000000000000D+01  0.34903404116631D+00  0.11924850195646D+00  0.79947151243687D-01
  0.22000000000000D+01  0.46220663189888D+00  0.99788464605808D-01  0.71889884769917D-01
  0.24000000000000D+01  0.52019530534744D+00  0.83203241229057D-01  0.63589274883270D-01
  0.26000000000000D+01  0.53230315446854D+00  0.69162264466286D-01  0.55484350770712D-01
  0.28000000000000D+01  0.50940752029419D+00  0.57342320680618D-01  0.47870568931103D-01
  0.30000000000000D+01  0.46224430203438D+00  0.47439415007830D-01  0.40917251259089D-01
  0.32000000000000D+01  0.40050843358040D+00  0.39175685495138D-01  0.34706253558397D-01
  0.34000000000000D+01  0.33235487341881D+00  0.32302733510733D-01  0.29251547530293D-01
  0.36000000000000D+01  0.26416674256325D+00  0.26602279394865D-01  0.24526199325919D-01
  0.38000000000000D+01  0.20053014159203D+00  0.21885124966502D-01  0.20475883036852D-01
  0.40000000000000D+01  0.14436510205269D+00  0.17989037558436D-01  0.17034722492099D-01
  0.42000000000000D+01  0.97164407372475D-01  0.14776129275560D-01  0.14130807481706D-01
  0.44000000000000D+01  0.59290632605553D-01  0.12130010873079D-01  0.11694333516061D-01
  0.46000000000000D+01  0.30288951471448D-01  0.99530024453998D-02  0.96591869369149D-02
  0.48000000000000D+01  0.91806603595614D-02  0.81634987145662D-02  0.79655442386866D-02
  0.50000000000000D+01 -0.52857557311654D-02  0.66935769282281D-02  0.65603037364781D-02
  0.52000000000000D+01 -0.14438507147133D-01  0.54868734441698D-02  0.53972243331373D-02
  0.54000000000000D+01 -0.19543934613466D-01  0.44967322610319D-02  0.44364444911480D-02
  0.56000000000000D+01 -0.21720977500081D-01  0.36846094299108D-02  0.36440931726247D-02
  0.58000000000000D+01 -0.21899523213506D-01  0.30187154188752D-02  0.29914998449385D-02
  0.60000000000000D+01 -0.20811622962356D-01  0.24728663265705D-02  0.24545823689550D-02
  0.62000000000000D+01 -0.19004644826055D-01  0.20255185663700D-02  0.20132423378527D-02
  0.64000000000000D+01 -0.16866754740477D-01  0.16589628066868D-02  0.16507330583408D-02
  0.66000000000000D+01 -0.14657414518297D-01  0.13586522545666D-02  0.13531170552596D-02
  0.68000000000000D+01 -0.12537715956569D-01  0.11126442113891D-02  0.11089399922639D-02
  0.70000000000000D+01 -0.10597449727356D-01  0.91113976668566D-03  0.90865144738927D-03
  0.72000000000000D+01 -0.88774850592017D-02  0.74610137380660D-03  0.74442924233153D-03
  0.74000000000000D+01 -0.73871146887541D-02  0.61093870317563D-03  0.60982577269897D-03
  0.76000000000000D+01 -0.61167730018497D-02  0.50024979282171D-03  0.49949431559071D-03
  0.78000000000000D+01 -0.50468612462282D-02  0.40960701880977D-03  0.40910509414971D-03
  0.80000000000000D+01 -0.41535426862538D-02  0.33538276329637D-03  0.33504556631669D-03
  0.82000000000000D+01 -0.34123016521335D-02  0.27460488490760D-03  0.27437793323770D-03
  0.84000000000000D+01 -0.27999547310174D-02  0.22483864449896D-03  0.22468768293038D-03
  0.86000000000000D+01 -0.22956368047744D-02  0.18408981850371D-03  0.18398799875285D-03
  0.88000000000000D+01 -0.18811584450305D-02  0.15072502719704D-03  0.15065683692228D-03
  0.90000000000000D+01 -0.15409910120070D-02  0.12340658577159D-03  0.12336083455011D-03
  0.92000000000000D+01 -0.12620666529983D-02  0.10103902604897D-03  0.10100879444508D-03
  0.94000000000000D+01 -0.10334930848330D-02  0.82725280662999D-04  0.82704107626341D-04
  0.96000000000000D+01 -0.84624963346869D-03  0.67730739829130D-04  0.67717417550739D-04
  0.98000000000000D+01 -0.69289753446355D-03  0.55453921959270D-04  0.55444568715757D-04
  0.10000000000000D+02 -0.56731939548627D-03  0.45402288378682D-04  0.45396212954074D-04
  0.10200000000000D+02 -0.46449314686470D-03  0.37172558222665D-04  0.37168214475969D-04
  0.10400000000000D+02 -0.38030059658922D-03  0.30434519430855D-04  0.30431825507549D-04
  0.10600000000000D+02 -0.31136686448008D-03  0.24917813789216D-04  0.24916012989706D-04
  0.10800000000000D+02 -0.25492731947452D-03  0.20401073925314D-04  0.20399769709911D-04
  0.11000000000000D+02 -0.20871785818599D-03  0.16703048459021D-04  0.16702211723896D-04
  0.11200000000000D+02 -0.17088433378376D-03  0.13675340596819D-04  0.13674765796168D-04
  0.11400000000000D+02 -0.13990864681546D-03  0.11196449122508D-04  0.11196109880984D-04
  0.11600000000000D+02 -0.11454775085440D-03  0.91668962340918D-05  0.91666352091124D-05
  0.11800000000000D+02 -0.93783935881220D-04  0.75052325883007D-05  0.75050397754239D-05
  0.12000000000000D+02 -0.76783893746324D-04  0.61447726693586D-05  0.61446785366570D-05
  0.12200000000000D+02 -0.62865408835933D-04  0.50309199650656D-05  0.50308467507421D-05
  0.12400000000000D+02 -0.51469891332090D-04  0.41189728108293D-05  0.41189155126631D-05
  0.12600000000000D+02 -0.42140014556935D-04  0.33723322303558D-05  0.33722992611729D-05
  0.12800000000000D+02 -0.34501346817706D-04  0.27610337838269D-05  0.27610069537332D-05
  0.13000000000000D+02 -0.28247328373254D-04  0.22605443064094D-05  0.22605358935834D-05
  0.13200000000000D+02 -0.23126965970732D-04  0.18507779486754D-05  0.18507602135287D-05
  0.13400000000000D+02 -0.18934762920253D-04  0.15152892274273D-05  0.15152909327298D-05
  0.13600000000000D+02 -0.15502479072893D-04  0.12406143241606D-05  0.12406062523951D-05
  0.13800000000000D+02 -0.12692357813648D-04  0.10157293672819D-05  0.10157242513742D-05
  0.14000000000000D+02 -0.10391625437478D-04  0.83160898611823D-06  0.83160745134592D-06
  0.14200000000000D+02 -0.85079454947845D-05  0.68086393412159D-06  0.68086558258074D-06
  0.14400000000000D+02 -0.69657171479776D-05  0.55744436622263D-06  0.55743959137544D-06
  0.14600000000000D+02 -0.57030474636122D-05  0.45639686163668D-06  0.45639833956557D-06
  0.14800000000000D+02 -0.46692607611476D-05  0.37366618244050D-06  0.37366467608990D-06
  0.15002000000000D+02 -0.38152297747729D-05  0.30532075356859D-06  0.30532183359355D-06
  0.15206020000000D+02 -0.31111139833229D-05  0.24897263983803D-06  0.24897104822230D-06
  0.15412080200000D+02 -0.25317751806142D-05  0.20260996791421D-06  0.20261029476387D-06
  0.15620201002000D+02 -0.20560773918987D-05  0.16454136186894D-06  0.16454140450151D-06
  0.15830403012020D+02 -0.16662872894813D-05  0.13334769732865D-06  0.13334766890694D-06
  0.16042707042140D+02 -0.13475579407896D-05  0.10784079051973D-06  0.10784098236627D-06
  0.16257134112562D+02 -0.10874841791519D-05  0.87027920869787D-07  0.87027487438718D-07
  0.16473705453687D+02 -0.87572396978430D-06  0.70081412673062D-07  0.70081689784729D-07
  0.16692442508224D+02 -0.70367303806051D-06  0.56312728702324D-07  0.56312575935635D-07
  0.16913366933306D+02 -0.56418906524414D-06  0.45150265748362D-07  0.45150365224345D-07
  0.17136500602639D+02 -0.45135573145672D-06  0.36120571422771D-07  0.36120471946788D-07
  0.17361865608666D+02 -0.36028333738614D-06  0.28832335630113D-07  0.28832397802603D-07
  0.17589484264752D+02 -0.28693972353722D-06  0.22962877821442D-07  0.22962836965235D-07
  0.17819379107400D+02 -0.22800722376815D-06  0.18246696598112D-07  0.18246705479896D-07
  0.18051572898474D+02 -0.18076239882703D-06  0.14465843634071D-07  0.14465837416822D-07
  0.18286088627459D+02 -0.14297471295777D-06  0.11441813718704D-07  0.11441827041381D-07
  0.18522949513733D+02 -0.11282149614544D-06  0.90287475273954D-08  0.90287377574327D-08
  0.18762179008871D+02 -0.88816939580738D-07  0.71077388419383D-08  0.71077477237225D-08
  0.19003800798959D+02 -0.69752665865508D-07  0.55820854605315D-08  0.55820783551042D-08
  0.19247838806949D+02 -0.54648271685664D-07  0.43733288102032D-08  0.43733150434377D-08
  0.19494317195018D+02 -0.42710261993761D-07  0.34179670205248D-08  0.34179845620486D-08
  0.19743260366969D+02 -0.33297954615819D-07  0.26647302142635D-08  0.26647277717728D-08
  0.19994692970638D+02 -0.25895351640770D-07  0.20723232019293D-08  0.20723189830818D-08
  0.20248639900345D+02 -0.20087878027653D-07  0.16075694109219D-08  0.16075701880780D-08
  0.20505126299348D+02 -0.15543307085863D-07  0.12438817753591D-08  0.12438825525152D-08
  0.20764177562342D+02 -0.11996067250664D-07  0.96000740690272D-09  0.96000551952358D-09
  0.21025819337965D+02 -0.92344132340827D-08  0.73900091601686D-09  0.73900235930680D-09
  0.21290077531345D+02 -0.70899544013514D-08  0.56738663767320D-09  0.56738652665089D-09
  0.21556978306658D+02 -0.54291255935368D-08  0.43447578867983D-09  0.43447581643541D-09
  0.21826548089725D+02 -0.41462668853853D-08  0.33181263292548D-09  0.33181174474706D-09
  0.22098813570622D+02 -0.31580122961117D-08  0.25272572923285D-09  0.25272683945587D-09
  0.22373801706328D+02 -0.23987662967073D-08  0.19196570721913D-09  0.19196566558577D-09
  0.22651539723391D+02 -0.18170546178808D-08  0.14541312598482D-09  0.14541237658428D-09
  0.22932055120625D+02 -0.13725922620722D-08  0.10984422399440D-09  0.10984466114472D-09
  0.23215375671832D+02 -0.10339440414953D-08  0.82743263629670D-10  0.82743867313440D-10
  0.23501529428550D+02 -0.77664441544556D-09  0.62152394342263D-10  0.62151686575085D-10
  0.23790544722835D+02 -0.58170718242323D-09  0.46552185717363D-10  0.46551869997691D-10
  0.24082450170064D+02 -0.43444120523262D-09  0.34766967083044D-10  0.34767581175155D-10
  0.24377274671764D+02 -0.32351191170399D-09  0.25889646329547D-10  0.25889280302893D-10
  0.24675047418482D+02 -0.24019763955607D-09  0.19222274813546D-10  0.19223152583625D-10
  0.24975797892667D+02 -0.17780980854365D-09  0.14229559371082D-10  0.14228524608528D-10
  0.25279555871594D+02 -0.13123031827877D-09  0.10501956075604D-10  0.10502380215494D-10
  0.25586351430310D+02 -0.96559669982010D-10  0.77273491425056D-11  0.77278912435919D-11
  0.25896214944613D+02 -0.70831354670453D-10  0.56684067162305D-11  0.56672331757990D-11
  0.26209177094059D+02 -0.51796948674632D-10  0.41451438635709D-11  0.41457258632971D-11
  0.26525268864999D+02 -0.37759583654262D-10  0.30217662139870D-11  0.30220149299653D-11
  0.26844521553649D+02 -0.27439335525958D-10  0.21959018804696D-11  0.21957633194319D-11
  0.27166966769186D+02 -0.19876591692003D-10  0.15906603291482D-11  0.15906373440622D-11
  0.27492636436878D+02 -0.14351585024552D-10  0.11485264779162D-11  0.11485250684534D-11
  0.27821562801246D+02 -0.10328854958830D-10  0.82658597848340D-12  0.82632479418004D-12
  0.28153778429259D+02 -0.74089623325335D-11  0.59291688312563D-12  0.59351866954147D-12
  0.28489316213551D+02 -0.52971121412837D-11  0.42392437758949D-12  0.42350140321695D-12
  0.28828209375687D+02 -0.37745704999093D-11  0.30206558283320D-12  0.30223772703314D-12
  0.29170491469444D+02 -0.26806172299249D-11  0.21451598635445D-12  0.21467850826011D-12
  0.29516196384138D+02 -0.18975550297728D-11  0.15183774376704D-12  0.15151192746168D-12
  0.29865358347980D+02 -0.13382271636317D-11  0.10709145972353D-12  0.10733159017595D-12
  0.30218011931459D+02 -0.94072677165463D-12  0.75280385224141D-13  0.74627221177855D-13
  0.30574192050774D+02 -0.65814996681735D-12  0.52685246031310D-13  0.53056663202418D-13
  0.30933933971282D+02 -0.45939949977827D-12  0.36752020968634D-13  0.37369999266292D-13
  0.31297273310995D+02 -0.31977494111858D-12  0.25593053067444D-13  0.24778187043394D-13
  0.31664246044105D+02 -0.22151081153794D-12  0.17709802130643D-13  0.17928985458272D-13
  0.32034888504546D+02 -0.15267142747504D-12  0.12213696715243D-13  0.12768154318121D-13
  0.32409237389591D+02 -0.10548055213565D-12  0.84384496935072D-14  0.77532008862114D-14
  0.32787329763487D+02 -0.72172011476943D-13  0.57737471453997D-14  0.60329989430823D-14
  0.33169203061122D+02 -0.49409129267370D-13  0.39416487618066D-14  0.36683692514845D-14
  0.33554895091733D+02 -0.33310617583498D-13  0.26648482377744D-14  0.32125543527874D-14
  0.33944444042650D+02 -0.22761277929171D-13  0.18319886928265D-14  0.12417519947407D-14
  0.34337888483077D+02 -0.15267618102394D-13  0.12214040398862D-14  0.16281976479148D-14
  0.34735267367908D+02 -0.10547228001189D-13  0.83272105506102D-15  0.55397971747637D-15
  0.35136620041587D+02 -0.66632037378173D-14  0.55519626854686D-15  0.86878290045522D-15
  0.35541986242003D+02 -0.49951095675374D-14  0.38855460639408D-15 -0.23857823806918D-15
  0.35951406104423D+02 -0.27770383869129D-14  0.22213221989551D-15  0.89793094529657D-15
  0.36364920165467D+02 -0.22197633406948D-14  0.16652167464185D-15 -0.11983174951643D-15
  0.36782569367122D+02 -0.11106958807680D-14  0.11102029075927D-15 -0.20552465334821D-16
  0.37204395060793D+02 -0.55540130345966D-15  0.55548380976268D-16  0.38192236488686D-15
  0.37630439011401D+02 -0.55514819942711D-15  0.55512752652924D-16  0.16286314412803D-16
  0.38060743401515D+02 -0.55468037254243D-15  0.55468597751826D-16 -0.43601820347259D-15
  0.38495350835530D+02 -0.43231648627258D-18  0.43077889322317D-19  0.44133635277149D-15
  0.38934304343885D+02  0.69943639637008D-19 -0.69521137752101D-20 -0.70821873940365D-16
  0.39377647387324D+02 -0.17378101779807D-19  0.17261987109114D-20  0.17551497085871D-16
  0.39825423861197D+02  0.47066811114402D-20 -0.46747670051456D-21 -0.47453101810901D-17
  0.40277678099809D+02 -0.12910058841966D-20  0.12822342053144D-21  0.12993773890120D-17
  0.40734454880807D+02  0.35473557770496D-21 -0.35232468624997D-22 -0.35643241029244D-18
  0.41195799429615D+02 -0.97495887256117D-22  0.96833259872949D-23  0.97799315118598D-19
  0.41661757423912D+02  0.26796762446911D-22 -0.26614636552001D-23 -0.26836235153342D-19
  0.42132374998151D+02 -0.73651272663927D-23  0.73150692101834D-24  0.73641426165217D-20
  0.42607698748132D+02  0.20243172681321D-23 -0.20105588190398D-24 -0.20208573683780D-20
  0.43087775735614D+02 -0.55638685050361D-24  0.55260532249492D-25  0.55457673894796D-21
  0.43572653492970D+02  0.15292382959476D-24 -0.15188444372238D-25 -0.15219482084832D-21
  0.44062380027899D+02 -0.42031356439351D-25  0.41745683250700D-26  0.41768616675973D-22
  0.44557003828178D+02  0.11552385704104D-25 -0.11473867273608D-26 -0.11463366954099D-22
  0.45056573866460D+02 -0.31751922991268D-26  0.31536108578007D-27  0.31461967905683D-23
  0.45561139605125D+02  0.87270665053590D-27 -0.86677524371555D-28 -0.86351722217693D-24
  0.46070751001176D+02 -0.23986484862721D-27  0.23823453990149D-28  0.23701039935287D-24
  0.46585458511188D+02  0.65927230150049D-28 -0.65479158034589D-29 -0.65054123291270D-25
  0.47105313096300D+02 -0.18120208178265D-28  0.17997047967587D-29  0.17856367331463D-25
  0.47630366227263D+02  0.49803686959594D-29 -0.49465178440794D-30 -0.49014219898015D-26
  0.48160669889535D+02 -0.13688622311371D-29  0.13595583108997D-30  0.13454313553966D-26
  0.48696276588431D+02  0.37623401164876D-30 -0.37367687062534D-31 -0.36932720763988D-27
  0.49237239354315D+02 -0.10340852016048D-30  0.10270567445571D-31  0.10138441894644D-27
  0.49783611747858D+02  0.28421998728624D-31 -0.28228822762455D-32 -0.27831785154476D-28
  0.50335447865337D+02 -0.78118307276780D-32  0.77587384232972D-33  0.76404815668984D-29
  0.50892802343990D+02  0.21470953494036D-32 -0.21325017247914D-33 -0.20975387659915D-29
  0.51455730367430D+02 -0.59013205141087D-33  0.58612151493759D-34  0.57584910371076D-30
  0.52024287671104D+02  0.16219918750690D-33 -0.16109643547861D-34 -0.15809448043630D-30
  0.52598530547815D+02 -0.44580451063380D-34  0.44277612752827D-35  0.43404408913823D-31
  0.53178515853293D+02  0.12253133855724D-34 -0.12169772695214D-35 -0.11916807610963D-31
  0.53764301011826D+02 -0.33676729334116D-35  0.33448821703463D-36  0.32718606905032D-32
  0.54355944021945D+02  0.92566476215154D-36 -0.91934612800970D-37 -0.89833509892396D-33
  0.54953503462164D+02 -0.25437504215661D-36  0.25268376459327D-37  0.24665526532999D-33
  0.55557038496786D+02  0.69981428248543D-37 -0.69450537917542D-38 -0.67725274763442D-34
  0.56166608881754D+02 -0.19206531662369D-37  0.19088599784910D-38  0.18595993466054D-34
  0.56782274970571D+02  0.52843693764890D-38 -0.52465315153553D-39 -0.51061787839943D-35
  0.57404097720277D+02 -0.14363071038590D-38  0.14420201976981D-39  0.14021050741417D-35
  0.58032138697480D+02  0.39916126886139D-39 -0.39634325764963D-40 -0.38501076639205D-36
  0.58666460084454D+02 -0.10152127114340D-39  0.10893694261661D-40  0.10572382128985D-36
  0.59307124685299D+02  0.25834338488292D-40 -0.29945748182621D-41 -0.29032222095549D-37
  0.59954195932152D+02 -0.13818204156707D-40  0.82256219855867D-42  0.79725138517665D-38
  0.60607737891473D+02 -0.32327955571974D-41 -0.22560905275630D-42 -0.21893677011841D-38
  0.61267815270388D+02  0.11840972023545D-41  0.61657132430292D-43  0.60124532299860D-39
  0.61934493423092D+02 -0.37961175398559D-41 -0.16815581571898D-43 -0.16511920194679D-39
  0.62607838357323D+02 -0.65300508437536D-42  0.42038953929745D-44  0.45348820902480D-40
  0.63287916740896D+02 -0.39376486847527D-41 -0.14012984643248D-44 -0.12456142049383D-40
  0.63974795908305D+02 -0.10285530728144D-41  0.00000000000000D+00  0.34233721483455D-41
  0.64668543867388D+02  0.32089734833038D-42 -0.00000000000000D+00 -0.94167256802628D-42
  0.65369229306062D+02  0.49465835790666D-42  0.00000000000000D+00  0.25924021590009D-42
  0.66076921599123D+02 -0.36573889918878D-42  0.00000000000000D+00 -0.71466221680566D-43
  0.66791690815114D+02  0.46523109015584D-42  0.00000000000000D+00  0.19618178500547D-43
  0.67513607723265D+02 -0.16731503664038D-41  0.00000000000000D+00 -0.56051938572993D-44
  0.68242743800498D+02  0.52688822258613D-42  0.00000000000000D+00  0.14012984643248D-44
  0.68979171238503D+02 -0.15974802493303D-41  0.00000000000000D+00  0.00000000000000D+00
  0.69722962950888D+02  0.58854535501642D-43  0.00000000000000D+00  0.00000000000000D+00
  0.70474192580397D+02 -0.20599087425575D-42  0.00000000000000D+00  0.00000000000000D+00
  0.71232934506201D+02 -0.35032461608120D-42  0.00000000000000D+00  0.00000000000000D+00
  0.71999263851263D+02  0.22981294814927D-42  0.00000000000000D+00  0.00000000000000D+00
  0.72773256489775D+02  0.53949990876505D-42  0.00000000000000D+00  0.00000000000000D+00
  0.73554989054673D+02 -0.39236357001095D-43  0.00000000000000D+00  0.00000000000000D+00
  0.74344538945220D+02 -0.19057659114818D-42  0.00000000000000D+00  0.00000000000000D+00
  0.75141984334672D+02  0.60115704119535D-42  0.00000000000000D+00  0.00000000000000D+00
  0.75947404178019D+02  0.12051166793193D-42  0.00000000000000D+00  0.00000000000000D+00
  0.76760878219799D+02  0.41758694236880D-42  0.00000000000000D+00  0.00000000000000D+00
  0.77582487001997D+02 -0.10369608636004D-42  0.00000000000000D+00  0.00000000000000D+00
  0.78412311872017D+02 -0.71466221680566D-43  0.00000000000000D+00  0.00000000000000D+00
  0.79250434990737D+02 -0.17656360650493D-42  0.00000000000000D+00  0.00000000000000D+00
  0.80096939340644D+02 -0.12611686178923D-43  0.00000000000000D+00  0.00000000000000D+00
  0.80951908734051D+02 -0.26624670822172D-43  0.00000000000000D+00  0.00000000000000D+00
  0.81815427821391D+02  0.70064923216241D-44  0.00000000000000D+00  0.00000000000000D+00
  0.82687582099605D+02 -0.37835058536770D-43  0.00000000000000D+00  0.00000000000000D+00
  0.83568457920601D+02 -0.37835058536770D-43  0.00000000000000D+00  0.00000000000000D+00
  0.84458142499807D+02 -0.12611686178923D-43  0.00000000000000D+00  0.00000000000000D+00
  0.85356723924806D+02  0.70064923216241D-44  0.00000000000000D+00  0.00000000000000D+00
  0.86264291164054D+02  0.00000000000000D+00  0.00000000000000D+00  0.00000000000000D+00
