 -0.22000000000000D+02  0.11271583984375D+05  0.10000009536743D+01  0.15249931250000D+06  0.10444607734680D+01
 -0.21917308448155D+02  0.11090367187500D+05  0.10000009536743D+01  0.15199790625000D+06  0.10444602966309D+01
 -0.21834617665702D+02  0.96816435546875D+04  0.10000008344650D+01  0.15149656250000D+06  0.10444602966309D+01
 -0.21751927694187D+02  0.93289824218750D+04  0.10000008344650D+01  0.15099523437500D+06  0.10444602966309D+01
 -0.21669238577401D+02  0.94288964843750D+04  0.10000008344650D+01  0.15049390625000D+06  0.10444602966309D+01
 -0.21586550361495D+02  0.93840576171875D+04  0.10000008344650D+01  0.14999256250000D+06  0.10444602966309D+01
 -0.21503863095112D+02  0.94085195312500D+04  0.10000008344650D+01  0.14949128125000D+06  0.10444602966309D+01
 -0.21421176829519D+02  0.93935126953125D+04  0.10000008344650D+01  0.14898993750000D+06  0.10444602966309D+01
 -0.21338491618745D+02  0.94034335937500D+04  0.10000008344650D+01  0.14848865625000D+06  0.10444602966309D+01
 -0.21255807519738D+02  0.93966621093750D+04  0.10000008344650D+01  0.14798734375000D+06  0.10444602966309D+01
 -0.21173124592513D+02  0.94011699218750D+04  0.10000008344650D+01  0.14748604687500D+06  0.10444602966309D+01
 -0.21090442900323D+02  0.93985234375000D+04  0.10000008344650D+01  0.14698478125000D+06  0.10444602966309D+01
 -0.21007762509831D+02  0.93994130859375D+04  0.10000008344650D+01  0.14648350000000D+06  0.10444602966309D+01
 -0.20925083491294D+02  0.94004707031250D+04  0.10000008344650D+01  0.14598221875000D+06  0.10444602966309D+01
 -0.20842405918754D+02  0.93967607421875D+04  0.10000008344650D+01  0.14548096875000D+06  0.10444602966309D+01
 -0.20759729870246D+02  0.94050517578125D+04  0.10000008344650D+01  0.14497971875000D+06  0.10444602966309D+01
 -0.20677055428009D+02  0.93859433593750D+04  0.10000008344650D+01  0.14447846875000D+06  0.10444602966309D+01
 -0.20594382678711D+02  0.94507988281250D+04  0.10000008344650D+01  0.14397723437500D+06  0.10444602966309D+01
 -0.20511711713693D+02  0.96776484375000D+04  0.10000008344650D+01  0.14347615625000D+06  0.10444612503052D+01
 -0.20429042629210D+02  0.97423847656250D+04  0.10000008344650D+01  0.14297493750000D+06  0.10444612503052D+01
 -0.20346375526704D+02  0.97213125000000D+04  0.10000008344650D+01  0.14247373437500D+06  0.10444612503052D+01
 -0.20263710513079D+02  0.97333125000000D+04  0.10000008344650D+01  0.14197253125000D+06  0.10444612503052D+01
 -0.20181047700990D+02  0.97240722656250D+04  0.10000008344650D+01  0.14147137500000D+06  0.10444612503052D+01
 -0.20098387209157D+02  0.97326914062500D+04  0.10000008344650D+01  0.14097021875000D+06  0.10444612503052D+01
 -0.20015729162688D+02  0.97236425781250D+04  0.10000008344650D+01  0.14046906250000D+06  0.10444612503052D+01
 -0.19933073693419D+02  0.97338574218750D+04  0.10000008344650D+01  0.13996792187500D+06  0.10444612503052D+01
 -0.19850420940277D+02  0.97217158203125D+04  0.10000008344650D+01  0.13946681250000D+06  0.10444612503052D+01
 -0.19767771049658D+02  0.97369218750000D+04  0.10000008344650D+01  0.13896571875000D+06  0.10444612503052D+01
 -0.19685124175827D+02  0.97165634765625D+04  0.10000008344650D+01  0.13846462500000D+06  0.10444612503052D+01
 -0.19602480481337D+02  0.97465429687500D+04  0.10000008344650D+01  0.13796359375000D+06  0.10444612503052D+01
 -0.19519840137473D+02  0.96963203125000D+04  0.10000008344650D+01  0.13746253125000D+06  0.10444612503052D+01
 -0.19437203324718D+02  0.98001835937500D+04  0.10000008344650D+01  0.13696153125000D+06  0.10444612503052D+01
 -0.19354570233244D+02  0.94590859375000D+04  0.10000008344650D+01  0.13646053125000D+06  0.10444612503052D+01
 -0.19271941063426D+02  0.82679375000000D+04  0.10000007152557D+01  0.13595954687500D+06  0.10444612503052D+01
 -0.19189316026388D+02  0.79384467773438D+04  0.10000007152557D+01  0.13545860937500D+06  0.10444612503052D+01
 -0.19106695344576D+02  0.80364296875000D+04  0.10000007152557D+01  0.13495768750000D+06  0.10444612503052D+01
 -0.19024079252355D+02  0.79897592773438D+04  0.10000007152557D+01  0.13445679687500D+06  0.10444612503052D+01
 -0.18941467996646D+02  0.80171416015625D+04  0.10000007152557D+01  0.13395592187500D+06  0.10444612503052D+01
 -0.18858861837592D+02  0.79987763671875D+04  0.10000007152557D+01  0.13345509375000D+06  0.10444612503052D+01
 -0.18776261049260D+02  0.80123574218750D+04  0.10000007152557D+01  0.13295429687500D+06  0.10444612503052D+01
 -0.18693665920375D+02  0.80015322265625D+04  0.10000007152557D+01  0.13245353125000D+06  0.10444612503052D+01
 -0.18611076755098D+02  0.80107431640625D+04  0.10000007152557D+01  0.13195281250000D+06  0.10444612503052D+01
 -0.18528493873843D+02  0.80022202148438D+04  0.10000007152557D+01  0.13145210937500D+06  0.10444612503052D+01
 -0.18445917614131D+02  0.80113017578125D+04  0.10000007152557D+01  0.13095146093750D+06  0.10444612503052D+01
 -0.18363348331495D+02  0.79986035156250D+04  0.10000007152557D+01  0.13045085937500D+06  0.10444612503052D+01
 -0.18280786400427D+02  0.80307031250000D+04  0.10000007152557D+01  0.12995029687500D+06  0.10444612503052D+01
 -0.18198232215375D+02  0.81297568359375D+04  0.10000007152557D+01  0.12944983593750D+06  0.10444617271423D+01
 -0.18115686191789D+02  0.81601054687500D+04  0.10000007152557D+01  0.12894935937500D+06  0.10444617271423D+01
 -0.18033148767223D+02  0.81499663085938D+04  0.10000007152557D+01  0.12844892968750D+06  0.10444617271423D+01
 -0.17950620402490D+02  0.81553671875000D+04  0.10000007152557D+01  0.12794858593750D+06  0.10444617271423D+01
 -0.17868101582879D+02  0.81518828125000D+04  0.10000007152557D+01  0.12744827343750D+06  0.10444617271423D+01
 -0.17785592819426D+02  0.81543759765625D+04  0.10000007152557D+01  0.12694802343750D+06  0.10444617271423D+01
 -0.17703094650259D+02  0.81524726562500D+04  0.10000007152557D+01  0.12644783593750D+06  0.10444617271423D+01
 -0.17620607641998D+02  0.81539853515625D+04  0.10000007152557D+01  0.12594771875000D+06  0.10444617271423D+01
 -0.17538132391237D+02  0.81527509765625D+04  0.10000007152557D+01  0.12544767187500D+06  0.10444617271423D+01
 -0.17455669526085D+02  0.81537788085938D+04  0.10000007152557D+01  0.12494771093750D+06  0.10444617271423D+01
 -0.17373219707797D+02  0.81529057617188D+04  0.10000007152557D+01  0.12444781250000D+06  0.10444617271423D+01
 -0.17290783632474D+02  0.81536630859375D+04  0.10000007152557D+01  0.12394802343750D+06  0.10444617271423D+01
 -0.17208362032850D+02  0.81529892578125D+04  0.10000007152557D+01  0.12344829687500D+06  0.10444617271423D+01
 -0.17125955680164D+02  0.81536083984375D+04  0.10000007152557D+01  0.12294865625000D+06  0.10444617271423D+01
 -0.17043565386119D+02  0.81530185546875D+04  0.10000007152557D+01  0.12244914843750D+06  0.10444617271423D+01
 -0.16961192004942D+02  0.81536030273438D+04  0.10000007152557D+01  0.12194971093750D+06  0.10444617271423D+01
 -0.16878836435530D+02  0.81530000000000D+04  0.10000007152557D+01  0.12145039843750D+06  0.10444617271423D+01
 -0.16796499623704D+02  0.81536464843750D+04  0.10000007152557D+01  0.12095117968750D+06  0.10444617271423D+01
 -0.16714182564565D+02  0.81529291992188D+04  0.10000007152557D+01  0.12045210937500D+06  0.10444617271423D+01
 -0.16631886304960D+02  0.81537480468750D+04  0.10000007152557D+01  0.11995314843750D+06  0.10444617271423D+01
 -0.16549611946051D+02  0.81527880859375D+04  0.10000007152557D+01  0.11945431250000D+06  0.10444617271423D+01
 -0.16467360646014D+02  0.81539472656250D+04  0.10000007152557D+01  0.11895564843750D+06  0.10444617271423D+01
 -0.16385133622845D+02  0.81524975585938D+04  0.10000007152557D+01  0.11845709375000D+06  0.10444617271423D+01
 -0.16302932157296D+02  0.81544072265625D+04  0.10000007152557D+01  0.11795871093750D+06  0.10444617271423D+01
 -0.16220757595933D+02  0.81516850585938D+04  0.10000007152557D+01  0.11746048437500D+06  0.10444617271423D+01
 -0.16138611354327D+02  0.81560468750000D+04  0.10000007152557D+01  0.11696242968750D+06  0.10444617271423D+01
 -0.16056494920381D+02  0.81474960937500D+04  0.10000007152557D+01  0.11646458593750D+06  0.10444617271423D+01
 -0.15974409857787D+02  0.81742880859375D+04  0.10000007152557D+01  0.11596689843750D+06  0.10444617271423D+01
 -0.15892357809627D+02  0.82646591796875D+04  0.10000007152557D+01  0.11546946093750D+06  0.10444622039795D+01
 -0.15810340502118D+02  0.82912333984375D+04  0.10000007152557D+01  0.11497218750000D+06  0.10444622039795D+01
 -0.15728359748501D+02  0.82822080078125D+04  0.10000007152557D+01  0.11447514843750D+06  0.10444622039795D+01
 -0.15646417453072D+02  0.82875820312500D+04  0.10000007152557D+01  0.11397833593750D+06  0.10444622039795D+01
 -0.15564515615368D+02  0.82833085937500D+04  0.10000007152557D+01  0.11348175000000D+06  0.10444622039795D+01
 -0.15482656334500D+02  0.82873544921875D+04  0.10000007152557D+01  0.11298543750000D+06  0.10444622039795D+01
 -0.15400841813636D+02  0.82831074218750D+04  0.10000007152557D+01  0.11248939843750D+06  0.10444622039795D+01
 -0.15319074364632D+02  0.82878339843750D+04  0.10000007152557D+01  0.11199364843750D+06  0.10444622039795D+01
 -0.15237356412814D+02  0.82823974609375D+04  0.10000007152557D+01  0.11149817968750D+06  0.10444622039795D+01
 -0.15155690501908D+02  0.82887802734375D+04  0.10000007152557D+01  0.11100303125000D+06  0.10444622039795D+01
 -0.15074079299109D+02  0.82811835937500D+04  0.10000007152557D+01  0.11050823437500D+06  0.10444622039795D+01
 -0.14992525600296D+02  0.82903242187500D+04  0.10000007152557D+01  0.11001377343750D+06  0.10444622039795D+01
 -0.14911032335377D+02  0.82792197265625D+04  0.10000007152557D+01  0.10951967187500D+06  0.10444622039795D+01
 -0.14829602573762D+02  0.82928925781250D+04  0.10000007152557D+01  0.10902596093750D+06  0.10444622039795D+01
 -0.14748239529962D+02  0.82757333984375D+04  0.10000007152557D+01  0.10853264843750D+06  0.10444622039795D+01
 -0.14666946569288D+02  0.82980185546875D+04  0.10000007152557D+01  0.10803977343750D+06  0.10444622039795D+01
 -0.14585727213658D+02  0.82674414062500D+04  0.10000007152557D+01  0.10754733593750D+06  0.10444622039795D+01
 -0.14504585147481D+02  0.83132519531250D+04  0.10000007152557D+01  0.10705537500000D+06  0.10444622039795D+01
 -0.14423524223619D+02  0.82356855468750D+04  0.10000007152557D+01  0.10656389843750D+06  0.10444622039795D+01
 -0.14342548469383D+02  0.83973007812500D+04  0.10000007152557D+01  0.10607293750000D+06  0.10444622039795D+01
 -0.14261662092579D+02  0.78653310546875D+04  0.10000007152557D+01  0.10558252343750D+06  0.10444622039795D+01
 -0.14180869487544D+02  0.94322343750000D+04  0.10000004768372D+01  0.10509267187500D+06  0.10444622039795D+01
 -0.14100175241164D+02  0.93975703125000D+04  0.10000004768372D+01  0.10460342187500D+06  0.10444622039795D+01
 -0.14019584138848D+02  0.95535507812500D+04  0.10000004768372D+01  0.10411479687500D+06  0.10444622039795D+01
 -0.13939101170410D+02  0.94797099609375D+04  0.10000004768372D+01  0.10362683593750D+06  0.10444622039795D+01
 -0.13858731535829D+02  0.95225292968750D+04  0.10000004768372D+01  0.10313954687500D+06  0.10444622039795D+01
 -0.13778480650856D+02  0.94943007812500D+04  0.10000004768372D+01  0.10265298437500D+06  0.10444622039795D+01
 -0.13698354152402D+02  0.95146201171875D+04  0.10000004768372D+01  0.10216717187500D+06  0.10444622039795D+01
 -0.13618357903678D+02  0.94990927734375D+04  0.10000004768372D+01  0.10168214843750D+06  0.10444622039795D+01
 -0.13538497999024D+02  0.95113779296875D+04  0.10000004768372D+01  0.10119796093750D+06  0.10444622039795D+01
 -0.13458780768371D+02  0.95014375000000D+04  0.10000004768372D+01  0.10071461718750D+06  0.10444622039795D+01
 -0.13379212781275D+02  0.95095976562500D+04  0.10000004768372D+01  0.10023221093750D+06  0.10444622039795D+01
 -0.13299800850458D+02  0.95028115234375D+04  0.10000004768372D+01  0.99750710937500D+05  0.10444622039795D+01
 -0.13220552034777D+02  0.95085273437500D+04  0.10000004768372D+01  0.99270218750000D+05  0.10444622039795D+01
 -0.13141473641564D+02  0.95036308593750D+04  0.10000004768372D+01  0.98790773437500D+05  0.10444622039795D+01
 -0.13062573228235D+02  0.95079140625000D+04  0.10000004768372D+01  0.98312398437500D+05  0.10444622039795D+01
 -0.12983858603100D+02  0.95040664062500D+04  0.10000004768372D+01  0.97835125000000D+05  0.10444622039795D+01
 -0.12905337825289D+02  0.95076386718750D+04  0.10000004768372D+01  0.97359046875000D+05  0.10444622039795D+01
 -0.12827019203692D+02  0.95041953125000D+04  0.10000004768372D+01  0.96884210937500D+05  0.10444622039795D+01
 -0.12748911294829D+02  0.95076494140625D+04  0.10000004768372D+01  0.96410617187500D+05  0.10444622039795D+01
 -0.12671022899558D+02  0.95040419921875D+04  0.10000004768372D+01  0.95938375000000D+05  0.10444622039795D+01
 -0.12593363058522D+02  0.95079511718750D+04  0.10000004768372D+01  0.95467523437500D+05  0.10444622039795D+01
 -0.12515941046235D+02  0.95035791015625D+04  0.10000004768372D+01  0.94998109375000D+05  0.10444622039795D+01
 -0.12438766363731D+02  0.95086035156250D+04  0.10000004768372D+01  0.94530187500000D+05  0.10444622039795D+01
 -0.12361848729654D+02  0.95026943359375D+04  0.10000004768372D+01  0.94063835937500D+05  0.10444622039795D+01
 -0.12285198069741D+02  0.95098046875000D+04  0.10000004768372D+01  0.93599093750000D+05  0.10444622039795D+01
 -0.12208824504570D+02  0.95010253906250D+04  0.10000004768372D+01  0.93136046875000D+05  0.10444622039795D+01
 -0.12132738335538D+02  0.95122753906250D+04  0.10000004768372D+01  0.92674718750000D+05  0.10444622039795D+01
 -0.12056950028974D+02  0.94970195312500D+04  0.10000004768372D+01  0.92215210937500D+05  0.10444622039795D+01
 -0.11981470198344D+02  0.95195839843750D+04  0.10000004768372D+01  0.91757585937500D+05  0.10444622039795D+01
 -0.11906309584494D+02  0.94818427734375D+04  0.10000004768372D+01  0.91301859375000D+05  0.10444622039795D+01
 -0.11831479033915D+02  0.95594296875000D+04  0.10000004768372D+01  0.90848156250000D+05  0.10444622039795D+01
 -0.11756989475006D+02  0.93063320312500D+04  0.10000004768372D+01  0.90396523437500D+05  0.10444622039795D+01
 -0.11682851892336D+02  0.84296347656250D+04  0.10000003576279D+01  0.89947023437500D+05  0.10444622039795D+01
 -0.11609077298953D+02  0.81829995117188D+04  0.10000003576279D+01  0.89499718750000D+05  0.10444622039795D+01
 -0.11535676706761D+02  0.82615019531250D+04  0.10000003576279D+01  0.89054679687500D+05  0.10444622039795D+01
 -0.11462661095064D+02  0.82139042968750D+04  0.10000003576279D+01  0.88611984375000D+05  0.10444622039795D+01
 -0.11390041377351D+02  0.82785234375000D+04  0.10000003576279D+01  0.88171679687500D+05  0.10444622039795D+01
 -0.11317828366474D+02  0.84236250000000D+04  0.10000003576279D+01  0.87733929687500D+05  0.10444631576538D+01
 -0.11246032738342D+02  0.84766982421875D+04  0.10000003576279D+01  0.87298617187500D+05  0.10444631576538D+01
 -0.11174664994339D+02  0.84566064453125D+04  0.10000003576279D+01  0.86865906250000D+05  0.10444631576538D+01
 -0.11103735422662D+02  0.84683095703125D+04  0.10000003576279D+01  0.86435859375000D+05  0.10444631576538D+01
 -0.11033254058805D+02  0.84603046875000D+04  0.10000003576279D+01  0.86008515625000D+05  0.10444631576538D+01
 -0.10963230645473D+02  0.84662187500000D+04  0.10000003576279D+01  0.85583953125000D+05  0.10444631576538D+01
 -0.10893674592192D+02  0.84616582031250D+04  0.10000003576279D+01  0.85162218750000D+05  0.10444631576538D+01
 -0.10824594934929D+02  0.84652490234375D+04  0.10000003576279D+01  0.84743375000000D+05  0.10444631576538D+01
 -0.10756000296047D+02  0.84624013671875D+04  0.10000003576279D+01  0.84327484375000D+05  0.10444631576538D+01
 -0.10687898844937D+02  0.84646542968750D+04  0.10000003576279D+01  0.83914562500000D+05  0.10444631576538D+01
 -0.10620298259665D+02  0.84628925781250D+04  0.10000003576279D+01  0.83504703125000D+05  0.10444631576538D+01
 -0.10553205690015D+02  0.84642382812500D+04  0.10000003576279D+01  0.83097898437500D+05  0.10444631576538D+01
 -0.10486627722253D+02  0.84632529296875D+04  0.10000003576279D+01  0.82694234375000D+05  0.10444631576538D+01
 -0.10420570345989D+02  0.84639169921875D+04  0.10000003576279D+01  0.82293710937500D+05  0.10444631576538D+01
 -0.10355038923465D+02  0.84635478515625D+04  0.10000003576279D+01  0.81896390625000D+05  0.10444631576538D+01
 -0.10290038161596D+02  0.84636347656250D+04  0.10000003576279D+01  0.81502281250000D+05  0.10444631576538D+01
 -0.10225572087071D+02  0.84638281250000D+04  0.10000003576279D+01  0.81111421875000D+05  0.10444631576538D+01
 -0.10161644024780D+02  0.84633437500000D+04  0.10000003576279D+01  0.80723804687500D+05  0.10444631576538D+01
 -0.10098256579819D+02  0.84641396484375D+04  0.10000003576279D+01  0.80339484375000D+05  0.10444631576538D+01
 -0.10035411623270D+02  0.84629980468750D+04  0.10000003576279D+01  0.79958437500000D+05  0.10444631576538D+01
 -0.99731102819273D+01  0.84645371093750D+04  0.10000003576279D+01  0.79580703125000D+05  0.10444631576538D+01
 -0.99113529320819D+01  0.84625351562500D+04  0.10000003576279D+01  0.79206265625000D+05  0.10444631576538D+01
 -0.98501391974427D+01  0.84650878906250D+04  0.10000003576279D+01  0.78835109375000D+05  0.10444631576538D+01
 -0.97894679512158D+01  0.84618701171875D+04  0.10000003576279D+01  0.78467250000000D+05  0.10444631576538D+01
 -0.97293373223187D+01  0.84659023437500D+04  0.10000003576279D+01  0.78102671875000D+05  0.10444631576538D+01
 -0.96697447056557D+01  0.84608525390625D+04  0.10000003576279D+01  0.77741343750000D+05  0.10444631576538D+01
 -0.96106867763364D+01  0.84672138671875D+04  0.10000003576279D+01  0.77383265625000D+05  0.10444631576538D+01
 -0.95521595076726D+01  0.84590781250000D+04  0.10000003576279D+01  0.77028421875000D+05  0.10444631576538D+01
 -0.94941581927485D+01  0.84698134765625D+04  0.10000003576279D+01  0.76676734375000D+05  0.10444631576538D+01
 -0.94366774693223D+01  0.84548652343750D+04  0.10000003576279D+01  0.76328218750000D+05  0.10444631576538D+01
 -0.93797113477841D+01  0.84775605468750D+04  0.10000003576279D+01  0.75982828125000D+05  0.10444631576538D+01
 -0.93232532418674D+01  0.84385957031250D+04  0.10000003576279D+01  0.75640515625000D+05  0.10444631576538D+01
 -0.92672960017901D+01  0.85208076171875D+04  0.10000003576279D+01  0.75301234375000D+05  0.10444631576538D+01
 -0.92118319494835D+01  0.82455898437500D+04  0.10000003576279D+01  0.74964953125000D+05  0.10444631576538D+01
 -0.91568529155583D+01  0.72632475585938D+04  0.10000002384186D+01  0.74631609375000D+05  0.10444631576538D+01
 -0.91023502776512D+01  0.70196435546875D+04  0.10000002384186D+01  0.74301148437500D+05  0.10444631576538D+01
 -0.90483149997949D+01  0.71874541015625D+04  0.10000002384186D+01  0.73973554687500D+05  0.10444636344910D+01
 -0.89947376724639D+01  0.71740810546875D+04  0.10000002384186D+01  0.73648710937500D+05  0.10444636344910D+01
 -0.89416085529533D+01  0.71887612304688D+04  0.10000002384186D+01  0.73326578125000D+05  0.10444636344910D+01
 -0.88889176057674D+01  0.71777280273438D+04  0.10000002384186D+01  0.73007109375000D+05  0.10444636344910D+01
 -0.88366545427117D+01  0.71861601562500D+04  0.10000002384186D+01  0.72690210937500D+05  0.10444636344910D+01
 -0.87848088624010D+01  0.71795068359375D+04  0.10000002384186D+01  0.72375859375000D+05  0.10444636344910D+01
 -0.87333698889252D+01  0.71848569335938D+04  0.10000002384186D+01  0.72063968750000D+05  0.10444636344910D+01
 -0.86823268094345D+01  0.71805078125000D+04  0.10000002384186D+01  0.71754492187500D+05  0.10444636344910D+01
 -0.86316687104381D+01  0.71840620117188D+04  0.10000002384186D+01  0.71447335937500D+05  0.10444636344910D+01
 -0.85813846126334D+01  0.71811499023438D+04  0.10000002384186D+01  0.71142453125000D+05  0.10444636344910D+01
 -0.85314635041150D+01  0.71835380859375D+04  0.10000002384186D+01  0.70839773437500D+05  0.10444636344910D+01
 -0.84818943718363D+01  0.71815771484375D+04  0.10000002384186D+01  0.70539234375000D+05  0.10444636344910D+01
 -0.84326662312264D+01  0.71831875000000D+04  0.10000002384186D+01  0.70240750000000D+05  0.10444636344910D+01
 -0.83837681538883D+01  0.71818652343750D+04  0.10000002384186D+01  0.69944265625000D+05  0.10444636344910D+01
 -0.83351892933308D+01  0.71829521484375D+04  0.10000002384186D+01  0.69649718750000D+05  0.10444636344910D+01
 -0.82869189087064D+01  0.71820585937500D+04  0.10000002384186D+01  0.69357046875000D+05  0.10444636344910D+01
 -0.82389463865501D+01  0.71827929687500D+04  0.10000002384186D+01  0.69066179687500D+05  0.10444636344910D+01
 -0.81912612605330D+01  0.71821884765625D+04  0.10000002384186D+01  0.68777054687500D+05  0.10444636344910D+01
 -0.81438532292585D+01  0.71826865234375D+04  0.10000002384186D+01  0.68489609375000D+05  0.10444636344910D+01
 -0.80967121721465D+01  0.71822753906250D+04  0.10000002384186D+01  0.68203781250000D+05  0.10444636344910D+01
 -0.80498281634633D+01  0.71826162109375D+04  0.10000002384186D+01  0.67919515625000D+05  0.10444636344910D+01
 -0.80031914845616D+01  0.71823334960938D+04  0.10000002384186D+01  0.67636750000000D+05  0.10444636344910D+01
 -0.79567926344100D+01  0.97772656250000D+04  0.10000002384186D+01  0.67355421875000D+05  0.10444636344910D+01
 -0.79106223384925D+01  0.10641966796875D+05  0.10000002384186D+01  0.67075484375000D+05  0.10444636344910D+01
 -0.78646715561675D+01  0.10642141601562D+05  0.10000002384186D+01  0.66796867187500D+05  0.10444636344910D+01
 -0.78189314865766D+01  0.10641988281250D+05  0.10000002384186D+01  0.66519546875000D+05  0.10444636344910D+01
 -0.77733935731991D+01  0.10642124023438D+05  0.10000002384186D+01  0.66243437500000D+05  0.10444636344910D+01
 -0.77280495071458D+01  0.10642000000000D+05  0.10000002384186D+01  0.65968500000000D+05  0.10444636344910D+01
 -0.76828912292873D+01  0.10642117187500D+05  0.10000002384186D+01  0.65694703125000D+05  0.10444636344910D+01
 -0.76379109313121D+01  0.10642002929688D+05  0.10000002384186D+01  0.65421980468750D+05  0.10444636344910D+01
 -0.75931010558044D+01  0.10642121093750D+05  0.10000002384186D+01  0.65150281250000D+05  0.10444636344910D+01
 -0.75484542954338D+01  0.10641995117188D+05  0.10000002384186D+01  0.64879578125000D+05  0.10444636344910D+01
 -0.75039635913413D+01  0.10642132812500D+05  0.10000002384186D+01  0.64609824218750D+05  0.10444636344910D+01
 -0.74596221308062D+01  0.10641976562500D+05  0.10000002384186D+01  0.64340968750000D+05  0.10444636344910D+01
 -0.74154233442723D+01  0.10642158203125D+05  0.10000002384186D+01  0.64072980468750D+05  0.10444636344910D+01
 -0.73713609018084D+01  0.10641945312500D+05  0.10000002384186D+01  0.63805824218750D+05  0.10444636344910D+01
 -0.73274287090745D+01  0.10642197265625D+05  0.10000002384186D+01  0.63539453125000D+05  0.10444636344910D+01
 -0.72836209028593D+01  0.10641894531250D+05  0.10000002384186D+01  0.63273835937500D+05  0.10444636344910D+01
 -0.72399318462516D+01  0.10642259765625D+05  0.10000002384186D+01  0.63008937500000D+05  0.10444636344910D+01
 -0.71963561235019D+01  0.10641816406250D+05  0.10000002384186D+01  0.62744730468750D+05  0.10444636344910D+01
 -0.71528885346295D+01  0.10642359375000D+05  0.10000002384186D+01  0.62481179687500D+05  0.10444636344910D+01
 -0.71095240898212D+01  0.10641687500000D+05  0.10000002384186D+01  0.62218246093750D+05  0.10444636344910D+01
 -0.70662580036688D+01  0.10642534179688D+05  0.10000002384186D+01  0.61955917968750D+05  0.10444636344910D+01
 -0.70230856892843D+01  0.10641432617188D+05  0.10000002384186D+01  0.61694156250000D+05  0.10444636344910D+01
 -0.69800027523317D+01  0.10642947265625D+05  0.10000002384186D+01  0.61432933593750D+05  0.10444636344910D+01
 -0.69370049850065D+01  0.10640676757812D+05  0.10000002384186D+01  0.61172230468750D+05  0.10444636344910D+01
 -0.68940883599944D+01  0.10644529296875D+05  0.10000002384186D+01  0.60912015625000D+05  0.10444636344910D+01
 -0.68512490244366D+01  0.10636514648438D+05  0.10000002384186D+01  0.60652273437500D+05  0.10444636344910D+01
 -0.68084832939227D+01  0.10663016601562D+05  0.10000002384186D+01  0.60392980468750D+05  0.10444636344910D+01
 -0.67657876465350D+01  0.10756332031250D+05  0.10000002384186D+01  0.60134125000000D+05  0.10444641113281D+01
 -0.67231587169614D+01  0.10782195312500D+05  0.10000002384186D+01  0.59875656250000D+05  0.10444641113281D+01
 -0.66805932906925D+01  0.10774510742188D+05  0.10000002384186D+01  0.59617574218750D+05  0.10444641113281D+01
 -0.66380882983171D+01  0.10778139648438D+05  0.10000002384186D+01  0.59359855468750D+05  0.10444641113281D+01
 -0.65956408099276D+01  0.10776035156250D+05  0.10000002384186D+01  0.59102480468750D+05  0.10444641113281D+01
 -0.65532480296457D+01  0.10777418945312D+05  0.10000002384186D+01  0.58845449218750D+05  0.10444641113281D+01
 -0.65109072902755D+01  0.10776425781250D+05  0.10000002384186D+01  0.58588714843750D+05  0.10444641113281D+01
 -0.64686160480918D+01  0.10777181640625D+05  0.10000002384186D+01  0.58332292968750D+05  0.10444641113281D+01
 -0.64263718777679D+01  0.10776585937500D+05  0.10000002384186D+01  0.58076156250000D+05  0.10444641113281D+01
 -0.63841724674474D+01  0.10777062500000D+05  0.10000002384186D+01  0.57820292968750D+05  0.10444641113281D+01
 -0.63420156139631D+01  0.10776677734375D+05  0.10000002384186D+01  0.57564679687500D+05  0.10444641113281D+01
 -0.62998992182042D+01  0.10776991210938D+05  0.10000002384186D+01  0.57309312500000D+05  0.10444641113281D+01
 -0.62578212806332D+01  0.10776735351562D+05  0.10000002384186D+01  0.57054183593750D+05  0.10444641113281D+01
 -0.62157798969536D+01  0.10776944335938D+05  0.10000002384186D+01  0.56799273437500D+05  0.10444641113281D+01
 -0.61737732539257D+01  0.10776772460938D+05  0.10000002384186D+01  0.56544574218750D+05  0.10444641113281D+01
 -0.61317996253322D+01  0.10776914062500D+05  0.10000002384186D+01  0.56290085937500D+05  0.10444641113281D+01
 -0.60898573680902D+01  0.10776796875000D+05  0.10000002384186D+01  0.56035773437500D+05  0.10444641113281D+01
 -0.60479449185074D+01  0.10776894531250D+05  0.10000002384186D+01  0.55781648437500D+05  0.10444641113281D+01
 -0.60060607886825D+01  0.10776812500000D+05  0.10000002384186D+01  0.55527687500000D+05  0.10444641113281D+01
 -0.59642035630434D+01  0.10776882812500D+05  0.10000002384186D+01  0.55273898437500D+05  0.10444641113281D+01
 -0.59223718950240D+01  0.10776822265625D+05  0.10000002384186D+01  0.55020261718750D+05  0.10444641113281D+01
 -0.58805645038728D+01  0.10776875976562D+05  0.10000002384186D+01  0.54766773437500D+05  0.10444641113281D+01
 -0.58387801715936D+01  0.10776826171875D+05  0.10000002384186D+01  0.54513417968750D+05  0.10444641113281D+01
 -0.57970177400114D+01  0.10776874023438D+05  0.10000002384186D+01  0.54260203125000D+05  0.10444641113281D+01
 -0.57552761079616D+01  0.10776827148438D+05  0.10000002384186D+01  0.54007109375000D+05  0.10444641113281D+01
 -0.57135542285994D+01  0.10776875000000D+05  0.10000002384186D+01  0.53754136718750D+05  0.10444641113281D+01
 -0.56718511068235D+01  0.10776822265625D+05  0.10000002384186D+01  0.53501281250000D+05  0.10444641113281D+01
 -0.56301657968126D+01  0.10776880859375D+05  0.10000002384186D+01  0.53248531250000D+05  0.10444641113281D+01
 -0.55884973996691D+01  0.10776815429688D+05  0.10000002384186D+01  0.52995886718750D+05  0.10444641113281D+01
 -0.55468450611675D+01  0.10776890625000D+05  0.10000002384186D+01  0.52743335937500D+05  0.10444641113281D+01
 -0.55052079696033D+01  0.10776802734375D+05  0.10000002384186D+01  0.52490886718750D+05  0.10444641113281D+01
 -0.54635853537379D+01  0.10776908203125D+05  0.10000002384186D+01  0.52238511718750D+05  0.10444641113281D+01
 -0.54219764808376D+01  0.10776781250000D+05  0.10000002384186D+01  0.51986230468750D+05  0.10444641113281D+01
 -0.53803806548015D+01  0.10776933593750D+05  0.10000002384186D+01  0.51734015625000D+05  0.10444641113281D+01
 -0.53387972143751D+01  0.10776750000000D+05  0.10000002384186D+01  0.51481886718750D+05  0.10444641113281D+01
 -0.52972255314476D+01  0.10776972656250D+05  0.10000002384186D+01  0.51229824218750D+05  0.10444641113281D+01
 -0.52556650094268D+01  0.10776703125000D+05  0.10000002384186D+01  0.50977835937500D+05  0.10444641113281D+01
 -0.52141150816912D+01  0.10777029296875D+05  0.10000002384186D+01  0.50725898437500D+05  0.10444641113281D+01
 -0.51725752101145D+01  0.10776632812500D+05  0.10000002384186D+01  0.50474031250000D+05  0.10444641113281D+01
 -0.51310448836590D+01  0.10777114257812D+05  0.10000002384186D+01  0.50222230468750D+05  0.10444641113281D+01
 -0.50895236170371D+01  0.10776529296875D+05  0.10000002384186D+01  0.49970464843750D+05  0.10444641113281D+01
 -0.50480109494351D+01  0.10777240234375D+05  0.10000002384186D+01  0.49718765625000D+05  0.10444641113281D+01
 -0.50065064432991D+01  0.10776375976562D+05  0.10000002384186D+01  0.49467109375000D+05  0.10444641113281D+01
 -0.49650096831787D+01  0.10777426757812D+05  0.10000002384186D+01  0.49215511718750D+05  0.10444641113281D+01
 -0.49235202746264D+01  0.10776150390625D+05  0.10000002384186D+01  0.48963949218750D+05  0.10444641113281D+01
 -0.48820378431503D+01  0.10777702148438D+05  0.10000002384186D+01  0.48712421875000D+05  0.10444641113281D+01
 -0.48405620332174D+01  0.10775814453125D+05  0.10000002384186D+01  0.48460949218750D+05  0.10444641113281D+01
 -0.47990925073059D+01  0.10778109375000D+05  0.10000002384186D+01  0.48209511718750D+05  0.10444641113281D+01
 -0.47576289450029D+01  0.10775320312500D+05  0.10000002384186D+01  0.47958105468750D+05  0.10444641113281D+01
 -0.47161710421470D+01  0.10778711914062D+05  0.10000002384186D+01  0.47706730468750D+05  0.10444641113281D+01
 -0.46747185100124D+01  0.10774586914062D+05  0.10000002384186D+01  0.47455386718750D+05  0.10444641113281D+01
 -0.46332710745333D+01  0.10779607421875D+05  0.10000002384186D+01  0.47204078125000D+05  0.10444641113281D+01
 -0.45918284755666D+01  0.10773490234375D+05  0.10000002384186D+01  0.46952804687500D+05  0.10444641113281D+01
 -0.45503904661909D+01  0.10780962890625D+05  0.10000002384186D+01  0.46701554687500D+05  0.10444641113281D+01
 -0.45089568120400D+01  0.10771795898438D+05  0.10000002384186D+01  0.46450328125000D+05  0.10444641113281D+01
 -0.44675272906697D+01  0.10783150390625D+05  0.10000002384186D+01  0.46199125000000D+05  0.10444641113281D+01
 -0.44261016909559D+01  0.10768849609375D+05  0.10000002384186D+01  0.45947949218750D+05  0.10444641113281D+01
 -0.43846798125227D+01  0.10787458984375D+05  0.10000002384186D+01  0.45696804687500D+05  0.10444641113281D+01
 -0.43432614651986D+01  0.10761893554688D+05  0.10000002384186D+01  0.45445667968750D+05  0.10444641113281D+01
 -0.43018464685009D+01  0.10800216796875D+05  0.10000002384186D+01  0.45194554687500D+05  0.10444641113281D+01
 -0.42604346511441D+01  0.10735292968750D+05  0.10000002384186D+01  0.44943460937500D+05  0.10444641113281D+01
 -0.42190258505748D+01  0.10870538085938D+05  0.10000002384186D+01  0.44692375000000D+05  0.10444641113281D+01
 -0.41776199125285D+01  0.10425082031250D+05  0.10000002384186D+01  0.44441324218750D+05  0.10444641113281D+01
 -0.41362166906093D+01  0.88677744140625D+04  0.10000000000000D+01  0.44190281250000D+05  0.10444641113281D+01
 -0.40948160458904D+01  0.84383125000000D+04  0.10000000000000D+01  0.43939261718750D+05  0.10444641113281D+01
 -0.40534178465350D+01  0.85653398437500D+04  0.10000000000000D+01  0.43688242187500D+05  0.10444641113281D+01
 -0.40120219674358D+01  0.85053105468750D+04  0.10000000000000D+01  0.43437246093750D+05  0.10444641113281D+01
 -0.39706282898733D+01  0.85400468750000D+04  0.10000000000000D+01  0.43186261718750D+05  0.10444641113281D+01
 -0.39292367011906D+01  0.98694257812500D+04  0.10000000000000D+01  0.42935289062500D+05  0.10444641113281D+01
 -0.38878470944851D+01  0.10696808593750D+05  0.10000000000000D+01  0.42684328125000D+05  0.10444641113281D+01
 -0.38464593683158D+01  0.10684212890625D+05  0.10000000000000D+01  0.42433382812500D+05  0.10444641113281D+01
 -0.38050734264250D+01  0.10694068359375D+05  0.10000000000000D+01  0.42182445312500D+05  0.10444641113281D+01
 -0.37636891774744D+01  0.10686218750000D+05  0.10000000000000D+01  0.41931515625000D+05  0.10444641113281D+01
 -0.37223065347943D+01  0.10692519531250D+05  0.10000000000000D+01  0.41680601562500D+05  0.10444641113281D+01
 -0.36809254161459D+01  0.10687444335938D+05  0.10000000000000D+01  0.41429695312500D+05  0.10444641113281D+01
 -0.36395457434954D+01  0.10691530273438D+05  0.10000000000000D+01  0.41178792968750D+05  0.10444641113281D+01
 -0.35981674427993D+01  0.10688248046875D+05  0.10000000000000D+01  0.40927902343750D+05  0.10444641113281D+01
 -0.35567904438010D+01  0.10690870117188D+05  0.10000000000000D+01  0.40677015625000D+05  0.10444641113281D+01
 -0.35154146798378D+01  0.10688793945312D+05  0.10000000000000D+01  0.40426140625000D+05  0.10444641113281D+01
 -0.34740400876569D+01  0.10690414062500D+05  0.10000000000000D+01  0.40175277343750D+05  0.10444641113281D+01
 -0.34326666072419D+01  0.10689178710938D+05  0.10000000000000D+01  0.39924414062500D+05  0.10444641113281D+01
 -0.33912941816475D+01  0.10690083984375D+05  0.10000000000000D+01  0.39673558593750D+05  0.10444641113281D+01
 -0.33499227568420D+01  0.10689468750000D+05  0.10000000000000D+01  0.39422710937500D+05  0.10444641113281D+01
 -0.33085522815596D+01  0.10689821289062D+05  0.10000000000000D+01  0.39171867187500D+05  0.10444641113281D+01
 -0.32671827071578D+01  0.10689714843750D+05  0.10000000000000D+01  0.38921027343750D+05  0.10444641113281D+01
 -0.32258139874846D+01  0.10689583984375D+05  0.10000000000000D+01  0.38670195312500D+05  0.10444641113281D+01
 -0.31844460787501D+01  0.10689953125000D+05  0.10000000000000D+01  0.38419371093750D+05  0.10444641113281D+01
 -0.31430789394065D+01  0.10689332031250D+05  0.10000000000000D+01  0.38168542968750D+05  0.10444641113281D+01
 -0.31017125300334D+01  0.10690227539062D+05  0.10000000000000D+01  0.37917726562500D+05  0.10444641113281D+01
 -0.30603468132285D+01  0.10689027343750D+05  0.10000000000000D+01  0.37666906250000D+05  0.10444641113281D+01
 -0.30189817535050D+01  0.10690576171875D+05  0.10000000000000D+01  0.37416101562500D+05  0.10444641113281D+01
 -0.29776173171933D+01  0.10688621093750D+05  0.10000000000000D+01  0.37165292968750D+05  0.10444641113281D+01
 -0.29362534723482D+01  0.10691054687500D+05  0.10000000000000D+01  0.36914492187500D+05  0.10444641113281D+01
 -0.28948901886605D+01  0.10688052734375D+05  0.10000000000000D+01  0.36663687500000D+05  0.10444641113281D+01
 -0.28535274373735D+01  0.10691736328125D+05  0.10000000000000D+01  0.36412890625000D+05  0.10444641113281D+01
 -0.28121651912034D+01  0.10687233398438D+05  0.10000000000000D+01  0.36162101562500D+05  0.10444641113281D+01
 -0.27708034242639D+01  0.10692724609375D+05  0.10000000000000D+01  0.35911308593750D+05  0.10444641113281D+01
 -0.27294421119951D+01  0.10686041015625D+05  0.10000000000000D+01  0.35660523437500D+05  0.10444641113281D+01
 -0.26880812310949D+01  0.10694169921875D+05  0.10000000000000D+01  0.35409734375000D+05  0.10444641113281D+01
 -0.26467207594552D+01  0.10684294921875D+05  0.10000000000000D+01  0.35158953125000D+05  0.10444641113281D+01
 -0.26053606761005D+01  0.10696294921875D+05  0.10000000000000D+01  0.34908171875000D+05  0.10444641113281D+01
 -0.25640009611299D+01  0.10681718750000D+05  0.10000000000000D+01  0.34657398437500D+05  0.10444641113281D+01
 -0.25226415956622D+01  0.10699450195312D+05  0.10000000000000D+01  0.34406621093750D+05  0.10444641113281D+01
 -0.24812825617838D+01  0.10677862304688D+05  0.10000000000000D+01  0.34155843750000D+05  0.10444641113281D+01
 -0.24399238424988D+01  0.10704274414062D+05  0.10000000000000D+01  0.33905074218750D+05  0.10444641113281D+01
 -0.23985654216823D+01  0.10671757812500D+05  0.10000000000000D+01  0.33654304687500D+05  0.10444641113281D+01
 -0.23572072840356D+01  0.10712457031250D+05  0.10000000000000D+01  0.33403531250000D+05  0.10444641113281D+01
 -0.23158494150440D+01  0.10660094726562D+05  0.10000000000000D+01  0.33152765625000D+05  0.10444641113281D+01
 -0.22744918009367D+01  0.10732386718750D+05  0.10000000000000D+01  0.32902000000000D+05  0.10444641113281D+01
 -0.22331344286485D+01  0.10607622070312D+05  0.10000000000000D+01  0.32651234375000D+05  0.10444641113281D+01
 -0.21917772857839D+01  0.10509911132812D+05  0.99999994039536D+00  0.32400500000000D+05  0.10444650650024D+01
 -0.21504203605826D+01  0.98088808593750D+04  0.99999988079071D+00  0.32149750000000D+05  0.10444655418396D+01
 -0.21090636418869D+01  0.76782968750000D+04  0.99999952316284D+00  0.31898996093750D+05  0.10444660186768D+01
 -0.20677071191111D+01  0.25165581054688D+04  0.99999874830246D+00  0.31648333984375D+05  0.10444698333740D+01
 -0.20263507822121D+01 -0.99984052734375D+04  0.99999654293060D+00  0.31397833984375D+05  0.10444803237915D+01
 -0.19849946216613D+01 -0.36980500000000D+05  0.99999082088470D+00  0.31147656250000D+05  0.10445051193237D+01
 -0.19436386284187D+01 -0.80508601562500D+05  0.99997711181641D+00  0.30898287109375D+05  0.10445652008057D+01
 -0.19022827939076D+01 -0.13250528125000D+06  0.99994534254074D+00  0.30650714843750D+05  0.10447058677673D+01
 -0.18609271099908D+01 -0.17581109375000D+06  0.99987411499023D+00  0.30406859375000D+05  0.10450186729431D+01
 -0.18195715689484D+01 -0.18558767187500D+06  0.99972271919250D+00  0.30170406250000D+05  0.10456848144531D+01
 -0.17782161634559D+01 -0.17387700000000D+06  0.99941533803940D+00  0.29947812500000D+05  0.10470371246338D+01
 -0.17368608865646D+01 -0.12248271093750D+06  0.99882000684738D+00  0.29749765625000D+05  0.10496568679810D+01
 -0.16955057316816D+01 -0.42831246875000D+06  0.99772042036057D+00  0.29592574218750D+05  0.10544948577881D+01
 -0.16541506925522D+01 -0.28683637500000D+06  0.99578565359116D+00  0.29498912109375D+05  0.10630073547363D+01
 -0.16127957632423D+01 -0.25109767187500D+06  0.99253553152084D+00  0.29497750000000D+05  0.10773081779480D+01
 -0.15714409381219D+01 -0.23682865625000D+06  0.98737138509750D+00  0.29615308593750D+05  0.11000304222107D+01
 -0.15300862118497D+01 -0.22568278125000D+06  0.97960919141769D+00  0.29865683593750D+05  0.11341838836670D+01
 -0.14887315793580D+01 -0.21138123437500D+06  0.96858346462250D+00  0.30233546875000D+05  0.11826972961426D+01
 -0.14473770358392D+01 -0.20034829687500D+06  0.95378130674362D+00  0.30656287109375D+05  0.12478270530701D+01
 -0.14060225767318D+01 -0.18787304687500D+06  0.93494975566864D+00  0.31014505859375D+05  0.13306860923767D+01
 -0.13646681977084D+01 -0.17469815625000D+06  0.91214197874069D+00  0.31135578125000D+05  0.14310398101807D+01
 -0.13233138946633D+01 -0.16157898437500D+06  0.88573497533798D+00  0.30806849609375D+05  0.15472310781479D+01
 -0.12819596637013D+01 -0.14908673437500D+06  0.85627001523972D+00  0.29807796875000D+05  0.16768764257431D+01
 -0.12406055011270D+01 -0.13757337500000D+06  0.82437556982040D+00  0.27930402343750D+05  0.18172121047974D+01
 -0.11992514034341D+01 -0.12719773437500D+06  0.79068648815155D+00  0.24994996093750D+05  0.19654440879822D+01
 -0.11578973672966D+01 -0.11798052343750D+06  0.75578880310059D+00  0.20858523437500D+05  0.21189942359924D+01
 -0.11165433895584D+01 -0.10986298437500D+06  0.72020518779755D+00  0.15415807617188D+05  0.22755618095398D+01
 -0.10751894672257D+01 -0.10274492187500D+06  0.68437594175339D+00  0.85980419921875D+04  0.24332108497620D+01
 -0.10338355974579D+01 -0.96511796875000D+05  0.64866083860397D+00  0.36831610107422D+03  0.25903573036194D+01
 -0.99248177756002D+00 -0.91050804687500D+05  0.61335104703903D+00 -0.92835742187500D+04  0.27457199096680D+01
 -0.95112800497540D+00 -0.86258109375000D+05  0.57867872714996D+00 -0.20345990234375D+05  0.28982787132263D+01
 -0.90977427727835D+00 -0.82042390625000D+05  0.54483163356781D+00 -0.32789539062500D+05  0.30472056865692D+01
 -0.86842059216754D+00 -0.78323421875000D+05  0.51194798946381D+00 -0.46571367187500D+05  0.31918940544128D+01
 -0.82706694745963D+00 -0.75032671875000D+05  0.48013243079185D+00 -0.61638324218750D+05  0.33318819999695D+01
 -0.78571334108323D+00 -0.73243765625000D+05  0.44946286082268D+00 -0.77929609375000D+05  0.34668281078339D+01
 -0.74435977107311D+00 -0.70015984375000D+05  0.41999500989914D+00 -0.95378898437500D+05  0.35964865684509D+01
 -0.70300623556482D+00 -0.67191765625000D+05  0.39176595211029D+00 -0.11391610937500D+06  0.37206945419312D+01
 -0.66165273278949D+00 -0.65115636718750D+05  0.36480462551117D+00 -0.13346787500000D+06  0.38393244743347D+01
 -0.62029926106893D+00 -0.63253093750000D+05  0.33911103010178D+00 -0.15396209375000D+06  0.39523761272430D+01
 -0.57894581881099D+00 -0.61578480468750D+05  0.31468284130096D+00 -0.17532575000000D+06  0.40598597526550D+01
 -0.53759240450514D+00 -0.60069835937500D+05  0.29150950908661D+00 -0.19748667187500D+06  0.41618227958679D+01
 -0.49623901671831D+00 -0.58708324218750D+05  0.26957374811172D+00 -0.22037404687500D+06  0.42583403587341D+01
 -0.45488565409087D+00 -0.57477906250000D+05  0.24885615706444D+00 -0.24391825000000D+06  0.43494977951050D+01
 -0.41353231533292D+00 -0.56364546875000D+05  0.22932986915112D+00 -0.26805234375000D+06  0.44354124069214D+01
 -0.37217899922069D+00 -0.55355750000000D+05  0.21095797419548D+00 -0.29271359375000D+06  0.45162429809570D+01
 -0.33082570459314D+00 -0.54441074218750D+05  0.19370572268963D+00 -0.31784000000000D+06  0.45921220779419D+01
 -0.28947243034876D+00 -0.53612230468750D+05  0.17753605544567D+00 -0.34336656250000D+06  0.46631155014038D+01
 -0.24811917544251D+00 -0.52865355468750D+05  0.16241016983986D+00 -0.36920584375000D+06  0.47289953231812D+01
 -0.20676593888293D+00 -0.52209089843750D+05  0.14829280972481D+00 -0.39517484375000D+06  0.47884383201599D+01
 -0.16541271972940D+00 -0.51686953125000D+05  0.13513898849487D+00 -0.42077493750000D+06  0.48368105888367D+01
 -0.12405951708951D+00 -0.51431531250000D+05  0.12290500104427D+00 -0.44462284375000D+06  0.48608317375183D+01
 -0.82706330116615D-01 -0.51739417968750D+05  0.11154779791832D+00 -0.46360318750000D+06  0.48319063186646D+01
 -0.41353158007464D-01 -0.53032480468750D+05  0.10102551430464D+00 -0.47331343750000D+06  0.47140922546387D+01
  0.00000000000000D+00 -0.55849730468750D+05  0.91295823454857D-01 -0.47173068750000D+06  0.45004463195801D+01
  0.41353158007464D-01 -0.59273480468750D+05  0.82061186432838D-01 -0.46042018750000D+06  0.42177381515503D+01
  0.82706330116615D-01 -0.64182636718750D+05  0.73020897805691D-01 -0.44174559375000D+06  0.38951346874237D+01
  0.12405951708951D+00 -0.70240921875000D+05  0.64213529229164D-01 -0.41831993750000D+06  0.35591793060303D+01
  0.16541271972940D+00 -0.77526671875000D+05  0.55686466395855D-01 -0.39181793750000D+06  0.32246968746185D+01
  0.20676593888293D+00 -0.86216359375000D+05  0.47496911138296D-01 -0.36332393750000D+06  0.28996820449829D+01
  0.24811917544250D+00 -0.96550960937500D+05  0.39714761078358D-01 -0.33369896875000D+06  0.25893063545227D+01
  0.28947243034875D+00 -0.10879421875000D+06  0.32424282282591D-01 -0.30378262500000D+06  0.22979164123535D+01
  0.33082570459313D+00 -0.12317427343750D+06  0.25718644261360D-01 -0.27445325000000D+06  0.20296449661255D+01
  0.37217899922069D+00 -0.13975346875000D+06  0.19702833145857D-01 -0.24667775000000D+06  0.17888644933701D+01
  0.41353231533292D+00 -0.15824121875000D+06  0.14482217840850D-01 -0.22145746875000D+06  0.15798667669296D+01
  0.45488565409087D+00 -0.17778692187500D+06  0.10144064202905D-01 -0.19971150000000D+06  0.14061779975891D+01
  0.49623901671831D+00 -0.19690000000000D+06  0.67350040189922D-02 -0.18212029687500D+06  0.12696802616119D+01
  0.53759240450515D+00 -0.21383362500000D+06  0.42239045724273D-02 -0.16887542187500D+06  0.11691334247589D+01
  0.57894581881099D+00 -0.22725459375000D+06  0.24995603598654D-02 -0.15963337500000D+06  0.11000878810883D+01
  0.62029926106893D+00 -0.23674698437500D+06  0.13980142539367D-02 -0.15366190625000D+06  0.10559797286987D+01
  0.66165273278949D+00 -0.24279346875000D+06  0.74126030085608D-03 -0.15007303125000D+06  0.10296819210052D+01
  0.70300623556482D+00 -0.24631367187500D+06  0.37375823012553D-03 -0.14805328125000D+06  0.10149662494659D+01
  0.74435977107310D+00 -0.24820829687500D+06  0.18027593614534D-03 -0.14698565625000D+06  0.10072187185287D+01
  0.78571334108322D+00 -0.24917073437500D+06  0.83115788584109D-04 -0.14644785937500D+06  0.10033282041550D+01
  0.82706694745962D+00 -0.24963371875000D+06  0.36643927160185D-04 -0.14619004687500D+06  0.10014674663544D+01
  0.86842059216753D+00 -0.24984542187500D+06  0.15452777006431D-04 -0.14607234375000D+06  0.10006188154221D+01
  0.90977427727834D+00 -0.24993762500000D+06  0.62326157603820D-05 -0.14602118750000D+06  0.10002496242523D+01
  0.95112800497540D+00 -0.24997592187500D+06  0.24070209292404D-05 -0.14600010937500D+06  0.10000965595245D+01
  0.99248177756001D+00 -0.24999106250000D+06  0.89389766344539D-06 -0.14599192187500D+06  0.10000357627869D+01
  0.10338355974579D+01 -0.24999684375000D+06  0.31747921980241D-06 -0.14598898437500D+06  0.10000127553940D+01
  0.10751894672257D+01 -0.24999892187500D+06  0.10778657610899D-06 -0.14598809375000D+06  0.10000042915344D+01
  0.11165433895584D+01 -0.24999967187500D+06  0.34963218098483D-07 -0.14598796875000D+06  0.10000014305115D+01
  0.11578973672966D+01 -0.24999992187500D+06  0.10824673601917D-07 -0.14598812500000D+06  0.10000004768372D+01
  0.11992514034341D+01 -0.24999996875000D+06  0.32080502698761D-08 -0.14598835937500D+06  0.10000002384186D+01
  0.12406055011270D+01 -0.25000000000000D+06  0.90282292752875D-09 -0.14598865625000D+06  0.10000000000000D+01
  0.12819596637013D+01 -0.25000000000000D+06  0.23187439468497D-09 -0.14598893750000D+06  0.10000000000000D+01
  0.13233138946633D+01 -0.25000000000000D+06  0.45560791250843D-10 -0.14598923437500D+06  0.10000000000000D+01
  0.13646681977084D+01 -0.25000000000000D+06 -0.37861198551314D-11 -0.14598953125000D+06  0.10000000000000D+01
  0.14060225767318D+01 -0.25000000000000D+06 -0.10847443603079D-10 -0.14598981250000D+06  0.10000000000000D+01
  0.14473770358392D+01 -0.25000000000000D+06 -0.24986642529340D-11 -0.14599010937500D+06  0.10000000000000D+01
  0.14887315793580D+01 -0.25000000000000D+06 -0.55971557683804D-12 -0.14599040625000D+06  0.10000000000000D+01
  0.15300862118497D+01 -0.25000000000000D+06 -0.12866715071863D-12 -0.14599068750000D+06  0.10000000000000D+01
  0.15714409381219D+01 -0.25000000000000D+06 -0.37352831602517D-13 -0.14599098437500D+06  0.10000000000000D+01
  0.16127957632423D+01 -0.25000000000000D+06 -0.18362630751882D-13 -0.14599128125000D+06  0.10000000000000D+01
  0.16541506925522D+01 -0.25000000000000D+06 -0.34972226446017D-14 -0.14599159375000D+06  0.10000000000000D+01
  0.16955057316816D+01 -0.25000000000000D+06 -0.60900779522990D-15 -0.14599185937500D+06  0.10000000000000D+01
  0.17368608865645D+01 -0.25000000000000D+06 -0.94023350445302D-16 -0.14599215625000D+06  0.10000000000000D+01
  0.17782161634559D+01 -0.25000000000000D+06 -0.66320276810332D-17 -0.14599246875000D+06  0.10000000000000D+01
  0.18195715689484D+01 -0.25000000000000D+06  0.74820752880300D-17 -0.14599273437500D+06  0.10000000000000D+01
  0.18609271099908D+01 -0.25000000000000D+06 -0.62004098170303D-15 -0.14599303125000D+06  0.10000000000000D+01
  0.19022827939076D+01 -0.25000000000000D+06 -0.14217943533938D-14 -0.14599334375000D+06  0.10000000000000D+01
  0.19436386284187D+01 -0.25000000000000D+06 -0.22235508485185D-14 -0.14599362500000D+06  0.10000000000000D+01
  0.19849946216613D+01 -0.25000000000000D+06 -0.30253098847420D-14 -0.14599390625000D+06  0.10000000000000D+01
  0.20263507822121D+01 -0.25000000000000D+06 -0.38270723090974D-14 -0.14599421875000D+06  0.10000000000000D+01
  0.20677071191111D+01 -0.25000000000000D+06 -0.46288385451010D-14 -0.14599450000000D+06  0.10000000000000D+01
  0.21090636418869D+01 -0.25000000000000D+06 -0.54306085927529D-14 -0.14599479687500D+06  0.10000000000000D+01
  0.21504203605826D+01 -0.25000000000000D+06 -0.62323816050200D-14 -0.14599509375000D+06  0.10000000000000D+01
  0.21917772857839D+01 -0.25000000000000D+06 -0.70341592759684D-14 -0.14599537500000D+06  0.10000000000000D+01
  0.22331344286485D+01 -0.25000000000000D+06 -0.78359407585651D-14 -0.14599567187500D+06  0.10000000000000D+01
  0.22744918009367D+01 -0.25000000000000D+06 -0.86377268998430D-14 -0.14599596875000D+06  0.10000000000000D+01
  0.23158494150440D+01 -0.25000000000000D+06 -0.94395172762856D-14 -0.14599625000000D+06  0.10000000000000D+01
  0.23572072840355D+01 -0.25000000000000D+06 -0.10241312734926D-13 -0.14599654687500D+06  0.10000000000000D+01
  0.23985654216823D+01 -0.25000000000000D+06 -0.11043114122797D-13 -0.14599685937500D+06  0.10000000000000D+01
  0.24399238424988D+01 -0.25000000000000D+06 -0.11844920592865D-13 -0.14599712500000D+06  0.10000000000000D+01
  0.24812825617838D+01 -0.25000000000000D+06 -0.12646732992165D-13 -0.14599742187500D+06  0.10000000000000D+01
  0.25226415956622D+01 -0.25000000000000D+06 -0.13448550473662D-13 -0.14599773437500D+06  0.10000000000000D+01
  0.25640009611298D+01 -0.25000000000000D+06 -0.14250377272521D-13 -0.14599803125000D+06  0.10000000000000D+01
  0.26053606761004D+01 -0.25000000000000D+06 -0.15052207459512D-13 -0.14599829687500D+06  0.10000000000000D+01
  0.26467207594552D+01 -0.25000000000000D+06 -0.15854047810899D-13 -0.14599860937500D+06  0.10000000000000D+01
  0.26880812310949D+01 -0.25000000000000D+06 -0.16655891550417D-13 -0.14599890625000D+06  0.10000000000000D+01
  0.27294421119951D+01 -0.25000000000000D+06 -0.17457745454330D-13 -0.14599918750000D+06  0.10000000000000D+01
  0.27708034242639D+01 -0.25000000000000D+06 -0.18259607828574D-13 -0.14599948437500D+06  0.10000000000000D+01
  0.28121651912033D+01 -0.25000000000000D+06 -0.19061478673146D-13 -0.14599978125000D+06  0.10000000000000D+01
  0.28535274373734D+01 -0.25000000000000D+06 -0.19863361376180D-13 -0.14600006250000D+06  0.10000000000000D+01
  0.28948901886605D+01 -0.25000000000000D+06 -0.20665250855477D-13 -0.14600035937500D+06  0.10000000000000D+01
  0.29362534723482D+01 -0.25000000000000D+06 -0.21467153887302D-13 -0.14600065625000D+06  0.10000000000000D+01
  0.29776173171933D+01 -0.25000000000000D+06 -0.22269062001324D-13 -0.14600093750000D+06  0.10000000000000D+01
  0.30189817535050D+01 -0.25000000000000D+06 -0.23070987056006D-13 -0.14600125000000D+06  0.10000000000000D+01
  0.30603468132285D+01 -0.25000000000000D+06 -0.23872922275082D-13 -0.14600153125000D+06  0.10000000000000D+01
  0.31017125300334D+01 -0.25000000000000D+06 -0.24674869352620D-13 -0.14600181250000D+06  0.10000000000000D+01
  0.31430789394065D+01 -0.25000000000000D+06 -0.25476831676751D-13 -0.14600212500000D+06  0.10000000000000D+01
  0.31844460787500D+01 -0.25000000000000D+06 -0.26278807553409D-13 -0.14600242187500D+06  0.10000000000000D+01
  0.32258139874845D+01 -0.25000000000000D+06 -0.27080795288528D-13 -0.14600268750000D+06  0.10000000000000D+01
  0.32671827071578D+01 -0.25000000000000D+06 -0.27882803352438D-13 -0.14600300000000D+06  0.10000000000000D+01
  0.33085522815595D+01 -0.25000000000000D+06 -0.28684824968876D-13 -0.14600329687500D+06  0.10000000000000D+01
  0.33499227568420D+01 -0.25000000000000D+06 -0.29486863525972D-13 -0.14600359375000D+06  0.10000000000000D+01
  0.33912941816474D+01 -0.25000000000000D+06 -0.30288922411859D-13 -0.14600387500000D+06  0.10000000000000D+01
  0.34326666072419D+01 -0.25000000000000D+06 -0.31091001626536D-13 -0.14600417187500D+06  0.10000000000000D+01
  0.34740400876568D+01 -0.25000000000000D+06 -0.31893101170005D-13 -0.14600446875000D+06  0.10000000000000D+01
  0.35154146798377D+01 -0.25000000000000D+06 -0.32695221042264D-13 -0.14600475000000D+06  0.10000000000000D+01
  0.35567904438010D+01 -0.25000000000000D+06 -0.33497361243313D-13 -0.14600504687500D+06  0.10000000000000D+01
  0.35981674427993D+01 -0.25000000000000D+06 -0.34299528549418D-13 -0.14600534375000D+06  0.10000000000000D+01
  0.36395457434954D+01 -0.25000000000000D+06 -0.35101719572444D-13 -0.14600562500000D+06  0.10000000000000D+01
  0.36809254161459D+01 -0.25000000000000D+06 -0.35903937700525D-13 -0.14600592187500D+06  0.10000000000000D+01
  0.37223065347942D+01 -0.25000000000000D+06 -0.36706186321792D-13 -0.14600621875000D+06  0.10000000000000D+01
  0.37636891774743D+01 -0.25000000000000D+06 -0.37508462048114D-13 -0.14600653125000D+06  0.10000000000000D+01
  0.38050734264250D+01 -0.25000000000000D+06 -0.38310768267621D-13 -0.14600679687500D+06  0.10000000000000D+01
  0.38464593683158D+01 -0.25000000000000D+06 -0.39113108368447D-13 -0.14600709375000D+06  0.10000000000000D+01
  0.38878470944851D+01 -0.25000000000000D+06 -0.39915482350590D-13 -0.14600737500000D+06  0.10000000000000D+01
  0.39292367011905D+01 -0.15625000000000D+06 -0.40717900378446D-13 -0.14600760937500D+06  0.10000000000000D+01
  0.39706282898733D+01  0.28064647267456D-04 -0.41520345511357D-13 -0.14600771875000D+06  0.10000000000000D+01
  0.40120219674358D+01  0.67924353061244D-04 -0.42322831301849D-13 -0.14600771875000D+06  0.10000000000000D+01
  0.40534178465350D+01  0.75131145422347D-04 -0.43125371302450D-13 -0.14600771875000D+06  0.10000000000000D+01
  0.40948160458904D+01  0.10905675299000D-03 -0.43927941796237D-13 -0.14600771875000D+06  0.10000000000000D+01
  0.41362166906093D+01  0.12111922114855D-03 -0.44730569888265D-13 -0.14600771875000D+06  0.10000000000000D+01
  0.41776199125285D+01  0.15107161016203D-03 -0.45533248802269D-13 -0.14600771875000D+06  0.10000000000000D+01
  0.42190258505748D+01  0.16638523084112D-03 -0.46335975150118D-13 -0.14600771875000D+06  0.10000000000000D+01
  0.42604346511441D+01  0.19367699860595D-03 -0.47138752319945D-13 -0.14600771875000D+06  0.10000000000000D+01
  0.43018464685008D+01  0.21116773132235D-03 -0.47941597252407D-13 -0.14600771875000D+06  0.10000000000000D+01
  0.43432614651986D+01  0.23667834466323D-03 -0.48744503171241D-13 -0.14600771875000D+06  0.10000000000000D+01
  0.43846798125226D+01  0.25562653900124D-03 -0.49547466688315D-13 -0.14600771875000D+06  0.10000000000000D+01
  0.44261016909559D+01  0.27994439005852D-03 -0.50350504744289D-13 -0.14600771875000D+06  0.10000000000000D+01
  0.44675272906697D+01  0.29986858135089D-03 -0.51153617339162D-13 -0.14600771875000D+06  0.10000000000000D+01
  0.45089568120400D+01  0.32338782330044D-03 -0.51956797696671D-13 -0.14600771875000D+06  0.10000000000000D+01
  0.45503904661909D+01  0.34396533737890D-03 -0.52760062757475D-13 -0.14600771875000D+06  0.10000000000000D+01
  0.45918284755666D+01  0.36694988375530D-03 -0.53563409133442D-13 -0.14600771875000D+06  0.10000000000000D+01
  0.46332710745333D+01  0.38796506123617D-03 -0.54366850377099D-13 -0.14600771875000D+06  0.10000000000000D+01
  0.46747185100124D+01  0.41059171780944D-03 -0.55170379712182D-13 -0.14600771875000D+06  0.10000000000000D+01
  0.47161710421470D+01  0.43189967982471D-03 -0.55974010691219D-13 -0.14600771875000D+06  0.10000000000000D+01
  0.47576289450029D+01  0.45428669545799D-03 -0.56777753478605D-13 -0.14600771875000D+06  0.10000000000000D+01
  0.47990925073059D+01  0.47579087549821D-03 -0.57581591133681D-13 -0.14600771875000D+06  0.10000000000000D+01
  0.48405620332174D+01  0.49801729619503D-03 -0.58385554149634D-13 -0.14600771875000D+06  0.10000000000000D+01
  0.48820378431503D+01  0.51965273451060D-03 -0.59189632362067D-13 -0.14600771875000D+06  0.10000000000000D+01
  0.49235202746264D+01  0.54177187848836D-03 -0.59993852876035D-13 -0.14600771875000D+06  0.10000000000000D+01
  0.49650096831787D+01  0.56349515216425D-03 -0.60798195362748D-13 -0.14600771875000D+06  0.10000000000000D+01
  0.50065064432991D+01  0.58554211864248D-03 -0.61602680150995D-13 -0.14600771875000D+06  0.10000000000000D+01
  0.50480109494351D+01  0.60732441488653D-03 -0.62407320793306D-13 -0.14600771875000D+06  0.10000000000000D+01
  0.50895236170371D+01  0.62932330183685D-03 -0.63212117289678D-13 -0.14600771875000D+06  0.10000000000000D+01
  0.51310448836590D+01  0.65114488825202D-03 -0.64017083192640D-13 -0.14600771875000D+06  0.10000000000000D+01
  0.51725752101145D+01  0.67311152815819D-03 -0.64822218502191D-13 -0.14600771875000D+06  0.10000000000000D+01
  0.52141150816912D+01  0.69495954085141D-03 -0.65627543547123D-13 -0.14600771875000D+06  0.10000000000000D+01
  0.52556650094267D+01  0.71690476033837D-03 -0.66433065103698D-13 -0.14600771875000D+06  0.10000000000000D+01
  0.52972255314475D+01  0.73877040995285D-03 -0.67238789948180D-13 -0.14600771875000D+06  0.10000000000000D+01
  0.53387972143751D+01  0.76070119393989D-03 -0.68044731633098D-13 -0.14600771875000D+06  0.10000000000000D+01
  0.53803806548014D+01  0.78257836867124D-03 -0.68850896934713D-13 -0.14600771875000D+06  0.10000000000000D+01
  0.54219764808376D+01  0.80449937377125D-03 -0.69657306181817D-13 -0.14600771875000D+06  0.10000000000000D+01
  0.54635853537379D+01  0.82638475578278D-03 -0.70463966150673D-13 -0.14600771875000D+06  0.10000000000000D+01
  0.55052079696033D+01  0.84829900879413D-03 -0.71270890393809D-13 -0.14600771875000D+06  0.10000000000000D+01
  0.55468450611675D+01  0.87018974591047D-03 -0.72078099240015D-13 -0.14600771875000D+06  0.10000000000000D+01
  0.55884973996691D+01  0.89210009900853D-03 -0.72885613018082D-13 -0.14600771875000D+06  0.10000000000000D+01
  0.56301657968126D+01  0.91399427037686D-03 -0.73693424951747D-13 -0.14600771875000D+06  0.10000000000000D+01
  0.56718511068235D+01  0.93590142205358D-03 -0.74501568922327D-13 -0.14600771875000D+06  0.10000000000000D+01
  0.57135542285994D+01  0.95779797993600D-03 -0.75310058482349D-13 -0.14600771875000D+06  0.10000000000000D+01
  0.57552761079616D+01  0.97970326896757D-03 -0.76118907184342D-13 -0.14600771875000D+06  0.10000000000000D+01
  0.57970177400114D+01  0.10016013402492D-02 -0.76928142133358D-13 -0.14600771875000D+06  0.10000000000000D+01
  0.58387801715936D+01  0.10235052322969D-02 -0.77737783658188D-13 -0.14600771875000D+06  0.10000000000000D+01
  0.58805645038728D+01  0.10454044677317D-02 -0.78547845311361D-13 -0.14600771875000D+06  0.10000000000000D+01
  0.59223718950239D+01  0.10673077777028D-02 -0.79358360974193D-13 -0.14600771875000D+06  0.10000000000000D+01
  0.59642035630434D+01  0.10892077116296D-02 -0.80169344199212D-13 -0.14600771875000D+06  0.10000000000000D+01
  0.60060607886825D+01  0.11111102066934D-02 -0.80980815315209D-13 -0.14600771875000D+06  0.10000000000000D+01
  0.60479449185074D+01  0.11330106062815D-02 -0.81792828532292D-13 -0.14600771875000D+06  0.10000000000000D+01
  0.60898573680901D+01  0.11549126356840D-02 -0.82605356745407D-13 -0.14600771875000D+06  0.10000000000000D+01
  0.61317996253322D+01  0.11768132681027D-02 -0.83418488045980D-13 -0.14600771875000D+06  0.10000000000000D+01
  0.61737732539257D+01  0.11987151810899D-02 -0.84232229210276D-13 -0.14600771875000D+06  0.10000000000000D+01
  0.62157798969536D+01  0.12206159299240D-02 -0.85046593790820D-13 -0.14600771875000D+06  0.10000000000000D+01
  0.62578212806332D+01  0.12425176100805D-02 -0.85861642773986D-13 -0.14600771875000D+06  0.10000000000000D+01
  0.62998992182041D+01  0.12644184753299D-02 -0.86677396488564D-13 -0.14600771875000D+06  0.10000000000000D+01
  0.63420156139631D+01  0.12863200390711D-02 -0.87493895592136D-13 -0.14600771875000D+06  0.10000000000000D+01
  0.63841724674474D+01  0.13082213699818D-02 -0.88311180742283D-13 -0.14600771875000D+06  0.10000000000000D+01
  0.64263718777679D+01  0.13301228173077D-02 -0.89129299372850D-13 -0.14600771875000D+06  0.10000000000000D+01
  0.64686160480918D+01  0.13520237989724D-02 -0.89948271812627D-13 -0.14600771875000D+06  0.10000000000000D+01
  0.65109072902755D+01  0.13739250134677D-02 -0.90768159047988D-13 -0.14600771875000D+06  0.10000000000000D+01
  0.65532480296456D+01  0.13958261115476D-02 -0.91589008512777D-13 -0.14600771875000D+06  0.10000000000000D+01
  0.65956408099276D+01  0.14177275588736D-02 -0.92410874417102D-13 -0.14600771875000D+06  0.10000000000000D+01
  0.66380882983171D+01  0.14396288897842D-02 -0.93233790642282D-13 -0.14600771875000D+06  0.10000000000000D+01
  0.66805932906925D+01  0.14615301042795D-02 -0.94057831727216D-13 -0.14600771875000D+06  0.10000000000000D+01
  0.67231587169614D+01  0.14834310859442D-02 -0.94883031553222D-13 -0.14600771875000D+06  0.10000000000000D+01
  0.67657876465350D+01  0.15053323004395D-02 -0.95709464659199D-13 -0.14600771875000D+06  0.10000000000000D+01
  0.68084832939227D+01  0.15272333985195D-02 -0.96537198807783D-13 -0.14600771875000D+06  0.10000000000000D+01
  0.68512490244366D+01  0.15491347294301D-02 -0.97366288209083D-13 -0.14600771875000D+06  0.10000000000000D+01
  0.68940883599944D+01  0.15710357110947D-02 -0.98196807401998D-13 -0.14600771875000D+06  0.10000000000000D+01
  0.69370049850064D+01  0.15929369255900D-02 -0.99028824149163D-13 -0.14600771875000D+06  0.10000000000000D+01
  0.69800027523317D+01  0.16148381400853D-02 -0.99862412989479D-13 -0.14600771875000D+06  0.10000000000000D+01
  0.70230856892843D+01  0.16367392381653D-02 -0.10069764846184D-12 -0.14600771875000D+06  0.10000000000000D+01
  0.70662580036688D+01  0.16586405690759D-02 -0.10153463221021D-12 -0.14600771875000D+06  0.10000000000000D+01
  0.71095240898212D+01  0.16805417835712D-02 -0.10237342522096D-12 -0.14600771875000D+06  0.10000000000000D+01
  0.71528885346295D+01  0.17024427652359D-02 -0.10321411558550D-12 -0.14600771875000D+06  0.10000000000000D+01
  0.71963561235019D+01  0.17243436304852D-02 -0.10405681172406D-12 -0.14600771875000D+06  0.10000000000000D+01
  0.72399318462515D+01  0.17462444957346D-02 -0.10490159495181D-12 -0.14600771875000D+06  0.10000000000000D+01
  0.72836209028593D+01  0.17681457102299D-02 -0.10574860079401D-12 -0.14600771875000D+06  0.10000000000000D+01
  0.73274287090744D+01  0.17900464590639D-02 -0.10659787668451D-12 -0.14600771875000D+06  0.10000000000000D+01
  0.73713609018083D+01  0.18119472078979D-02 -0.10744957847737D-12 -0.14600771875000D+06  0.10000000000000D+01
  0.74154233442722D+01  0.18338484223932D-02 -0.10830381459281D-12 -0.14600771875000D+06  0.10000000000000D+01
  0.74596221308062D+01  0.18557494040579D-02 -0.10916069345104D-12 -0.14600771875000D+06  0.10000000000000D+01
  0.75039635913413D+01  0.18776500364766D-02 -0.11002032347229D-12 -0.14600771875000D+06  0.10000000000000D+01
  0.75484542954338D+01  0.18995506688952D-02 -0.11088284695808D-12 -0.14600771875000D+06  0.10000000000000D+01
  0.75931010558044D+01  0.19214516505599D-02 -0.11174841298622D-12 -0.14600771875000D+06  0.10000000000000D+01
  0.76379109313121D+01  0.19433523993939D-02 -0.11261712997692D-12 -0.14600771875000D+06  0.10000000000000D+01
  0.76828912292873D+01  0.19652533810586D-02 -0.11348915378425D-12 -0.14600771875000D+06  0.10000000000000D+01
  0.77280495071457D+01  0.19871541298926D-02 -0.11436462670975D-12 -0.14600771875000D+06  0.10000000000000D+01
  0.77733935731991D+01  0.20090546458960D-02 -0.11524369783120D-12 -0.14600771875000D+06  0.10000000000000D+01
  0.78189314865765D+01  0.20309551618993D-02 -0.11612653655520D-12 -0.14600771875000D+06  0.10000000000000D+01
  0.78646715561675D+01  0.20528556779027D-02 -0.11701327840702D-12 -0.14600771875000D+06  0.10000000000000D+01
  0.79106223384925D+01  0.20747566595674D-02 -0.11790414022710D-12 -0.14600771875000D+06  0.10000000000000D+01
  0.79567926344100D+01  0.15708503779024D-02 -0.11879921688312D-12 -0.14600771875000D+06  0.10000000000000D+01
  0.80031914845616D+01  0.15330948372139D-04 -0.11969873876805D-12 -0.14600771875000D+06  0.10000000000000D+01
  0.80498281634633D+01  0.37231548049022D-04 -0.12060288206474D-12 -0.14600771875000D+06  0.10000000000000D+01
  0.80967121721465D+01  0.59131602029083D-04 -0.12151179585099D-12 -0.14600771875000D+06  0.10000000000000D+01
  0.81438532292584D+01  0.81031954323407D-04 -0.12242571051976D-12 -0.14600771875000D+06  0.10000000000000D+01
  0.81912612605330D+01  0.10293235391146D-03 -0.12334480225390D-12 -0.14600771875000D+06  0.10000000000000D+01
  0.82389463865501D+01  0.12483281898312D-03 -0.12426927434132D-12 -0.14600771875000D+06  0.10000000000000D+01
  0.82869189087063D+01  0.14673301484436D-03 -0.12519930296488D-12 -0.14600771875000D+06  0.10000000000000D+01
  0.83351892933308D+01  0.16863297787495D-03 -0.12613510496501D-12 -0.14600771875000D+06  0.10000000000000D+01
  0.83837681538883D+01  0.19053308642469D-03 -0.12707689718214D-12 -0.14600771875000D+06  0.10000000000000D+01
  0.84326662312264D+01  0.21243303490337D-03 -0.12802486935165D-12 -0.14600771875000D+06  0.10000000000000D+01
  0.84818943718363D+01  0.23433295427822D-03 -0.12897923831398D-12 -0.14600771875000D+06  0.10000000000000D+01
  0.85314635041150D+01  0.25623320834711D-03 -0.12994024801462D-12 -0.14600771875000D+06  0.10000000000000D+01
  0.85813846126334D+01  0.27813256019726D-03 -0.13090803397883D-12 -0.14600771875000D+06  0.10000000000000D+01
  0.86316687104380D+01  0.30003234860487D-03 -0.13188288080970D-12 -0.14600771875000D+06  0.10000000000000D+01
  0.86823268094345D+01  0.32193228253163D-03 -0.13286499179511D-12 -0.14600771875000D+06  0.10000000000000D+01
  0.87333698889251D+01  0.34383189631626D-03 -0.13385454311794D-12 -0.14600771875000D+06  0.10000000000000D+01
  0.87848088624010D+01  0.36573153920472D-03 -0.13485179227619D-12 -0.14600771875000D+06  0.10000000000000D+01
  0.88366545427116D+01  0.38763089105487D-03 -0.13585690190020D-12 -0.14600771875000D+06  0.10000000000000D+01
  0.88889176057674D+01  0.40953024290502D-03 -0.13687011593544D-12 -0.14600771875000D+06  0.10000000000000D+01
  0.89416085529532D+01  0.43142959475517D-03 -0.13789162411730D-12 -0.14600771875000D+06  0.10000000000000D+01
  0.89947376724639D+01  0.45332856825553D-03 -0.13892161618116D-12 -0.14600771875000D+06  0.10000000000000D+01
  0.90483149997949D+01  0.47522768727504D-03 -0.13996030896746D-12 -0.14600771875000D+06  0.10000000000000D+01
  0.91023502776511D+01  0.49712695181370D-03 -0.14100789221157D-12 -0.14600771875000D+06  0.10000000000000D+01
  0.91568529155583D+01  0.51902583800256D-03 -0.14206451499129D-12 -0.14600771875000D+06  0.10000000000000D+01
  0.92118319494835D+01  0.54092466598377D-03 -0.14313038059453D-12 -0.14600771875000D+06  0.10000000000000D+01
  0.92672960017901D+01  0.56282361038029D-03 -0.14420565165162D-12 -0.14600771875000D+06  0.10000000000000D+01
  0.93232532418674D+01  0.58472238015383D-03 -0.14529049079288D-12 -0.14600771875000D+06  0.10000000000000D+01
  0.93797113477841D+01  0.60662085888907D-03 -0.14638501999106D-12 -0.14600771875000D+06  0.10000000000000D+01
  0.94366774693223D+01  0.62851927941665D-03 -0.14748941542901D-12 -0.14600771875000D+06  0.10000000000000D+01
  0.94941581927485D+01  0.65041758352891D-03 -0.14860377197442D-12 -0.14600771875000D+06  0.10000000000000D+01
  0.95521595076726D+01  0.67231594584882D-03 -0.14972823870509D-12 -0.14600771875000D+06  0.10000000000000D+01
  0.96106867763364D+01  0.69421407533810D-03 -0.15086288338365D-12 -0.14600771875000D+06  0.10000000000000D+01
  0.96697447056556D+01  0.71611220482737D-03 -0.15200782798284D-12 -0.14600771875000D+06  0.10000000000000D+01
  0.97293373223187D+01  0.73801045073196D-03 -0.15316315381785D-12 -0.14600771875000D+06  0.10000000000000D+01
  0.97894679512158D+01  0.75990834739059D-03 -0.15432888799370D-12 -0.14600771875000D+06  0.10000000000000D+01
  0.98501391974426D+01  0.78180612763390D-03 -0.15550509827305D-12 -0.14600771875000D+06  0.10000000000000D+01
  0.99113529320819D+01  0.80370408250019D-03 -0.15669186597105D-12 -0.14600771875000D+06  0.10000000000000D+01
  0.99731102819273D+01  0.82560151349753D-03 -0.15788910977255D-12 -0.14600771875000D+06  0.10000000000000D+01
  0.10035411623270D+02  0.84749906091020D-03 -0.15909695165028D-12 -0.14600771875000D+06  0.10000000000000D+01
  0.10098256579819D+02  0.86939655011520D-03 -0.16031531028908D-12 -0.14600771875000D+06  0.10000000000000D+01
  0.10161644024780D+02  0.89129351545125D-03 -0.16154417213643D-12 -0.14600771875000D+06  0.10000000000000D+01
  0.10225572087071D+02  0.91319053899497D-03 -0.16278352363980D-12 -0.14600771875000D+06  0.10000000000000D+01
  0.10290038161596D+02  0.93508785357699D-03 -0.16403332414160D-12 -0.14600771875000D+06  0.10000000000000D+01
  0.10355038923465D+02  0.95698505174369D-03 -0.16529349232668D-12 -0.14600771875000D+06  0.10000000000000D+01
  0.10420570345989D+02  0.97888172604144D-03 -0.16656391977482D-12 -0.14600771875000D+06  0.10000000000000D+01
  0.10486627722253D+02  0.10007784003392D-02 -0.16784455227591D-12 -0.14600771875000D+06  0.10000000000000D+01
  0.10553205690015D+02  0.10226753074676D-02 -0.16913529496225D-12 -0.14600771875000D+06  0.10000000000000D+01
  0.10620298259665D+02  0.10445719817653D-02 -0.17043601230858D-12 -0.14600771875000D+06  0.10000000000000D+01
  0.10687898844937D+02  0.10664681904018D-02 -0.17174655523710D-12 -0.14600771875000D+06  0.10000000000000D+01
  0.10756000296047D+02  0.10883647482842D-02 -0.17306682888012D-12 -0.14600771875000D+06  0.10000000000000D+01
  0.10824594934929D+02  0.11102611897513D-02 -0.17439667060731D-12 -0.14600771875000D+06  0.10000000000000D+01
  0.10893674592192D+02  0.11321571655571D-02 -0.17573587713076D-12 -0.14600771875000D+06  0.10000000000000D+01
  0.10963230645473D+02  0.11540532577783D-02 -0.17708435358279D-12 -0.14600771875000D+06  0.10000000000000D+01
  0.11033254058805D+02  0.11759494664147D-02 -0.17844188312296D-12 -0.14600771875000D+06  0.10000000000000D+01
  0.11103735422662D+02  0.11978453258052D-02 -0.17980828956841D-12 -0.14600771875000D+06  0.10000000000000D+01
  0.11174664994339D+02  0.12197413016111D-02 -0.18118338318378D-12 -0.14600771875000D+06  0.10000000000000D+01
  0.11246032738342D+02  0.12416373938322D-02 -0.18256700133872D-12 -0.14600771875000D+06  0.10000000000000D+01
  0.11317828366474D+02  0.12635327875614D-02 -0.18395885943018D-12 -0.14600771875000D+06  0.10000000000000D+01
  0.11390041377351D+02  0.12854282977059D-02 -0.18535883548540D-12 -0.14600771875000D+06  0.10000000000000D+01
  0.11462661095064D+02  0.13073239242658D-02 -0.18676669911143D-12 -0.14600771875000D+06  0.10000000000000D+01
  0.11535676706761D+02  0.13292193179950D-02 -0.18818223346782D-12 -0.14600771875000D+06  0.10000000000000D+01
  0.11609077298953D+02  0.13511151773855D-02 -0.18960524881921D-12 -0.14600771875000D+06  0.10000000000000D+01
  0.11682851892336D+02  0.13730101054534D-02 -0.19103548766757D-12 -0.14600771875000D+06  0.10000000000000D+01
  0.11756989475006D+02  0.13949054991826D-02 -0.19247277383005D-12 -0.14600771875000D+06  0.10000000000000D+01
  0.11831479033915D+02  0.14168012421578D-02 -0.19391690401875D-12 -0.14600771875000D+06  0.10000000000000D+01
  0.11906309584494D+02  0.14386961702257D-02 -0.19536763428817D-12 -0.14600771875000D+06  0.10000000000000D+01
  0.11981470198344D+02  0.14605910982937D-02 -0.19682473424536D-12 -0.14600771875000D+06  0.10000000000000D+01
  0.12056950028974D+02  0.14824861427769D-02 -0.19828804125998D-12 -0.14600771875000D+06  0.10000000000000D+01
  0.12132738335538D+02  0.15043811872602D-02 -0.19975735204413D-12 -0.14600771875000D+06  0.10000000000000D+01
  0.12208824504570D+02  0.15262759989128D-02 -0.20123240909980D-12 -0.14600771875000D+06  0.10000000000000D+01
  0.12285198069741D+02  0.15481705777347D-02 -0.20271303624413D-12 -0.14600771875000D+06  0.10000000000000D+01
  0.12361848729654D+02  0.15700655058026D-02 -0.20419904374173D-12 -0.14600771875000D+06  0.10000000000000D+01
  0.12438766363731D+02  0.15919599682093D-02 -0.20569022830472D-12 -0.14600771875000D+06  0.10000000000000D+01
  0.12515941046235D+02  0.16138553619385D-02 -0.20718641375022D-12 -0.14600771875000D+06  0.10000000000000D+01
  0.12593363058522D+02  0.16357498243451D-02 -0.20868738323781D-12 -0.14600771875000D+06  0.10000000000000D+01
  0.12671022899558D+02  0.16576445195824D-02 -0.21019294703210D-12 -0.14600771875000D+06  0.10000000000000D+01
  0.12748911294829D+02  0.16795387491584D-02 -0.21170294250278D-12 -0.14600771875000D+06  0.10000000000000D+01
  0.12827019203692D+02  0.17014334443957D-02 -0.21321719346698D-12 -0.14600771875000D+06  0.10000000000000D+01
  0.12905337825289D+02  0.17233280232176D-02 -0.21473555084691D-12 -0.14600771875000D+06  0.10000000000000D+01
  0.12983858603100D+02  0.17452226020396D-02 -0.21625782490719D-12 -0.14600771875000D+06  0.10000000000000D+01
  0.13062573228235D+02  0.17671169480309D-02 -0.21778383946496D-12 -0.14600771875000D+06  0.10000000000000D+01
  0.13141473641564D+02  0.17890112940222D-02 -0.21931347254749D-12 -0.14600771875000D+06  0.10000000000000D+01
  0.13220552034777D+02  0.18109055235982D-02 -0.22084653441938D-12 -0.14600771875000D+06  0.10000000000000D+01
  0.13299800850458D+02  0.18327999860048D-02 -0.22238291666043D-12 -0.14600771875000D+06  0.10000000000000D+01
  0.13379212781275D+02  0.18546944484115D-02 -0.22392248374536D-12 -0.14600771875000D+06  0.10000000000000D+01
  0.13458780768371D+02  0.18765884451568D-02 -0.22546501883373D-12 -0.14600771875000D+06  0.10000000000000D+01
  0.13538497999024D+02  0.18984827911481D-02 -0.22701050837303D-12 -0.14600771875000D+06  0.10000000000000D+01
  0.13618357903678D+02  0.19203769043088D-02 -0.22855870841776D-12 -0.14600771875000D+06  0.10000000000000D+01
  0.13698354152402D+02  0.19422712503001D-02 -0.23010960541539D-12 -0.14600771875000D+06  0.10000000000000D+01
  0.13778480650856D+02  0.19641653634608D-02 -0.23166296897296D-12 -0.14600771875000D+06  0.10000000000000D+01
  0.13858731535829D+02  0.19860591273755D-02 -0.23321877198543D-12 -0.14600771875000D+06  0.10000000000000D+01
  0.13939101170410D+02  0.20079533569515D-02 -0.23477687892751D-12 -0.14600771875000D+06  0.10000000000000D+01
  0.14019584138848D+02  0.20298473536968D-02 -0.23633718137898D-12 -0.14600771875000D+06  0.10000000000000D+01
  0.14100175241164D+02  0.20517415832728D-02 -0.23789959802470D-12 -0.14600771875000D+06  0.10000000000000D+01
  0.14180869487544D+02  0.18131218384951D-02 -0.23946399333938D-12 -0.14600771875000D+06  0.10000000000000D+01
  0.14261662092579D+02  0.11418141184549D-04 -0.24103028600786D-12 -0.14600771875000D+06  0.10000000000000D+01
  0.14342548469383D+02  0.33312302548438D-04 -0.24259842182003D-12 -0.14600771875000D+06  0.10000000000000D+01
  0.14423524223619D+02  0.55206437536981D-04 -0.24416829235568D-12 -0.14600771875000D+06  0.10000000000000D+01
  0.14504585147481D+02  0.77100368798710D-04 -0.24573978919459D-12 -0.14600771875000D+06  0.10000000000000D+01
  0.14585727213658D+02  0.98994307336397D-04 -0.24731288523171D-12 -0.14600771875000D+06  0.10000000000000D+01
  0.14666946569288D+02  0.12088813673472D-03 -0.24888744494175D-12 -0.14600771875000D+06  0.10000000000000D+01
  0.14748239529962D+02  0.14278215530794D-03 -0.25046346832473D-12 -0.14600771875000D+06  0.10000000000000D+01
  0.14829602573762D+02  0.16467642853968D-03 -0.25204084696043D-12 -0.14600771875000D+06  0.10000000000000D+01
  0.14911032335377D+02  0.18657019245438D-03 -0.25361949953367D-12 -0.14600771875000D+06  0.10000000000000D+01
  0.14992525600296D+02  0.20846375264227D-03 -0.25519937183437D-12 -0.14600771875000D+06  0.10000000000000D+01
  0.15074079299109D+02  0.23035760386847D-03 -0.25678043675745D-12 -0.14600771875000D+06  0.10000000000000D+01
  0.15155690501908D+02  0.25225148419850D-03 -0.25836261298776D-12 -0.14600771875000D+06  0.10000000000000D+01
  0.15237356412814D+02  0.27414553915150D-03 -0.25994587342024D-12 -0.14600771875000D+06  0.10000000000000D+01
  0.15319074364632D+02  0.29603939037770D-03 -0.26153010963467D-12 -0.14600771875000D+06  0.10000000000000D+01
  0.15400841813636D+02  0.31793315429240D-03 -0.26311532163106D-12 -0.14600771875000D+06  0.10000000000000D+01
  0.15482656334500D+02  0.33982700551860D-03 -0.26470142809425D-12 -0.14600771875000D+06  0.10000000000000D+01
  0.15564515615368D+02  0.36172120599076D-03 -0.26628845612928D-12 -0.14600771875000D+06  0.10000000000000D+01
  0.15646417453072D+02  0.38361520273611D-03 -0.26787627021088D-12 -0.14600771875000D+06  0.10000000000000D+01
  0.15728359748501D+02  0.40550850098953D-03 -0.26946484323401D-12 -0.14600771875000D+06  0.10000000000000D+01
  0.15810340502118D+02  0.42740241042338D-03 -0.27105417519865D-12 -0.14600771875000D+06  0.10000000000000D+01
  0.15892357809627D+02  0.44929661089554D-03 -0.27264426610482D-12 -0.14600771875000D+06  0.10000000000000D+01
  0.15974409857787D+02  0.47119002556428D-03 -0.27423495332218D-12 -0.14600771875000D+06  0.10000000000000D+01
  0.16056494920381D+02  0.49308373127133D-03 -0.27582631816590D-12 -0.14600771875000D+06  0.10000000000000D+01
  0.16138611354327D+02  0.51497737877071D-03 -0.27741827932082D-12 -0.14600771875000D+06  0.10000000000000D+01
  0.16220757595933D+02  0.53687114268541D-03 -0.27901083678693D-12 -0.14600771875000D+06  0.10000000000000D+01
  0.16302932157296D+02  0.55876490660012D-03 -0.28060393635412D-12 -0.14600771875000D+06  0.10000000000000D+01
  0.16385133622845D+02  0.58065878693014D-03 -0.28219755091735D-12 -0.14600771875000D+06  0.10000000000000D+01
  0.16467360646014D+02  0.60255284188315D-03 -0.28379170758167D-12 -0.14600771875000D+06  0.10000000000000D+01
  0.16549611946051D+02  0.62444648938254D-03 -0.28538627082179D-12 -0.14600771875000D+06  0.10000000000000D+01
  0.16631886304960D+02  0.64634031150490D-03 -0.28698132195290D-12 -0.14600771875000D+06  0.10000000000000D+01
  0.16714182564566D+02  0.66823384258896D-03 -0.28857675255477D-12 -0.14600771875000D+06  0.10000000000000D+01
  0.16796499623704D+02  0.69012749008834D-03 -0.29017261683750D-12 -0.14600771875000D+06  0.10000000000000D+01
  0.16878836435530D+02  0.71202119579539D-03 -0.29176886059100D-12 -0.14600771875000D+06  0.10000000000000D+01
  0.16961192004942D+02  0.73391519254074D-03 -0.29336548381526D-12 -0.14600771875000D+06  0.10000000000000D+01
  0.17043565386119D+02  0.75580913107842D-03 -0.29496245940522D-12 -0.14600771875000D+06  0.10000000000000D+01
  0.17125955680164D+02  0.77770248753950D-03 -0.29655970604572D-12 -0.14600771875000D+06  0.10000000000000D+01
  0.17208362032850D+02  0.79959625145420D-03 -0.29815730505194D-12 -0.14600771875000D+06  0.10000000000000D+01
  0.17290783632474D+02  0.82149007357657D-03 -0.29975520221374D-12 -0.14600771875000D+06  0.10000000000000D+01
  0.17373219707797D+02  0.84338407032192D-03 -0.30135339753115D-12 -0.14600771875000D+06  0.10000000000000D+01
  0.17455669526085D+02  0.86527795065194D-03 -0.30295183679405D-12 -0.14600771875000D+06  0.10000000000000D+01
  0.17538132391237D+02  0.88717148173600D-03 -0.30455052000243D-12 -0.14600771875000D+06  0.10000000000000D+01
  0.17620607641999D+02  0.90906489640474D-03 -0.30614942005125D-12 -0.14600771875000D+06  0.10000000000000D+01
  0.17703094650259D+02  0.93095836928114D-03 -0.30774856404556D-12 -0.14600771875000D+06  0.10000000000000D+01
  0.17785592819426D+02  0.95285254064947D-03 -0.30934797909041D-12 -0.14600771875000D+06  0.10000000000000D+01
  0.17868101582879D+02  0.97474607173353D-03 -0.31094752966053D-12 -0.14600771875000D+06  0.10000000000000D+01
  0.17950620402490D+02  0.99663948640227D-03 -0.31254729707109D-12 -0.14600771875000D+06  0.10000000000000D+01
  0.18033148767223D+02  0.10185332503170D-02 -0.31414725421702D-12 -0.14600771875000D+06  0.10000000000000D+01
  0.18115686191789D+02  0.10404270142317D-02 -0.31574740109834D-12 -0.14600771875000D+06  0.10000000000000D+01
  0.18198232215375D+02  0.10623206617311D-02 -0.31734768350493D-12 -0.14600771875000D+06  0.10000000000000D+01
  0.18280786400427D+02  0.10842145420611D-02 -0.31894815564690D-12 -0.14600771875000D+06  0.10000000000000D+01
  0.18363348331495D+02  0.11061084223911D-02 -0.32054879041919D-12 -0.14600771875000D+06  0.10000000000000D+01
  0.18445917614131D+02  0.11280019534752D-02 -0.32214950650665D-12 -0.14600771875000D+06  0.10000000000000D+01
  0.18528493873843D+02  0.11498959502205D-02 -0.32375043943454D-12 -0.14600771875000D+06  0.10000000000000D+01
  0.18611076755098D+02  0.11717895977199D-02 -0.32535145367760D-12 -0.14600771875000D+06  0.10000000000000D+01
  0.18693665920375D+02  0.11936828959733D-02 -0.32695254923581D-12 -0.14600771875000D+06  0.10000000000000D+01
  0.18776261049260D+02  0.12155765434727D-02 -0.32855380742436D-12 -0.14600771875000D+06  0.10000000000000D+01
  0.18858861837592D+02  0.12374703073874D-02 -0.33015517403312D-12 -0.14600771875000D+06  0.10000000000000D+01
  0.18941467996646D+02  0.12593639548868D-02 -0.33175664906210D-12 -0.14600771875000D+06  0.10000000000000D+01
  0.19024079252355D+02  0.12812577188015D-02 -0.33335820540624D-12 -0.14600771875000D+06  0.10000000000000D+01
  0.19106695344576D+02  0.13031514827162D-02 -0.33495987017060D-12 -0.14600771875000D+06  0.10000000000000D+01
  0.19189316026388D+02  0.13250451302156D-02 -0.33656161625012D-12 -0.14600771875000D+06  0.10000000000000D+01
  0.19271941063426D+02  0.13469392433763D-02 -0.33816347074986D-12 -0.14600771875000D+06  0.10000000000000D+01
  0.19354570233244D+02  0.13688330072910D-02 -0.33976540656476D-12 -0.14600771875000D+06  0.10000000000000D+01
  0.19437203324718D+02  0.13907263055444D-02 -0.34136734237966D-12 -0.14600771875000D+06  0.10000000000000D+01
  0.19519840137473D+02  0.14126200694591D-02 -0.34296944082489D-12 -0.14600771875000D+06  0.10000000000000D+01
  0.19602480481337D+02  0.14345137169585D-02 -0.34457153927012D-12 -0.14600771875000D+06  0.10000000000000D+01
  0.19685124175827D+02  0.14564075972885D-02 -0.34617377324062D-12 -0.14600771875000D+06  0.10000000000000D+01
  0.19767771049658D+02  0.14783011283726D-02 -0.34777600721111D-12 -0.14600771875000D+06  0.10000000000000D+01
  0.19850420940277D+02  0.15001946594566D-02 -0.34937829539172D-12 -0.14600771875000D+06  0.10000000000000D+01
  0.19933073693419D+02  0.15220881905407D-02 -0.35098069199255D-12 -0.14600771875000D+06  0.10000000000000D+01
  0.20015729162688D+02  0.15439819544554D-02 -0.35258308859337D-12 -0.14600771875000D+06  0.10000000000000D+01
  0.20098387209157D+02  0.15658757183701D-02 -0.35418559361441D-12 -0.14600771875000D+06  0.10000000000000D+01
  0.20181047700990D+02  0.15877693658695D-02 -0.35578809863546D-12 -0.14600771875000D+06  0.10000000000000D+01
  0.20263710513079D+02  0.16096628969535D-02 -0.35739065786661D-12 -0.14600771875000D+06  0.10000000000000D+01
  0.20346375526704D+02  0.16315570101142D-02 -0.35899329841292D-12 -0.14600771875000D+06  0.10000000000000D+01
  0.20429042629210D+02  0.16534508904442D-02 -0.36059596606429D-12 -0.14600771875000D+06  0.10000000000000D+01
  0.20511711713693D+02  0.16753444215283D-02 -0.36219863371566D-12 -0.14600771875000D+06  0.10000000000000D+01
  0.20594382678711D+02  0.16972376033664D-02 -0.36380132847208D-12 -0.14600771875000D+06  0.10000000000000D+01
  0.20677055428009D+02  0.17191311344504D-02 -0.36540407743861D-12 -0.14600771875000D+06  0.10000000000000D+01
  0.20759729870246D+02  0.17410250147805D-02 -0.36700688061525D-12 -0.14600771875000D+06  0.10000000000000D+01
  0.20842405918754D+02  0.17629191279411D-02 -0.36860973800200D-12 -0.14600771875000D+06  0.10000000000000D+01
  0.20925083491294D+02  0.17848124261945D-02 -0.37021254117864D-12 -0.14600771875000D+06  0.10000000000000D+01
  0.21007762509831D+02  0.18067060736939D-02 -0.37181542567044D-12 -0.14600771875000D+06  0.10000000000000D+01
  0.21090442900324D+02  0.18286004196852D-02 -0.37341839147741D-12 -0.14600771875000D+06  0.10000000000000D+01
  0.21173124592513D+02  0.18504936015233D-02 -0.37502127596921D-12 -0.14600771875000D+06  0.10000000000000D+01
  0.21255807519738D+02  0.18723874818534D-02 -0.37662424177617D-12 -0.14600771875000D+06  0.10000000000000D+01
  0.21338491618745D+02  0.18942815950140D-02 -0.37822726179325D-12 -0.14600771875000D+06  0.10000000000000D+01
  0.21421176829519D+02  0.19161747768521D-02 -0.37983022760021D-12 -0.14600771875000D+06  0.10000000000000D+01
  0.21503863095112D+02  0.19380683079362D-02 -0.38143324761729D-12 -0.14600771875000D+06  0.10000000000000D+01
  0.21586550361495D+02  0.19599618390203D-02 -0.38303626763436D-12 -0.14600771875000D+06  0.10000000000000D+01
  0.21669238577401D+02  0.19818553701043D-02 -0.38463931475649D-12 -0.14600771875000D+06  0.10000000000000D+01
  0.21751927694187D+02  0.20037495996803D-02 -0.38624241608873D-12 -0.14600771875000D+06  0.10000000000000D+01
  0.21834617665702D+02  0.20256433635950D-02 -0.38784551742096D-12 -0.14600771875000D+06  0.10000000000000D+01
  0.21917308448155D+02  0.20475368946791D-02 -0.38944861875320D-12 -0.14600771875000D+06  0.10000000000000D+01
  0.22000000000000D+02  0.20694301929325D-02 -0.39105172008544D-12 -0.14600771875000D+06  0.10000000000000D+01
