 -0.22000000000000D+02 -0.44000039100647D+01  0.10000009536743D+01 -0.10000054836273D+01  0.14600770312500D+06
 -0.21917308448155D+02 -0.44000043869019D+01  0.10000009536743D+01 -0.10000054836273D+01  0.14552770312500D+06
 -0.21834617665702D+02 -0.44000043869019D+01  0.10000008344650D+01 -0.10000053644180D+01  0.14504770312500D+06
 -0.21751927694187D+02 -0.44000043869019D+01  0.10000008344650D+01 -0.10000053644180D+01  0.14456771875000D+06
 -0.21669238577401D+02 -0.44000043869019D+01  0.10000008344650D+01 -0.10000053644180D+01  0.14408771875000D+06
 -0.21586550361495D+02 -0.44000043869019D+01  0.10000008344650D+01 -0.10000053644180D+01  0.14360773437500D+06
 -0.21503863095112D+02 -0.44000043869019D+01  0.10000008344650D+01 -0.10000053644180D+01  0.14312776562500D+06
 -0.21421176829519D+02 -0.44000043869019D+01  0.10000008344650D+01 -0.10000052452087D+01  0.14264778125000D+06
 -0.21338491618745D+02 -0.44000043869019D+01  0.10000008344650D+01 -0.10000052452087D+01  0.14216782812500D+06
 -0.21255807519738D+02 -0.44000043869019D+01  0.10000008344650D+01 -0.10000052452087D+01  0.14168785937500D+06
 -0.21173124592513D+02 -0.44000043869019D+01  0.10000008344650D+01 -0.10000052452087D+01  0.14120790625000D+06
 -0.21090442900323D+02 -0.44000043869019D+01  0.10000008344650D+01 -0.10000052452087D+01  0.14072796875000D+06
 -0.21007762509831D+02 -0.44000043869019D+01  0.10000008344650D+01 -0.10000051259995D+01  0.14024803125000D+06
 -0.20925083491294D+02 -0.44000043869019D+01  0.10000008344650D+01 -0.10000051259995D+01  0.13976809375000D+06
 -0.20842405918754D+02 -0.44000043869019D+01  0.10000008344650D+01 -0.10000051259995D+01  0.13928817187500D+06
 -0.20759729870246D+02 -0.44000043869019D+01  0.10000008344650D+01 -0.10000051259995D+01  0.13880826562500D+06
 -0.20677055428009D+02 -0.44000043869019D+01  0.10000008344650D+01 -0.10000051259995D+01  0.13832835937500D+06
 -0.20594382678711D+02 -0.44000043869019D+01  0.10000008344650D+01 -0.10000050067902D+01  0.13784845312500D+06
 -0.20511711713693D+02 -0.44000034332275D+01  0.10000008344650D+01 -0.10000050067902D+01  0.13736857812500D+06
 -0.20429042629210D+02 -0.44000034332275D+01  0.10000008344650D+01 -0.10000050067902D+01  0.13688870312500D+06
 -0.20346375526704D+02 -0.44000034332275D+01  0.10000008344650D+01 -0.10000050067902D+01  0.13640882812500D+06
 -0.20263710513079D+02 -0.44000034332275D+01  0.10000008344650D+01 -0.10000050067902D+01  0.13592896875000D+06
 -0.20181047700990D+02 -0.44000034332275D+01  0.10000008344650D+01 -0.10000048875809D+01  0.13544914062500D+06
 -0.20098387209157D+02 -0.44000034332275D+01  0.10000008344650D+01 -0.10000048875809D+01  0.13496931250000D+06
 -0.20015729162688D+02 -0.44000034332275D+01  0.10000008344650D+01 -0.10000048875809D+01  0.13448950000000D+06
 -0.19933073693419D+02 -0.44000034332275D+01  0.10000008344650D+01 -0.10000048875809D+01  0.13400968750000D+06
 -0.19850420940277D+02 -0.44000034332275D+01  0.10000008344650D+01 -0.10000048875809D+01  0.13352990625000D+06
 -0.19767771049658D+02 -0.44000034332275D+01  0.10000008344650D+01 -0.10000047683716D+01  0.13305014062500D+06
 -0.19685124175827D+02 -0.44000034332275D+01  0.10000008344650D+01 -0.10000047683716D+01  0.13257039062500D+06
 -0.19602480481337D+02 -0.44000034332275D+01  0.10000008344650D+01 -0.10000047683716D+01  0.13209067187500D+06
 -0.19519840137473D+02 -0.44000034332275D+01  0.10000008344650D+01 -0.10000047683716D+01  0.13161095312500D+06
 -0.19437203324718D+02 -0.44000034332275D+01  0.10000008344650D+01 -0.10000047683716D+01  0.13113126562500D+06
 -0.19354570233244D+02 -0.44000034332275D+01  0.10000008344650D+01 -0.10000046491623D+01  0.13065159375000D+06
 -0.19271941063426D+02 -0.44000034332275D+01  0.10000007152557D+01 -0.10000046491623D+01  0.13017195312500D+06
 -0.19189316026388D+02 -0.44000034332275D+01  0.10000007152557D+01 -0.10000046491623D+01  0.12969232812500D+06
 -0.19106695344576D+02 -0.44000034332275D+01  0.10000007152557D+01 -0.10000046491623D+01  0.12921273437500D+06
 -0.19024079252355D+02 -0.44000034332275D+01  0.10000007152557D+01 -0.10000046491623D+01  0.12873316406250D+06
 -0.18941467996646D+02 -0.44000034332275D+01  0.10000007152557D+01 -0.10000045299530D+01  0.12825361718750D+06
 -0.18858861837592D+02 -0.44000034332275D+01  0.10000007152557D+01 -0.10000045299530D+01  0.12777410937500D+06
 -0.18776261049260D+02 -0.44000034332275D+01  0.10000007152557D+01 -0.10000045299530D+01  0.12729462500000D+06
 -0.18693665920375D+02 -0.44000034332275D+01  0.10000007152557D+01 -0.10000045299530D+01  0.12681517968750D+06
 -0.18611076755098D+02 -0.44000034332275D+01  0.10000007152557D+01 -0.10000045299530D+01  0.12633576562500D+06
 -0.18528493873843D+02 -0.44000034332275D+01  0.10000007152557D+01 -0.10000044107437D+01  0.12585638281250D+06
 -0.18445917614131D+02 -0.44000034332275D+01  0.10000007152557D+01 -0.10000044107437D+01  0.12537704687500D+06
 -0.18363348331495D+02 -0.44000034332275D+01  0.10000007152557D+01 -0.10000044107437D+01  0.12489775000000D+06
 -0.18280786400427D+02 -0.44000034332275D+01  0.10000007152557D+01 -0.10000044107437D+01  0.12441849218750D+06
 -0.18198232215375D+02 -0.44000029563904D+01  0.10000007152557D+01 -0.10000044107437D+01  0.12393928125000D+06
 -0.18115686191789D+02 -0.44000029563904D+01  0.10000007152557D+01 -0.10000042915344D+01  0.12346010937500D+06
 -0.18033148767223D+02 -0.44000029563904D+01  0.10000007152557D+01 -0.10000042915344D+01  0.12298099218750D+06
 -0.17950620402490D+02 -0.44000029563904D+01  0.10000007152557D+01 -0.10000042915344D+01  0.12250192968750D+06
 -0.17868101582879D+02 -0.44000029563904D+01  0.10000007152557D+01 -0.10000042915344D+01  0.12202291406250D+06
 -0.17785592819426D+02 -0.44000029563904D+01  0.10000007152557D+01 -0.10000042915344D+01  0.12154396875000D+06
 -0.17703094650259D+02 -0.44000029563904D+01  0.10000007152557D+01 -0.10000041723251D+01  0.12106507812500D+06
 -0.17620607641998D+02 -0.44000029563904D+01  0.10000007152557D+01 -0.10000041723251D+01  0.12058625000000D+06
 -0.17538132391237D+02 -0.44000029563904D+01  0.10000007152557D+01 -0.10000041723251D+01  0.12010749218750D+06
 -0.17455669526085D+02 -0.44000029563904D+01  0.10000007152557D+01 -0.10000041723251D+01  0.11962880468750D+06
 -0.17373219707797D+02 -0.44000029563904D+01  0.10000007152557D+01 -0.10000041723251D+01  0.11915019531250D+06
 -0.17290783632474D+02 -0.44000029563904D+01  0.10000007152557D+01 -0.10000040531158D+01  0.11867166406250D+06
 -0.17208362032850D+02 -0.44000029563904D+01  0.10000007152557D+01 -0.10000040531158D+01  0.11819321875000D+06
 -0.17125955680164D+02 -0.44000029563904D+01  0.10000007152557D+01 -0.10000040531158D+01  0.11771485937500D+06
 -0.17043565386119D+02 -0.44000029563904D+01  0.10000007152557D+01 -0.10000040531158D+01  0.11723660156250D+06
 -0.16961192004942D+02 -0.44000029563904D+01  0.10000007152557D+01 -0.10000040531158D+01  0.11675842968750D+06
 -0.16878836435530D+02 -0.44000029563904D+01  0.10000007152557D+01 -0.10000039339066D+01  0.11628036718750D+06
 -0.16796499623704D+02 -0.44000029563904D+01  0.10000007152557D+01 -0.10000039339066D+01  0.11580241406250D+06
 -0.16714182564565D+02 -0.44000029563904D+01  0.10000007152557D+01 -0.10000039339066D+01  0.11532457812500D+06
 -0.16631886304960D+02 -0.44000029563904D+01  0.10000007152557D+01 -0.10000039339066D+01  0.11484685937500D+06
 -0.16549611946051D+02 -0.44000029563904D+01  0.10000007152557D+01 -0.10000039339066D+01  0.11436926562500D+06
 -0.16467360646014D+02 -0.44000029563904D+01  0.10000007152557D+01 -0.10000038146973D+01  0.11389181250000D+06
 -0.16385133622845D+02 -0.44000029563904D+01  0.10000007152557D+01 -0.10000038146973D+01  0.11341449218750D+06
 -0.16302932157296D+02 -0.44000029563904D+01  0.10000007152557D+01 -0.10000038146973D+01  0.11293732812500D+06
 -0.16220757595933D+02 -0.44000029563904D+01  0.10000007152557D+01 -0.10000038146973D+01  0.11246031250000D+06
 -0.16138611354327D+02 -0.44000029563904D+01  0.10000007152557D+01 -0.10000038146973D+01  0.11198346093750D+06
 -0.16056494920381D+02 -0.44000029563904D+01  0.10000007152557D+01 -0.10000038146973D+01  0.11150678906250D+06
 -0.15974409857787D+02 -0.44000029563904D+01  0.10000007152557D+01 -0.10000036954880D+01  0.11103029687500D+06
 -0.15892357809627D+02 -0.44000024795532D+01  0.10000007152557D+01 -0.10000036954880D+01  0.11055399218750D+06
 -0.15810340502118D+02 -0.44000024795532D+01  0.10000007152557D+01 -0.10000036954880D+01  0.11007789062500D+06
 -0.15728359748501D+02 -0.44000024795532D+01  0.10000007152557D+01 -0.10000036954880D+01  0.10960200000000D+06
 -0.15646417453072D+02 -0.44000024795532D+01  0.10000007152557D+01 -0.10000036954880D+01  0.10912632812500D+06
 -0.15564515615368D+02 -0.44000024795532D+01  0.10000007152557D+01 -0.10000035762787D+01  0.10865089843750D+06
 -0.15482656334500D+02 -0.44000024795532D+01  0.10000007152557D+01 -0.10000035762787D+01  0.10817571093750D+06
 -0.15400841813636D+02 -0.44000024795532D+01  0.10000007152557D+01 -0.10000035762787D+01  0.10770078125000D+06
 -0.15319074364632D+02 -0.44000024795532D+01  0.10000007152557D+01 -0.10000035762787D+01  0.10722613281250D+06
 -0.15237356412814D+02 -0.44000024795532D+01  0.10000007152557D+01 -0.10000035762787D+01  0.10675176562500D+06
 -0.15155690501908D+02 -0.44000024795532D+01  0.10000007152557D+01 -0.10000034570694D+01  0.10627769531250D+06
 -0.15074079299109D+02 -0.44000024795532D+01  0.10000007152557D+01 -0.10000034570694D+01  0.10580395312500D+06
 -0.14992525600296D+02 -0.44000024795532D+01  0.10000007152557D+01 -0.10000034570694D+01  0.10533053906250D+06
 -0.14911032335377D+02 -0.44000024795532D+01  0.10000007152557D+01 -0.10000034570694D+01  0.10485747656250D+06
 -0.14829602573762D+02 -0.44000024795532D+01  0.10000007152557D+01 -0.10000034570694D+01  0.10438478125000D+06
 -0.14748239529962D+02 -0.44000024795532D+01  0.10000007152557D+01 -0.10000033378601D+01  0.10391247656250D+06
 -0.14666946569288D+02 -0.44000024795532D+01  0.10000007152557D+01 -0.10000033378601D+01  0.10344057812500D+06
 -0.14585727213658D+02 -0.44000024795532D+01  0.10000007152557D+01 -0.10000033378601D+01  0.10296910937500D+06
 -0.14504585147481D+02 -0.44000024795532D+01  0.10000007152557D+01 -0.10000033378601D+01  0.10249808593750D+06
 -0.14423524223619D+02 -0.44000024795532D+01  0.10000007152557D+01 -0.10000033378601D+01  0.10202753125000D+06
 -0.14342548469383D+02 -0.44000024795532D+01  0.10000007152557D+01 -0.10000032186508D+01  0.10155747656250D+06
 -0.14261662092579D+02 -0.44000024795532D+01  0.10000007152557D+01 -0.10000032186508D+01  0.10108793750000D+06
 -0.14180869487544D+02 -0.44000024795532D+01  0.10000004768372D+01 -0.10000032186508D+01  0.10061893750000D+06
 -0.14100175241164D+02 -0.44000024795532D+01  0.10000004768372D+01 -0.10000032186508D+01  0.10015051562500D+06
 -0.14019584138848D+02 -0.44000024795532D+01  0.10000004768372D+01 -0.10000032186508D+01  0.99682687500000D+05
 -0.13939101170410D+02 -0.44000024795532D+01  0.10000004768372D+01 -0.10000030994415D+01  0.99215492187500D+05
 -0.13858731535829D+02 -0.44000024795532D+01  0.10000004768372D+01 -0.10000030994415D+01  0.98748953125000D+05
 -0.13778480650856D+02 -0.44000024795532D+01  0.10000004768372D+01 -0.10000030994415D+01  0.98283101562500D+05
 -0.13698354152402D+02 -0.44000024795532D+01  0.10000004768372D+01 -0.10000030994415D+01  0.97817976562500D+05
 -0.13618357903678D+02 -0.44000024795532D+01  0.10000004768372D+01 -0.10000030994415D+01  0.97353601562500D+05
 -0.13538497999024D+02 -0.44000024795532D+01  0.10000004768372D+01 -0.10000029802322D+01  0.96890015625000D+05
 -0.13458780768371D+02 -0.44000024795532D+01  0.10000004768372D+01 -0.10000029802322D+01  0.96427257812500D+05
 -0.13379212781275D+02 -0.44000024795532D+01  0.10000004768372D+01 -0.10000029802322D+01  0.95965367187500D+05
 -0.13299800850458D+02 -0.44000024795532D+01  0.10000004768372D+01 -0.10000029802322D+01  0.95504382812500D+05
 -0.13220552034777D+02 -0.44000024795532D+01  0.10000004768372D+01 -0.10000029802322D+01  0.95044343750000D+05
 -0.13141473641564D+02 -0.44000024795532D+01  0.10000004768372D+01 -0.10000029802322D+01  0.94585296875000D+05
 -0.13062573228235D+02 -0.44000024795532D+01  0.10000004768372D+01 -0.10000028610229D+01  0.94127281250000D+05
 -0.12983858603100D+02 -0.44000024795532D+01  0.10000004768372D+01 -0.10000028610229D+01  0.93670343750000D+05
 -0.12905337825289D+02 -0.44000024795532D+01  0.10000004768372D+01 -0.10000028610229D+01  0.93214531250000D+05
 -0.12827019203692D+02 -0.44000024795532D+01  0.10000004768372D+01 -0.10000028610229D+01  0.92759890625000D+05
 -0.12748911294829D+02 -0.44000024795532D+01  0.10000004768372D+01 -0.10000028610229D+01  0.92306476562500D+05
 -0.12671022899558D+02 -0.44000024795532D+01  0.10000004768372D+01 -0.10000027418137D+01  0.91854335937500D+05
 -0.12593363058522D+02 -0.44000024795532D+01  0.10000004768372D+01 -0.10000027418137D+01  0.91403523437500D+05
 -0.12515941046235D+02 -0.44000024795532D+01  0.10000004768372D+01 -0.10000027418137D+01  0.90954093750000D+05
 -0.12438766363731D+02 -0.44000024795532D+01  0.10000004768372D+01 -0.10000027418137D+01  0.90506093750000D+05
 -0.12361848729654D+02 -0.44000024795532D+01  0.10000004768372D+01 -0.10000027418137D+01  0.90059585937500D+05
 -0.12285198069741D+02 -0.44000024795532D+01  0.10000004768372D+01 -0.10000026226044D+01  0.89614632812500D+05
 -0.12208824504570D+02 -0.44000024795532D+01  0.10000004768372D+01 -0.10000026226044D+01  0.89171289062500D+05
 -0.12132738335538D+02 -0.44000024795532D+01  0.10000004768372D+01 -0.10000026226044D+01  0.88729609375000D+05
 -0.12056950028974D+02 -0.44000024795532D+01  0.10000004768372D+01 -0.10000026226044D+01  0.88289656250000D+05
 -0.11981470198344D+02 -0.44000024795532D+01  0.10000004768372D+01 -0.10000026226044D+01  0.87851500000000D+05
 -0.11906309584494D+02 -0.44000024795532D+01  0.10000004768372D+01 -0.10000026226044D+01  0.87415195312500D+05
 -0.11831479033915D+02 -0.44000024795532D+01  0.10000004768372D+01 -0.10000025033951D+01  0.86980804687500D+05
 -0.11756989475006D+02 -0.44000024795532D+01  0.10000004768372D+01 -0.10000025033951D+01  0.86548390625000D+05
 -0.11682851892336D+02 -0.44000024795532D+01  0.10000003576279D+01 -0.10000025033951D+01  0.86118023437500D+05
 -0.11609077298953D+02 -0.44000024795532D+01  0.10000003576279D+01 -0.10000025033951D+01  0.85689765625000D+05
 -0.11535676706761D+02 -0.44000024795532D+01  0.10000003576279D+01 -0.10000025033951D+01  0.85263671875000D+05
 -0.11462661095064D+02 -0.44000024795532D+01  0.10000003576279D+01 -0.10000025033951D+01  0.84839820312500D+05
 -0.11390041377351D+02 -0.44000024795532D+01  0.10000003576279D+01 -0.10000023841858D+01  0.84418265625000D+05
 -0.11317828366474D+02 -0.44000015258789D+01  0.10000003576279D+01 -0.10000023841858D+01  0.83999070312500D+05
 -0.11246032738342D+02 -0.44000015258789D+01  0.10000003576279D+01 -0.10000023841858D+01  0.83582289062500D+05
 -0.11174664994339D+02 -0.44000015258789D+01  0.10000003576279D+01 -0.10000023841858D+01  0.83168000000000D+05
 -0.11103735422662D+02 -0.44000015258789D+01  0.10000003576279D+01 -0.10000023841858D+01  0.82756250000000D+05
 -0.11033254058805D+02 -0.44000015258789D+01  0.10000003576279D+01 -0.10000022649765D+01  0.82347101562500D+05
 -0.10963230645473D+02 -0.44000015258789D+01  0.10000003576279D+01 -0.10000022649765D+01  0.81940609375000D+05
 -0.10893674592192D+02 -0.44000015258789D+01  0.10000003576279D+01 -0.10000022649765D+01  0.81536835937500D+05
 -0.10824594934929D+02 -0.44000015258789D+01  0.10000003576279D+01 -0.10000022649765D+01  0.81135828125000D+05
 -0.10756000296047D+02 -0.44000015258789D+01  0.10000003576279D+01 -0.10000022649765D+01  0.80737632812500D+05
 -0.10687898844937D+02 -0.44000015258789D+01  0.10000003576279D+01 -0.10000022649765D+01  0.80342296875000D+05
 -0.10620298259665D+02 -0.44000015258789D+01  0.10000003576279D+01 -0.10000021457672D+01  0.79949875000000D+05
 -0.10553205690015D+02 -0.44000015258789D+01  0.10000003576279D+01 -0.10000021457672D+01  0.79560398437500D+05
 -0.10486627722253D+02 -0.44000015258789D+01  0.10000003576279D+01 -0.10000021457672D+01  0.79173914062500D+05
 -0.10420570345989D+02 -0.44000015258789D+01  0.10000003576279D+01 -0.10000021457672D+01  0.78790445312500D+05
 -0.10355038923465D+02 -0.44000015258789D+01  0.10000003576279D+01 -0.10000021457672D+01  0.78410031250000D+05
 -0.10290038161596D+02 -0.44000015258789D+01  0.10000003576279D+01 -0.10000021457672D+01  0.78032703125000D+05
 -0.10225572087071D+02 -0.44000015258789D+01  0.10000003576279D+01 -0.10000021457672D+01  0.77658476562500D+05
 -0.10161644024780D+02 -0.44000015258789D+01  0.10000003576279D+01 -0.10000020265579D+01  0.77287367187500D+05
 -0.10098256579819D+02 -0.44000015258789D+01  0.10000003576279D+01 -0.10000020265579D+01  0.76919406250000D+05
 -0.10035411623270D+02 -0.44000015258789D+01  0.10000003576279D+01 -0.10000020265579D+01  0.76554585937500D+05
 -0.99731102819273D+01 -0.44000015258789D+01  0.10000003576279D+01 -0.10000020265579D+01  0.76192921875000D+05
 -0.99113529320819D+01 -0.44000015258789D+01  0.10000003576279D+01 -0.10000020265579D+01  0.75834421875000D+05
 -0.98501391974427D+01 -0.44000015258789D+01  0.10000003576279D+01 -0.10000020265579D+01  0.75479070312500D+05
 -0.97894679512158D+01 -0.44000015258789D+01  0.10000003576279D+01 -0.10000020265579D+01  0.75126875000000D+05
 -0.97293373223187D+01 -0.44000015258789D+01  0.10000003576279D+01 -0.10000019073486D+01  0.74777812500000D+05
 -0.96697447056557D+01 -0.44000015258789D+01  0.10000003576279D+01 -0.10000019073486D+01  0.74431875000000D+05
 -0.96106867763364D+01 -0.44000015258789D+01  0.10000003576279D+01 -0.10000019073486D+01  0.74089039062500D+05
 -0.95521595076726D+01 -0.44000015258789D+01  0.10000003576279D+01 -0.10000019073486D+01  0.73749289062500D+05
 -0.94941581927485D+01 -0.44000015258789D+01  0.10000003576279D+01 -0.10000019073486D+01  0.73412585937500D+05
 -0.94366774693223D+01 -0.44000015258789D+01  0.10000003576279D+01 -0.10000019073486D+01  0.73078906250000D+05
 -0.93797113477841D+01 -0.44000015258789D+01  0.10000003576279D+01 -0.10000019073486D+01  0.72748218750000D+05
 -0.93232532418674D+01 -0.44000015258789D+01  0.10000003576279D+01 -0.10000017881393D+01  0.72420476562500D+05
 -0.92672960017901D+01 -0.44000015258789D+01  0.10000003576279D+01 -0.10000017881393D+01  0.72095640625000D+05
 -0.92118319494835D+01 -0.44000015258789D+01  0.10000003576279D+01 -0.10000017881393D+01  0.71773671875000D+05
 -0.91568529155583D+01 -0.44000015258789D+01  0.10000002384186D+01 -0.10000017881393D+01  0.71454515625000D+05
 -0.91023502776512D+01 -0.44000015258789D+01  0.10000002384186D+01 -0.10000017881393D+01  0.71138125000000D+05
 -0.90483149997949D+01 -0.44000010490417D+01  0.10000002384186D+01 -0.10000017881393D+01  0.70824445312500D+05
 -0.89947376724639D+01 -0.44000010490417D+01  0.10000002384186D+01 -0.10000017881393D+01  0.70513429687500D+05
 -0.89416085529533D+01 -0.44000010490417D+01  0.10000002384186D+01 -0.10000016689301D+01  0.70205007812500D+05
 -0.88889176057674D+01 -0.44000010490417D+01  0.10000002384186D+01 -0.10000016689301D+01  0.69899132812500D+05
 -0.88366545427117D+01 -0.44000010490417D+01  0.10000002384186D+01 -0.10000016689301D+01  0.69595734375000D+05
 -0.87848088624010D+01 -0.44000010490417D+01  0.10000002384186D+01 -0.10000016689301D+01  0.69294765625000D+05
 -0.87333698889252D+01 -0.44000010490417D+01  0.10000002384186D+01 -0.10000016689301D+01  0.68996156250000D+05
 -0.86823268094345D+01 -0.44000010490417D+01  0.10000002384186D+01 -0.10000016689301D+01  0.68699851562500D+05
 -0.86316687104381D+01 -0.44000010490417D+01  0.10000002384186D+01 -0.10000016689301D+01  0.68405773437500D+05
 -0.85813846126334D+01 -0.44000010490417D+01  0.10000002384186D+01 -0.10000016689301D+01  0.68113867187500D+05
 -0.85314635041150D+01 -0.44000010490417D+01  0.10000002384186D+01 -0.10000015497208D+01  0.67824070312500D+05
 -0.84818943718363D+01 -0.44000010490417D+01  0.10000002384186D+01 -0.10000015497208D+01  0.67536320312500D+05
 -0.84326662312264D+01 -0.44000010490417D+01  0.10000002384186D+01 -0.10000015497208D+01  0.67250546875000D+05
 -0.83837681538883D+01 -0.44000010490417D+01  0.10000002384186D+01 -0.10000015497208D+01  0.66966687500000D+05
 -0.83351892933308D+01 -0.44000010490417D+01  0.10000002384186D+01 -0.10000015497208D+01  0.66684679687500D+05
 -0.82869189087064D+01 -0.44000010490417D+01  0.10000002384186D+01 -0.10000015497208D+01  0.66404468750000D+05
 -0.82389463865501D+01 -0.44000010490417D+01  0.10000002384186D+01 -0.10000015497208D+01  0.66125984375000D+05
 -0.81912612605330D+01 -0.44000010490417D+01  0.10000002384186D+01 -0.10000015497208D+01  0.65849164062500D+05
 -0.81438532292585D+01 -0.44000010490417D+01  0.10000002384186D+01 -0.10000015497208D+01  0.65573953125000D+05
 -0.80967121721465D+01 -0.44000010490417D+01  0.10000002384186D+01 -0.10000014305115D+01  0.65300296875000D+05
 -0.80498281634633D+01 -0.44000010490417D+01  0.10000002384186D+01 -0.10000014305115D+01  0.65028132812500D+05
 -0.80031914845616D+01 -0.44000010490417D+01  0.10000002384186D+01 -0.10000014305115D+01  0.64757402343750D+05
 -0.79567926344100D+01 -0.44000010490417D+01  0.10000002384186D+01 -0.10000014305115D+01  0.64488050781250D+05
 -0.79106223384925D+01 -0.44000010490417D+01  0.10000002384186D+01 -0.10000014305115D+01  0.64220027343750D+05
 -0.78646715561675D+01 -0.44000010490417D+01  0.10000002384186D+01 -0.10000014305115D+01  0.63953277343750D+05
 -0.78189314865766D+01 -0.44000010490417D+01  0.10000002384186D+01 -0.10000014305115D+01  0.63687753906250D+05
 -0.77733935731991D+01 -0.44000010490417D+01  0.10000002384186D+01 -0.10000014305115D+01  0.63423402343750D+05
 -0.77280495071458D+01 -0.44000010490417D+01  0.10000002384186D+01 -0.10000014305115D+01  0.63160175781250D+05
 -0.76828912292873D+01 -0.44000010490417D+01  0.10000002384186D+01 -0.10000013113022D+01  0.62898027343750D+05
 -0.76379109313121D+01 -0.44000010490417D+01  0.10000002384186D+01 -0.10000013113022D+01  0.62636910156250D+05
 -0.75931010558044D+01 -0.44000010490417D+01  0.10000002384186D+01 -0.10000013113022D+01  0.62376785156250D+05
 -0.75484542954338D+01 -0.44000010490417D+01  0.10000002384186D+01 -0.10000013113022D+01  0.62117605468750D+05
 -0.75039635913413D+01 -0.44000010490417D+01  0.10000002384186D+01 -0.10000013113022D+01  0.61859332031250D+05
 -0.74596221308062D+01 -0.44000010490417D+01  0.10000002384186D+01 -0.10000013113022D+01  0.61601925781250D+05
 -0.74154233442723D+01 -0.44000010490417D+01  0.10000002384186D+01 -0.10000013113022D+01  0.61345347656250D+05
 -0.73713609018084D+01 -0.44000010490417D+01  0.10000002384186D+01 -0.10000013113022D+01  0.61089562500000D+05
 -0.73274287090745D+01 -0.44000010490417D+01  0.10000002384186D+01 -0.10000013113022D+01  0.60834531250000D+05
 -0.72836209028593D+01 -0.44000010490417D+01  0.10000002384186D+01 -0.10000013113022D+01  0.60580222656250D+05
 -0.72399318462516D+01 -0.44000010490417D+01  0.10000002384186D+01 -0.10000011920929D+01  0.60326601562500D+05
 -0.71963561235019D+01 -0.44000010490417D+01  0.10000002384186D+01 -0.10000011920929D+01  0.60073640625000D+05
 -0.71528885346295D+01 -0.44000010490417D+01  0.10000002384186D+01 -0.10000011920929D+01  0.59821308593750D+05
 -0.71095240898212D+01 -0.44000010490417D+01  0.10000002384186D+01 -0.10000011920929D+01  0.59569570312500D+05
 -0.70662580036688D+01 -0.44000010490417D+01  0.10000002384186D+01 -0.10000011920929D+01  0.59318406250000D+05
 -0.70230856892843D+01 -0.44000010490417D+01  0.10000002384186D+01 -0.10000011920929D+01  0.59067789062500D+05
 -0.69800027523317D+01 -0.44000010490417D+01  0.10000002384186D+01 -0.10000011920929D+01  0.58817687500000D+05
 -0.69370049850065D+01 -0.44000010490417D+01  0.10000002384186D+01 -0.10000011920929D+01  0.58568082031250D+05
 -0.68940883599944D+01 -0.44000010490417D+01  0.10000002384186D+01 -0.10000011920929D+01  0.58318945312500D+05
 -0.68512490244366D+01 -0.44000010490417D+01  0.10000002384186D+01 -0.10000010728836D+01  0.58070257812500D+05
 -0.68084832939227D+01 -0.44000010490417D+01  0.10000002384186D+01 -0.10000010728836D+01  0.57822000000000D+05
 -0.67657876465350D+01 -0.44000005722046D+01  0.10000002384186D+01 -0.10000010728836D+01  0.57574144531250D+05
 -0.67231587169614D+01 -0.44000005722046D+01  0.10000002384186D+01 -0.10000010728836D+01  0.57326679687500D+05
 -0.66805932906925D+01 -0.44000005722046D+01  0.10000002384186D+01 -0.10000010728836D+01  0.57079578125000D+05
 -0.66380882983171D+01 -0.44000005722046D+01  0.10000002384186D+01 -0.10000010728836D+01  0.56832832031250D+05
 -0.65956408099276D+01 -0.44000005722046D+01  0.10000002384186D+01 -0.10000010728836D+01  0.56586417968750D+05
 -0.65532480296457D+01 -0.44000005722046D+01  0.10000002384186D+01 -0.10000010728836D+01  0.56340320312500D+05
 -0.65109072902755D+01 -0.44000005722046D+01  0.10000002384186D+01 -0.10000010728836D+01  0.56094523437500D+05
 -0.64686160480918D+01 -0.44000005722046D+01  0.10000002384186D+01 -0.10000010728836D+01  0.55849015625000D+05
 -0.64263718777679D+01 -0.44000005722046D+01  0.10000002384186D+01 -0.10000009536743D+01  0.55603785156250D+05
 -0.63841724674474D+01 -0.44000005722046D+01  0.10000002384186D+01 -0.10000009536743D+01  0.55358808593750D+05
 -0.63420156139631D+01 -0.44000005722046D+01  0.10000002384186D+01 -0.10000009536743D+01  0.55114082031250D+05
 -0.62998992182042D+01 -0.44000005722046D+01  0.10000002384186D+01 -0.10000009536743D+01  0.54869589843750D+05
 -0.62578212806332D+01 -0.44000005722046D+01  0.10000002384186D+01 -0.10000009536743D+01  0.54625320312500D+05
 -0.62157798969536D+01 -0.44000005722046D+01  0.10000002384186D+01 -0.10000009536743D+01  0.54381261718750D+05
 -0.61737732539257D+01 -0.44000005722046D+01  0.10000002384186D+01 -0.10000009536743D+01  0.54137406250000D+05
 -0.61317996253322D+01 -0.44000005722046D+01  0.10000002384186D+01 -0.10000009536743D+01  0.53893746093750D+05
 -0.60898573680902D+01 -0.44000005722046D+01  0.10000002384186D+01 -0.10000009536743D+01  0.53650261718750D+05
 -0.60479449185074D+01 -0.44000005722046D+01  0.10000002384186D+01 -0.10000009536743D+01  0.53406953125000D+05
 -0.60060607886825D+01 -0.44000005722046D+01  0.10000002384186D+01 -0.10000008344650D+01  0.53163808593750D+05
 -0.59642035630434D+01 -0.44000005722046D+01  0.10000002384186D+01 -0.10000008344650D+01  0.52920824218750D+05
 -0.59223718950240D+01 -0.44000005722046D+01  0.10000002384186D+01 -0.10000008344650D+01  0.52677984375000D+05
 -0.58805645038728D+01 -0.44000005722046D+01  0.10000002384186D+01 -0.10000008344650D+01  0.52435285156250D+05
 -0.58387801715936D+01 -0.44000005722046D+01  0.10000002384186D+01 -0.10000008344650D+01  0.52192718750000D+05
 -0.57970177400114D+01 -0.44000005722046D+01  0.10000002384186D+01 -0.10000008344650D+01  0.51950281250000D+05
 -0.57552761079616D+01 -0.44000005722046D+01  0.10000002384186D+01 -0.10000008344650D+01  0.51707964843750D+05
 -0.57135542285994D+01 -0.44000005722046D+01  0.10000002384186D+01 -0.10000008344650D+01  0.51465761718750D+05
 -0.56718511068235D+01 -0.44000005722046D+01  0.10000002384186D+01 -0.10000008344650D+01  0.51223667968750D+05
 -0.56301657968126D+01 -0.44000005722046D+01  0.10000002384186D+01 -0.10000008344650D+01  0.50981679687500D+05
 -0.55884973996691D+01 -0.44000005722046D+01  0.10000002384186D+01 -0.10000007152557D+01  0.50739789062500D+05
 -0.55468450611675D+01 -0.44000005722046D+01  0.10000002384186D+01 -0.10000007152557D+01  0.50497988281250D+05
 -0.55052079696033D+01 -0.44000005722046D+01  0.10000002384186D+01 -0.10000007152557D+01  0.50256281250000D+05
 -0.54635853537379D+01 -0.44000005722046D+01  0.10000002384186D+01 -0.10000007152557D+01  0.50014652343750D+05
 -0.54219764808376D+01 -0.44000005722046D+01  0.10000002384186D+01 -0.10000007152557D+01  0.49773109375000D+05
 -0.53803806548015D+01 -0.44000005722046D+01  0.10000002384186D+01 -0.10000007152557D+01  0.49531636718750D+05
 -0.53387972143751D+01 -0.44000005722046D+01  0.10000002384186D+01 -0.10000007152557D+01  0.49290238281250D+05
 -0.52972255314476D+01 -0.44000005722046D+01  0.10000002384186D+01 -0.10000007152557D+01  0.49048910156250D+05
 -0.52556650094268D+01 -0.44000005722046D+01  0.10000002384186D+01 -0.10000007152557D+01  0.48807644531250D+05
 -0.52141150816912D+01 -0.44000005722046D+01  0.10000002384186D+01 -0.10000007152557D+01  0.48566437500000D+05
 -0.51725752101145D+01 -0.44000005722046D+01  0.10000002384186D+01 -0.10000005960464D+01  0.48325292968750D+05
 -0.51310448836590D+01 -0.44000005722046D+01  0.10000002384186D+01 -0.10000005960464D+01  0.48084203125000D+05
 -0.50895236170371D+01 -0.44000005722046D+01  0.10000002384186D+01 -0.10000005960464D+01  0.47843164062500D+05
 -0.50480109494351D+01 -0.44000005722046D+01  0.10000002384186D+01 -0.10000005960464D+01  0.47602179687500D+05
 -0.50065064432991D+01 -0.44000005722046D+01  0.10000002384186D+01 -0.10000005960464D+01  0.47361238281250D+05
 -0.49650096831787D+01 -0.44000005722046D+01  0.10000002384186D+01 -0.10000005960464D+01  0.47120343750000D+05
 -0.49235202746264D+01 -0.44000005722046D+01  0.10000002384186D+01 -0.10000005960464D+01  0.46879488281250D+05
 -0.48820378431503D+01 -0.44000005722046D+01  0.10000002384186D+01 -0.10000005960464D+01  0.46638675781250D+05
 -0.48405620332174D+01 -0.44000005722046D+01  0.10000002384186D+01 -0.10000005960464D+01  0.46397902343750D+05
 -0.47990925073059D+01 -0.44000005722046D+01  0.10000002384186D+01 -0.10000005960464D+01  0.46157167968750D+05
 -0.47576289450029D+01 -0.44000005722046D+01  0.10000002384186D+01 -0.10000004768372D+01  0.45916464843750D+05
 -0.47161710421470D+01 -0.44000005722046D+01  0.10000002384186D+01 -0.10000004768372D+01  0.45675792968750D+05
 -0.46747185100124D+01 -0.44000005722046D+01  0.10000002384186D+01 -0.10000004768372D+01  0.45435156250000D+05
 -0.46332710745333D+01 -0.44000005722046D+01  0.10000002384186D+01 -0.10000004768372D+01  0.45194546875000D+05
 -0.45918284755666D+01 -0.44000005722046D+01  0.10000002384186D+01 -0.10000004768372D+01  0.44953964843750D+05
 -0.45503904661909D+01 -0.44000005722046D+01  0.10000002384186D+01 -0.10000004768372D+01  0.44713410156250D+05
 -0.45089568120400D+01 -0.44000005722046D+01  0.10000002384186D+01 -0.10000004768372D+01  0.44472882812500D+05
 -0.44675272906697D+01 -0.44000005722046D+01  0.10000002384186D+01 -0.10000004768372D+01  0.44232375000000D+05
 -0.44261016909559D+01 -0.44000005722046D+01  0.10000002384186D+01 -0.10000004768372D+01  0.43991890625000D+05
 -0.43846798125227D+01 -0.44000005722046D+01  0.10000002384186D+01 -0.10000004768372D+01  0.43751429687500D+05
 -0.43432614651986D+01 -0.44000005722046D+01  0.10000002384186D+01 -0.10000003576279D+01  0.43510984375000D+05
 -0.43018464685009D+01 -0.44000005722046D+01  0.10000002384186D+01 -0.10000003576279D+01  0.43270562500000D+05
 -0.42604346511441D+01 -0.44000005722046D+01  0.10000002384186D+01 -0.10000003576279D+01  0.43030156250000D+05
 -0.42190258505748D+01 -0.44000005722046D+01  0.10000002384186D+01 -0.10000003576279D+01  0.42789769531250D+05
 -0.41776199125285D+01 -0.44000005722046D+01  0.10000002384186D+01 -0.10000003576279D+01  0.42549398437500D+05
 -0.41362166906093D+01 -0.44000005722046D+01  0.10000000000000D+01 -0.10000003576279D+01  0.42309046875000D+05
 -0.40948160458904D+01 -0.44000005722046D+01  0.10000000000000D+01 -0.10000003576279D+01  0.42068707031250D+05
 -0.40534178465350D+01 -0.44000005722046D+01  0.10000000000000D+01 -0.10000003576279D+01  0.41828378906250D+05
 -0.40120219674358D+01 -0.44000005722046D+01  0.10000000000000D+01 -0.10000003576279D+01  0.41588066406250D+05
 -0.39706282898733D+01 -0.44000005722046D+01  0.10000000000000D+01 -0.10000003576279D+01  0.41347769531250D+05
 -0.39292367011906D+01 -0.44000005722046D+01  0.10000000000000D+01 -0.10000002384186D+01  0.41107480468750D+05
 -0.38878470944851D+01 -0.44000005722046D+01  0.10000000000000D+01 -0.10000002384186D+01  0.40867207031250D+05
 -0.38464593683158D+01 -0.44000005722046D+01  0.10000000000000D+01 -0.10000002384186D+01  0.40626941406250D+05
 -0.38050734264250D+01 -0.44000005722046D+01  0.10000000000000D+01 -0.10000002384186D+01  0.40386687500000D+05
 -0.37636891774744D+01 -0.44000005722046D+01  0.10000000000000D+01 -0.10000002384186D+01  0.40146441406250D+05
 -0.37223065347943D+01 -0.44000005722046D+01  0.10000000000000D+01 -0.10000002384186D+01  0.39906207031250D+05
 -0.36809254161459D+01 -0.44000005722046D+01  0.10000000000000D+01 -0.10000002384186D+01  0.39665980468750D+05
 -0.36395457434954D+01 -0.44000005722046D+01  0.10000000000000D+01 -0.10000002384186D+01  0.39425761718750D+05
 -0.35981674427993D+01 -0.44000005722046D+01  0.10000000000000D+01 -0.10000002384186D+01  0.39185550781250D+05
 -0.35567904438010D+01 -0.44000005722046D+01  0.10000000000000D+01 -0.10000002384186D+01  0.38945347656250D+05
 -0.35154146798378D+01 -0.44000005722046D+01  0.10000000000000D+01 -0.10000001192093D+01  0.38705152343750D+05
 -0.34740400876569D+01 -0.44000005722046D+01  0.10000000000000D+01 -0.10000001192093D+01  0.38464964843750D+05
 -0.34326666072419D+01 -0.44000005722046D+01  0.10000000000000D+01 -0.10000001192093D+01  0.38224781250000D+05
 -0.33912941816475D+01 -0.44000005722046D+01  0.10000000000000D+01 -0.10000001192093D+01  0.37984605468750D+05
 -0.33499227568420D+01 -0.44000005722046D+01  0.10000000000000D+01 -0.10000001192093D+01  0.37744437500000D+05
 -0.33085522815596D+01 -0.44000005722046D+01  0.10000000000000D+01 -0.10000001192093D+01  0.37504269531250D+05
 -0.32671827071578D+01 -0.44000005722046D+01  0.10000000000000D+01 -0.10000001192093D+01  0.37264113281250D+05
 -0.32258139874846D+01 -0.44000005722046D+01  0.10000000000000D+01 -0.10000001192093D+01  0.37023957031250D+05
 -0.31844460787501D+01 -0.44000005722046D+01  0.10000000000000D+01 -0.10000001192093D+01  0.36783808593750D+05
 -0.31430789394065D+01 -0.44000005722046D+01  0.10000000000000D+01 -0.10000001192093D+01  0.36543660156250D+05
 -0.31017125300334D+01 -0.44000005722046D+01  0.10000000000000D+01 -0.10000000000000D+01  0.36303519531250D+05
 -0.30603468132285D+01 -0.44000005722046D+01  0.10000000000000D+01 -0.10000000000000D+01  0.36063382812500D+05
 -0.30189817535050D+01 -0.44000005722046D+01  0.10000000000000D+01 -0.10000000000000D+01  0.35823250000000D+05
 -0.29776173171933D+01 -0.44000005722046D+01  0.10000000000000D+01 -0.10000000000000D+01  0.35583121093750D+05
 -0.29362534723482D+01 -0.44000005722046D+01  0.10000000000000D+01 -0.10000000000000D+01  0.35342996093750D+05
 -0.28948901886605D+01 -0.44000005722046D+01  0.10000000000000D+01 -0.10000000000000D+01  0.35102871093750D+05
 -0.28535274373735D+01 -0.44000005722046D+01  0.10000000000000D+01 -0.10000000000000D+01  0.34862750000000D+05
 -0.28121651912034D+01 -0.44000005722046D+01  0.10000000000000D+01 -0.10000000000000D+01  0.34622636718750D+05
 -0.27708034242639D+01 -0.44000005722046D+01  0.10000000000000D+01 -0.10000000000000D+01  0.34382519531250D+05
 -0.27294421119951D+01 -0.44000005722046D+01  0.10000000000000D+01 -0.10000000000000D+01  0.34142410156250D+05
 -0.26880812310949D+01 -0.44000005722046D+01  0.10000000000000D+01 -0.10000000000000D+01  0.33902300781250D+05
 -0.26467207594552D+01 -0.44000005722046D+01  0.10000000000000D+01 -0.10000000000000D+01  0.33662195312500D+05
 -0.26053606761005D+01 -0.44000005722046D+01  0.10000000000000D+01 -0.10000000000000D+01  0.33422089843750D+05
 -0.25640009611299D+01 -0.44000005722046D+01  0.10000000000000D+01 -0.10000000000000D+01  0.33181988281250D+05
 -0.25226415956622D+01 -0.44000005722046D+01  0.10000000000000D+01 -0.10000000000000D+01  0.32941886718750D+05
 -0.24812825617838D+01 -0.44000005722046D+01  0.10000000000000D+01 -0.10000000000000D+01  0.32701789062500D+05
 -0.24399238424988D+01 -0.44000005722046D+01  0.10000000000000D+01 -0.10000000000000D+01  0.32461691406250D+05
 -0.23985654216823D+01 -0.44000005722046D+01  0.10000000000000D+01 -0.10000000000000D+01  0.32221597656250D+05
 -0.23572072840356D+01 -0.44000005722046D+01  0.10000000000000D+01 -0.10000000000000D+01  0.31981503906250D+05
 -0.23158494150440D+01 -0.44000005722046D+01  0.10000000000000D+01 -0.10000000000000D+01  0.31741412109375D+05
 -0.22744918009367D+01 -0.44000005722046D+01  0.10000000000000D+01 -0.10000000000000D+01  0.31501322265625D+05
 -0.22331344286485D+01 -0.44000005722046D+01  0.10000000000000D+01 -0.99999994039536D+00  0.31261234375000D+05
 -0.21917772857839D+01 -0.43999996185303D+01  0.99999994039536D+00 -0.99999976158142D+00  0.31021144531250D+05
 -0.21504203605826D+01 -0.43999991416931D+01  0.99999988079071D+00 -0.99999934434891D+00  0.30781054687500D+05
 -0.21090636418869D+01 -0.43999986648560D+01  0.99999952316284D+00 -0.99999803304672D+00  0.30540962890625D+05
 -0.20677071191111D+01 -0.43999948501587D+01  0.99999874830246D+00 -0.99999433755875D+00  0.30300859375000D+05
 -0.20263507822121D+01 -0.43999843597412D+01  0.99999654293060D+00 -0.99998450279236D+00  0.30060722656250D+05
 -0.19849946216613D+01 -0.43999595642090D+01  0.99999082088470D+00 -0.99995940923691D+00  0.29820494140625D+05
 -0.19436386284187D+01 -0.43998994827271D+01  0.99997711181641D+00 -0.99989807605743D+00  0.29580048828125D+05
 -0.19022827939076D+01 -0.43997588157654D+01  0.99994534254074D+00 -0.99975502490997D+00  0.29339085937500D+05
 -0.18609271099908D+01 -0.43994460105896D+01  0.99987411499023D+00 -0.99943357706070D+00  0.29096953125000D+05
 -0.18195715689484D+01 -0.43987798690796D+01  0.99972271919250D+00 -0.99874258041382D+00  0.28852294921875D+05
 -0.17782161634559D+01 -0.43974275588989D+01  0.99941533803940D+00 -0.99732404947281D+00  0.28602435546875D+05
 -0.17368608865646D+01 -0.43948078155518D+01  0.99882000684738D+00 -0.99454230070114D+00  0.28342375000000D+05
 -0.16955057316816D+01 -0.43899698257446D+01  0.99772042036057D+00 -0.98934131860733D+00  0.28063269531250D+05
 -0.16541506925522D+01 -0.43814573287964D+01  0.99578565359116D+00 -0.98010158538818D+00  0.27750431640625D+05
 -0.16127957632423D+01 -0.43671565055847D+01  0.99253553152084D+00 -0.96452003717422D+00  0.27380978515625D+05
 -0.15714409381219D+01 -0.43444342613220D+01  0.98737138509750D+00 -0.93992900848389D+00  0.26922261718750D+05
 -0.15300862118497D+01 -0.43102807998657D+01  0.97960919141769D+00 -0.90378516912460D+00  0.26332310546875D+05
 -0.14887315793580D+01 -0.42617673873901D+01  0.96858346462250D+00 -0.85458499193192D+00  0.25563216796875D+05
 -0.14473770358392D+01 -0.41966376304626D+01  0.95378130674362D+00 -0.79271799325943D+00  0.24567738281250D+05
 -0.14060225767318D+01 -0.41137785911560D+01  0.93494975566864D+00 -0.72067469358444D+00  0.23307154296875D+05
 -0.13646681977084D+01 -0.40134248733521D+01  0.91214197874069D+00 -0.64242684841156D+00  0.21757312500000D+05
 -0.13233138946633D+01 -0.38972337245941D+01  0.88573497533798D+00 -0.56237405538559D+00  0.19910957031250D+05
 -0.12819596637013D+01 -0.37675883769989D+01  0.85627001523972D+00 -0.48418593406677D+00  0.17775787109375D+05
 -0.12406055011270D+01 -0.36272525787354D+01  0.82437556982040D+00 -0.41041651368141D+00  0.15369918945312D+05
 -0.11992514034341D+01 -0.34790205955505D+01  0.79068648815155D+00 -0.34250813722610D+00  0.12717224609375D+05
 -0.11578973672966D+01 -0.33254706859589D+01  0.75578880310059D+00 -0.28103870153427D+00  0.98435976562500D+04
 -0.11165433895584D+01 -0.31689028739929D+01  0.72020518779755D+00 -0.22600734233856D+00  0.67745063476562D+04
 -0.10751894672257D+01 -0.30112540721893D+01  0.68437594175339D+00 -0.17707236111164D+00  0.35336198730469D+04
 -0.10338355974579D+01 -0.28541076183319D+01  0.64866083860397D+00 -0.13373255729675D+00  0.14218736267090D+03
 -0.99248177756002D+00 -0.26987447738647D+01  0.61335104703903D+00 -0.95430590212345D-01 -0.33811074218750D+04
 -0.95112800497540D+00 -0.25461862087250D+01  0.57867872714996D+00 -0.61613146215677D-01 -0.70200253906250D+04
 -0.90977427727835D+00 -0.23972592353821D+01  0.54483163356781D+00 -0.31767189502716D-01 -0.10760527343750D+05
 -0.86842059216754D+00 -0.22525708675385D+01  0.51194798946381D+00 -0.54178563877940D-02 -0.14590511718750D+05
 -0.82706694745963D+00 -0.21125826835632D+01  0.48013243079185D+00  0.17854584380984D-01 -0.18499550781250D+05
 -0.78571334108323D+00 -0.19776366949081D+01  0.44946286082268D+00  0.38418557494879D-01 -0.22478648437500D+05
 -0.74435977107311D+00 -0.18479779958725D+01  0.41999500989914D+00  0.56596111506224D-01 -0.26520017578125D+05
 -0.70300623556482D+00 -0.17237701416016D+01  0.39176595211029D+00  0.72668150067329D-01 -0.30616892578125D+05
 -0.66165273278949D+00 -0.16051404476166D+01  0.36480462551117D+00  0.86876034736633D-01 -0.34763378906250D+05
 -0.62029926106893D+00 -0.14920886754990D+01  0.33911103010178D+00  0.99438868463039D-01 -0.38954308593750D+05
 -0.57894581881099D+00 -0.13846048116684D+01  0.31468284130096D+00  0.11054410785437D+00 -0.43185167968750D+05
 -0.53759240450514D+00 -0.12826417684555D+01  0.29150950908661D+00  0.12035599350929D+00 -0.47451957031250D+05
 -0.49623901671831D+00 -0.11861243247986D+01  0.26957374811172D+00  0.12901867926121D+00 -0.51751160156250D+05
 -0.45488565409087D+00 -0.10949671268463D+01  0.24885615706444D+00  0.13665775954723D+00 -0.56079636718750D+05
 -0.41353231533292D+00 -0.10090512037277D+01  0.22932986915112D+00  0.14338549971581D+00 -0.60434585937500D+05
 -0.37217899922069D+00 -0.92821502685547D+00  0.21095797419548D+00  0.14930376410484D+00 -0.64813519531250D+05
 -0.33082570459314D+00 -0.85230517387390D+00  0.19370572268963D+00  0.15450105071068D+00 -0.69214195312500D+05
 -0.28947243034876D+00 -0.78115862607956D+00  0.17753605544567D+00  0.15905629098415D+00 -0.73634578125000D+05
 -0.24811917544251D+00 -0.71460479497910D+00  0.16241016983986D+00  0.16303966939449D+00 -0.78072781250000D+05
 -0.20676593888293D+00 -0.65248835086823D+00  0.14829280972481D+00  0.16651262342930D+00 -0.82526867187500D+05
 -0.16541271972940D+00 -0.59461158514023D+00  0.13513898849487D+00  0.16953282058239D+00 -0.86994289062500D+05
 -0.12405951708951D+00 -0.54078197479248D+00  0.12290500104427D+00  0.17215147614479D+00 -0.91470523437500D+05
 -0.82706330116615D-01 -0.49081033468246D+00  0.11154779791832D+00  0.17441424727440D+00 -0.95946226562500D+05
 -0.41353158007464D-01 -0.44451224803925D+00  0.10102551430464D+00  0.17636176943779D+00 -0.10040393750000D+06
  0.00000000000000D+00 -0.40170162916183D+00  0.91295823454857D-01  0.17803101241589D+00 -0.10481863281250D+06
  0.41353158007464D-01 -0.36106917262077D+00  0.82061186432838D-01  0.19617299735546D+00 -0.10916281250000D+06
  0.82706330116615D-01 -0.32129192352295D+00  0.73020897805691D-01  0.21797865629196D+00 -0.11340957812500D+06
  0.12405951708951D+00 -0.28253954648972D+00  0.64213529229164D-01  0.24344538152218D+00 -0.11753268750000D+06
  0.16541271972940D+00 -0.24502043426037D+00  0.55686466395855D-01  0.27339032292366D+00 -0.12150533593750D+06
  0.20676593888293D+00 -0.20898640155792D+00  0.47496911138296D-01  0.30880531668663D+00 -0.12529784375000D+06
  0.24811917544250D+00 -0.17474493384361D+00  0.39714761078358D-01  0.35086378455162D+00 -0.12887581250000D+06
  0.28947243034875D+00 -0.14266684651375D+00  0.32424282282591D-01  0.40084400773048D+00 -0.13219917187500D+06
  0.33082570459313D+00 -0.11316203325987D+00  0.25718644261360D-01  0.45981958508492D+00 -0.13522229687500D+06
  0.37217899922069D+00 -0.86692474782467D-01  0.19702833145857D-01  0.52827632427216D+00 -0.13789628125000D+06
  0.41353231533292D+00 -0.63721761107445D-01  0.14482217840850D-01  0.60528188943863D+00 -0.14017478125000D+06
  0.45488565409087D+00 -0.44633880257607D-01  0.10144064202905D-01  0.68754136562347D+00 -0.14202434375000D+06
  0.49623901671831D+00 -0.29634019359946D-01  0.67350040189922D-02  0.76896476745605D+00 -0.14343792187500D+06
  0.53759240450515D+00 -0.18585180863738D-01  0.42239045724273D-02  0.84190130233765D+00 -0.14444496875000D+06
  0.57894581881099D+00 -0.10998065583408D-01  0.24995603598654D-02  0.90021127462387D+00 -0.14510967187500D+06
  0.62029926106893D+00 -0.61512622050941D-02  0.13980142539367D-02  0.94172030687332D+00 -0.14551595312500D+06
  0.66165273278949D+00 -0.32615454401821D-02  0.74126030085608D-03  0.96827155351639D+00 -0.14574698437500D+06
  0.70300623556482D+00 -0.16445362707600D-02  0.37375823012553D-03  0.98376387357712D+00 -0.14587014062500D+06
  0.74435977107310D+00 -0.79321413068101D-03  0.18027593614534D-03  0.99210977554321D+00 -0.14593220312500D+06
  0.78571334108322D+00 -0.36570942029357D-03  0.83115788584109D-04  0.99634927511215D+00 -0.14596206250000D+06
  0.82706694745962D+00 -0.16123329987749D-03  0.36643927160185D-04  0.99838805198669D+00 -0.14597584375000D+06
  0.86842059216753D+00 -0.67992223193869D-04  0.15452777006431D-04  0.99931985139847D+00 -0.14598200000000D+06
  0.90977427727834D+00 -0.27423526262282D-04  0.62326157603820D-05  0.99972563982010D+00 -0.14598475000000D+06
  0.95112800497540D+00 -0.10590908459562D-04  0.24070209292404D-05  0.99989408254623D+00 -0.14598601562500D+06
  0.99248177756001D+00 -0.39331675907306D-05  0.89389766344539D-06  0.99996066093445D+00 -0.14598668750000D+06
  0.10338355974579D+01 -0.13969263363833D-05  0.31747921980241D-06  0.99998605251312D+00 -0.14598710937500D+06
  0.10751894672257D+01 -0.47427869276362D-06  0.10778657610899D-06  0.99999523162842D+00 -0.14598745312500D+06
  0.11165433895584D+01 -0.15385592178063D-06  0.34963218098483D-07  0.99999845027924D+00 -0.14598776562500D+06
  0.11578973672966D+01 -0.47646310008531D-07  0.10824673601917D-07  0.99999952316284D+00 -0.14598806250000D+06
  0.11992514034341D+01 -0.14133156867047D-07  0.32080502698761D-08  0.99999988079071D+00 -0.14598834375000D+06
  0.12406055011270D+01 -0.39901353332539D-08  0.90282292752875D-09  0.99999994039536D+00 -0.14598864062500D+06
  0.12819596637013D+01 -0.10379150872097D-08  0.23187439468497D-09  0.10000000000000D+01 -0.14598893750000D+06
  0.13233138946633D+01 -0.21807593231227D-09  0.45560791250843D-10  0.10000000000000D+01 -0.14598923437500D+06
  0.13646681977084D+01 -0.92723571876174D-12 -0.37861198551314D-11  0.10000000000000D+01 -0.14598951562500D+06
  0.14060225767318D+01  0.34772150436790D-10 -0.10847443603079D-10  0.10000000000000D+01 -0.14598981250000D+06
  0.14473770358392D+01  0.81141881408398D-11 -0.24986642529340D-11  0.10000000000000D+01 -0.14599010937500D+06
  0.14887315793580D+01  0.19230519954228D-11 -0.55971557683804D-12  0.10000000000000D+01 -0.14599040625000D+06
  0.15300862118497D+01  0.54669842871474D-12 -0.12866715071863D-12  0.10000000000000D+01 -0.14599068750000D+06
  0.15714409381219D+01  0.25512832948701D-12 -0.37352831602517D-13  0.10000000000000D+01 -0.14599098437500D+06
  0.16127957632423D+01  0.18932076772168D-12 -0.18362630751882D-13  0.10000000000000D+01 -0.14599128125000D+06
  0.16541506925522D+01  0.36502708679071D-13 -0.34972226446017D-14  0.10000000000000D+01 -0.14599157812500D+06
  0.16955057316816D+01  0.63889509866388D-14 -0.60900779522990D-15  0.10000000000000D+01 -0.14599185937500D+06
  0.17368608865645D+01  0.10195041019083D-14 -0.94023350445302D-16  0.10000000000000D+01 -0.14599215625000D+06
  0.17782161634559D+01  0.10832501868621D-15 -0.66320276810332D-17  0.10000000000000D+01 -0.14599245312500D+06
  0.18195715689484D+01 -0.38834627599372D-16  0.74820752880300D-17  0.10000000000000D+01 -0.14599273437500D+06
  0.18609271099908D+01  0.35603246933481D-14 -0.62004098170303D-15  0.10000000000000D+01 -0.14599303125000D+06
  0.19022827939076D+01  0.81640559113430D-14 -0.14217943533938D-14  0.10000000000000D+01 -0.14599332812500D+06
  0.19436386284187D+01  0.12767804493513D-13 -0.22235508485185D-14  0.10000000000000D+01 -0.14599362500000D+06
  0.19849946216613D+01  0.17371571710409D-13 -0.30253098847420D-14  0.10000000000000D+01 -0.14599390625000D+06
  0.20263507822121D+01  0.21975355020930D-13 -0.38270723090974D-14  0.10000000000000D+01 -0.14599420312500D+06
  0.20677071191111D+01  0.26579158660242D-13 -0.46288385451010D-14  0.10000000000000D+01 -0.14599450000000D+06
  0.21090636418869D+01  0.31182982628344D-13 -0.54306085927529D-14  0.10000000000000D+01 -0.14599479687500D+06
  0.21504203605826D+01  0.35786830313370D-13 -0.62323816050200D-14  0.10000000000000D+01 -0.14599507812500D+06
  0.21917772857839D+01  0.40390698327186D-13 -0.70341592759684D-14  0.10000000000000D+01 -0.14599537500000D+06
  0.22331344286485D+01  0.44994593446056D-13 -0.78359407585651D-14  0.10000000000000D+01 -0.14599567187500D+06
  0.22744918009367D+01  0.49598519058112D-13 -0.86377268998430D-14  0.10000000000000D+01 -0.14599595312500D+06
  0.23158494150440D+01  0.54202458222696D-13 -0.94395172762856D-14  0.10000000000000D+01 -0.14599625000000D+06
  0.23572072840355D+01  0.58806434656729D-13 -0.10241312734926D-13  0.10000000000000D+01 -0.14599654687500D+06
  0.23985654216823D+01  0.63410444972080D-13 -0.11043114122797D-13  0.10000000000000D+01 -0.14599684375000D+06
  0.24399238424988D+01  0.68014482392485D-13 -0.11844920592865D-13  0.10000000000000D+01 -0.14599712500000D+06
  0.24812825617838D+01  0.72618546917945D-13 -0.12646732992165D-13  0.10000000000000D+01 -0.14599742187500D+06
  0.25226415956622D+01  0.77222645324723D-13 -0.13448550473662D-13  0.10000000000000D+01 -0.14599771875000D+06
  0.25640009611298D+01  0.81826791165345D-13 -0.14250377272521D-13  0.10000000000000D+01 -0.14599801562500D+06
  0.26053606761004D+01  0.86430970887286D-13 -0.15052207459512D-13  0.10000000000000D+01 -0.14599829687500D+06
  0.26467207594552D+01  0.91035191266808D-13 -0.15854047810899D-13  0.10000000000000D+01 -0.14599859375000D+06
  0.26880812310949D+01  0.95639452303911D-13 -0.16655891550417D-13  0.10000000000000D+01 -0.14599889062500D+06
  0.27294421119951D+01  0.10024376077486D-12 -0.17457745454330D-13  0.10000000000000D+01 -0.14599918750000D+06
  0.27708034242639D+01  0.10484812345592D-12 -0.18259607828574D-13  0.10000000000000D+01 -0.14599946875000D+06
  0.28121651912033D+01  0.10945253357082D-12 -0.19061478673146D-13  0.10000000000000D+01 -0.14599976562500D+06
  0.28535274373734D+01  0.11405701144836D-12 -0.19863361376180D-13  0.10000000000000D+01 -0.14600006250000D+06
  0.28948901886605D+01  0.11866150965469D-12 -0.20665250855477D-13  0.10000000000000D+01 -0.14600034375000D+06
  0.29362534723482D+01  0.12326608917618D-12 -0.21467153887302D-13  0.10000000000000D+01 -0.14600064062500D+06
  0.29776173171933D+01  0.12787072290778D-12 -0.22269062001324D-13  0.10000000000000D+01 -0.14600093750000D+06
  0.30189817535050D+01  0.13247543795454D-12 -0.23070987056006D-13  0.10000000000000D+01 -0.14600123437500D+06
  0.30603468132285D+01  0.13708020721141D-12 -0.23872922275082D-13  0.10000000000000D+01 -0.14600151562500D+06
  0.31017125300334D+01  0.14168505778345D-12 -0.24674869352620D-13  0.10000000000000D+01 -0.14600181250000D+06
  0.31430789394065D+01  0.14628997611812D-12 -0.25476831676751D-13  0.10000000000000D+01 -0.14600210937500D+06
  0.31844460787500D+01  0.15089500287301D-12 -0.26278807553409D-13  0.10000000000000D+01 -0.14600240625000D+06
  0.32258139874845D+01  0.15550011094306D-12 -0.27080795288528D-13  0.10000000000000D+01 -0.14600268750000D+06
  0.32671827071578D+01  0.16010525967069D-12 -0.27882803352438D-13  0.10000000000000D+01 -0.14600298437500D+06
  0.33085522815595D+01  0.16471055747612D-12 -0.28684824968876D-13  0.10000000000000D+01 -0.14600328125000D+06
  0.33499227568420D+01  0.16931592304419D-12 -0.29486863525972D-13  0.10000000000000D+01 -0.14600357812500D+06
  0.33912941816474D+01  0.17392139703247D-12 -0.30288922411859D-13  0.10000000000000D+01 -0.14600385937500D+06
  0.34326666072419D+01  0.17852699299350D-12 -0.31091001626536D-13  0.10000000000000D+01 -0.14600415625000D+06
  0.34740400876568D+01  0.18313273803233D-12 -0.31893101170005D-13  0.10000000000000D+01 -0.14600445312500D+06
  0.35154146798377D+01  0.18773855083379D-12 -0.32695221042264D-13  0.10000000000000D+01 -0.14600475000000D+06
  0.35567904438010D+01  0.19234451271305D-12 -0.33497361243313D-13  0.10000000000000D+01 -0.14600503125000D+06
  0.35981674427993D+01  0.19695062367011D-12 -0.34299528549418D-13  0.10000000000000D+01 -0.14600532812500D+06
  0.36395457434954D+01  0.20155687015244D-12 -0.35101719572444D-13  0.10000000000000D+01 -0.14600562500000D+06
  0.36809254161459D+01  0.20616326571257D-12 -0.35903937700525D-13  0.10000000000000D+01 -0.14600592187500D+06
  0.37223065347942D+01  0.21076985100808D-12 -0.36706186321792D-13  0.10000000000000D+01 -0.14600620312500D+06
  0.37636891774743D+01  0.21537658538139D-12 -0.37508462048114D-13  0.10000000000000D+01 -0.14600650000000D+06
  0.38050734264250D+01  0.21998346883250D-12 -0.38310768267621D-13  0.10000000000000D+01 -0.14600679687500D+06
  0.38464593683158D+01  0.22459056912404D-12 -0.39113108368447D-13  0.10000000000000D+01 -0.14600707812500D+06
  0.38878470944851D+01  0.22919789980855D-12 -0.39915482350590D-13  0.10000000000000D+01 -0.14600737500000D+06
  0.39292367011905D+01  0.23380537957085D-12 -0.40717900378446D-13  0.10000000000000D+01 -0.14600760937500D+06
  0.39706282898733D+01  0.23841310327864D-12 -0.41520345511357D-13  0.10000000000000D+01 -0.14600770312500D+06
  0.40120219674358D+01  0.24302107093192D-12 -0.42322831301849D-13  0.10000000000000D+01 -0.14600770312500D+06
  0.40534178465350D+01  0.24762928253069D-12 -0.43125371302450D-13  0.10000000000000D+01 -0.14600770312500D+06
  0.40948160458904D+01  0.25223773807495D-12 -0.43927941796237D-13  0.10000000000000D+01 -0.14600770312500D+06
  0.41362166906093D+01  0.25684646466975D-12 -0.44730569888265D-13  0.10000000000000D+01 -0.14600770312500D+06
  0.41776199125285D+01  0.26145551652521D-12 -0.45533248802269D-13  0.10000000000000D+01 -0.14600770312500D+06
  0.42190258505748D+01  0.26606481232615D-12 -0.46335975150118D-13  0.10000000000000D+01 -0.14600770312500D+06
  0.42604346511441D+01  0.27067448759785D-12 -0.47138752319945D-13  0.10000000000000D+01 -0.14600770312500D+06
  0.43018464685008D+01  0.27528446102515D-12 -0.47941597252407D-13  0.10000000000000D+01 -0.14600770312500D+06
  0.43432614651986D+01  0.27989478681816D-12 -0.48744503171241D-13  0.10000000000000D+01 -0.14600770312500D+06
  0.43846798125226D+01  0.28450549208192D-12 -0.49547466688315D-13  0.10000000000000D+01 -0.14600770312500D+06
  0.44261016909559D+01  0.28911660392150D-12 -0.50350504744289D-13  0.10000000000000D+01 -0.14600770312500D+06
  0.44675272906697D+01  0.29372809523184D-12 -0.51153617339162D-13  0.10000000000000D+01 -0.14600770312500D+06
  0.45089568120400D+01  0.29834007443316D-12 -0.51956797696671D-13  0.10000000000000D+01 -0.14600770312500D+06
  0.45503904661909D+01  0.30295248731535D-12 -0.52760062757475D-13  0.10000000000000D+01 -0.14600770312500D+06
  0.45918284755666D+01  0.30756536098346D-12 -0.53563409133442D-13  0.10000000000000D+01 -0.14600770312500D+06
  0.46332710745333D+01  0.31217877675266D-12 -0.54366850377099D-13  0.10000000000000D+01 -0.14600770312500D+06
  0.46747185100124D+01  0.31679270751789D-12 -0.55170379712182D-13  0.10000000000000D+01 -0.14600770312500D+06
  0.47161710421470D+01  0.32140726169937D-12 -0.55974010691219D-13  0.10000000000000D+01 -0.14600770312500D+06
  0.47576289450029D+01  0.32602235798193D-12 -0.56777753478605D-13  0.10000000000000D+01 -0.14600770312500D+06
  0.47990925073059D+01  0.33063807768074D-12 -0.57581591133681D-13  0.10000000000000D+01 -0.14600770312500D+06
  0.48405620332174D+01  0.33525447500592D-12 -0.58385554149634D-13  0.10000000000000D+01 -0.14600770312500D+06
  0.48820378431503D+01  0.33987157706250D-12 -0.59189632362067D-13  0.10000000000000D+01 -0.14600770312500D+06
  0.49235202746264D+01  0.34448949227071D-12 -0.59993852876035D-13  0.10000000000000D+01 -0.14600770312500D+06
  0.49650096831787D+01  0.34910805800023D-12 -0.60798195362748D-13  0.10000000000000D+01 -0.14600770312500D+06
  0.50065064432991D+01  0.35372754530159D-12 -0.61602680150995D-13  0.10000000000000D+01 -0.14600770312500D+06
  0.50480109494351D+01  0.35834779154448D-12 -0.62407320793306D-13  0.10000000000000D+01 -0.14600770312500D+06
  0.50895236170371D+01  0.36296898646426D-12 -0.63212117289678D-13  0.10000000000000D+01 -0.14600770312500D+06
  0.51310448836590D+01  0.36759115716600D-12 -0.64017083192640D-13  0.10000000000000D+01 -0.14600770312500D+06
  0.51725752101145D+01  0.37221435785981D-12 -0.64822218502191D-13  0.10000000000000D+01 -0.14600770312500D+06
  0.52141150816912D+01  0.37683861565073D-12 -0.65627543547123D-13  0.10000000000000D+01 -0.14600770312500D+06
  0.52556650094267D+01  0.38146390343372D-12 -0.66433065103698D-13  0.10000000000000D+01 -0.14600770312500D+06
  0.52972255314475D+01  0.38609043804920D-12 -0.67238789948180D-13  0.10000000000000D+01 -0.14600770312500D+06
  0.53387972143751D+01  0.39071821949718D-12 -0.68044731633098D-13  0.10000000000000D+01 -0.14600770312500D+06
  0.53803806548014D+01  0.39534732909283D-12 -0.68850896934713D-13  0.10000000000000D+01 -0.14600770312500D+06
  0.54219764808376D+01  0.39997776683613D-12 -0.69657306181817D-13  0.10000000000000D+01 -0.14600770312500D+06
  0.54635853537379D+01  0.40460969535742D-12 -0.70463966150673D-13  0.10000000000000D+01 -0.14600770312500D+06
  0.55052079696033D+01  0.40924314176176D-12 -0.71270890393809D-13  0.10000000000000D+01 -0.14600770312500D+06
  0.55468450611675D+01  0.41387821446935D-12 -0.72078099240015D-13  0.10000000000000D+01 -0.14600770312500D+06
  0.55884973996691D+01  0.41851494058526D-12 -0.72885613018082D-13  0.10000000000000D+01 -0.14600770312500D+06
  0.56301657968126D+01  0.42315348273980D-12 -0.73693424951747D-13  0.10000000000000D+01 -0.14600770312500D+06
  0.56718511068235D+01  0.42779394935320D-12 -0.74501568922327D-13  0.10000000000000D+01 -0.14600770312500D+06
  0.57135542285994D+01  0.43243631332041D-12 -0.75310058482349D-13  0.10000000000000D+01 -0.14600770312500D+06
  0.57552761079616D+01  0.43708081858690D-12 -0.76118907184342D-13  0.10000000000000D+01 -0.14600770312500D+06
  0.57970177400114D+01  0.44172754646785D-12 -0.76928142133358D-13  0.10000000000000D+01 -0.14600770312500D+06
  0.58387801715936D+01  0.44637652406830D-12 -0.77737783658188D-13  0.10000000000000D+01 -0.14600770312500D+06
  0.58805645038728D+01  0.45102796822870D-12 -0.78547845311361D-13  0.10000000000000D+01 -0.14600770312500D+06
  0.59223718950239D+01  0.45568204157936D-12 -0.79358360974193D-13  0.10000000000000D+01 -0.14600770312500D+06
  0.59642035630434D+01  0.46033868991019D-12 -0.80169344199212D-13  0.10000000000000D+01 -0.14600770312500D+06
  0.60060607886825D+01  0.46499826558688D-12 -0.80980815315209D-13  0.10000000000000D+01 -0.14600770312500D+06
  0.60479449185074D+01  0.46966087702965D-12 -0.81792828532292D-13  0.10000000000000D+01 -0.14600770312500D+06
  0.60898573680901D+01  0.47432652423851D-12 -0.82605356745407D-13  0.10000000000000D+01 -0.14600770312500D+06
  0.61317996253322D+01  0.47899564089432D-12 -0.83418488045980D-13  0.10000000000000D+01 -0.14600770312500D+06
  0.61737732539257D+01  0.48366811857686D-12 -0.84232229210276D-13  0.10000000000000D+01 -0.14600770312500D+06
  0.62157798969536D+01  0.48834428254679D-12 -0.85046593790820D-13  0.10000000000000D+01 -0.14600770312500D+06
  0.62578212806332D+01  0.49302434964454D-12 -0.85861642773986D-13  0.10000000000000D+01 -0.14600770312500D+06
  0.62998992182041D+01  0.49770853671055D-12 -0.86677396488564D-13  0.10000000000000D+01 -0.14600770312500D+06
  0.63420156139631D+01  0.50239689795492D-12 -0.87493895592136D-13  0.10000000000000D+01 -0.14600770312500D+06
  0.63841724674474D+01  0.50708981284842D-12 -0.88311180742283D-13  0.10000000000000D+01 -0.14600770312500D+06
  0.64263718777679D+01  0.51178755244158D-12 -0.89129299372850D-13  0.10000000000000D+01 -0.14600770312500D+06
  0.64686160480918D+01  0.51649017094452D-12 -0.89948271812627D-13  0.10000000000000D+01 -0.14600770312500D+06
  0.65109072902755D+01  0.52119799361788D-12 -0.90768159047988D-13  0.10000000000000D+01 -0.14600770312500D+06
  0.65532480296456D+01  0.52591145414255D-12 -0.91589008512777D-13  0.10000000000000D+01 -0.14600770312500D+06
  0.65956408099276D+01  0.53063055251851D-12 -0.92410874417102D-13  0.10000000000000D+01 -0.14600770312500D+06
  0.66380882983171D+01  0.53535583084685D-12 -0.93233790642282D-13  0.10000000000000D+01 -0.14600770312500D+06
  0.66805932906925D+01  0.54008750596801D-12 -0.94057831727216D-13  0.10000000000000D+01 -0.14600770312500D+06
  0.67231587169614D+01  0.54482590314264D-12 -0.94883031553222D-13  0.10000000000000D+01 -0.14600770312500D+06
  0.67657876465350D+01  0.54957134763139D-12 -0.95709464659199D-13  0.10000000000000D+01 -0.14600770312500D+06
  0.68084832939227D+01  0.55432427311514D-12 -0.96537198807783D-13  0.10000000000000D+01 -0.14600770312500D+06
  0.68512490244366D+01  0.55908500485452D-12 -0.97366288209083D-13  0.10000000000000D+01 -0.14600770312500D+06
  0.68940883599944D+01  0.56385386811020D-12 -0.98196807401998D-13  0.10000000000000D+01 -0.14600770312500D+06
  0.69370049850064D+01  0.56863140498326D-12 -0.99028824149163D-13  0.10000000000000D+01 -0.14600770312500D+06
  0.69800027523317D+01  0.57341794073434D-12 -0.99862412989479D-13  0.10000000000000D+01 -0.14600770312500D+06
  0.70230856892843D+01  0.57821390904433D-12 -0.10069764846184D-12  0.10000000000000D+01 -0.14600770312500D+06
  0.70662580036688D+01  0.58301985201431D-12 -0.10153463221021D-12  0.10000000000000D+01 -0.14600770312500D+06
  0.71095240898212D+01  0.58783631174536D-12 -0.10237342522096D-12  0.10000000000000D+01 -0.14600770312500D+06
  0.71528885346295D+01  0.59266361349813D-12 -0.10321411558550D-12  0.10000000000000D+01 -0.14600770312500D+06
  0.71963561235019D+01  0.59750240779394D-12 -0.10405681172406D-12  0.10000000000000D+01 -0.14600770312500D+06
  0.72399318462515D+01  0.60235334515407D-12 -0.10490159495181D-12  0.10000000000000D+01 -0.14600770312500D+06
  0.72836209028593D+01  0.60721685925941D-12 -0.10574860079401D-12  0.10000000000000D+01 -0.14600770312500D+06
  0.73274287090744D+01  0.61209349221103D-12 -0.10659787668451D-12  0.10000000000000D+01 -0.14600770312500D+06
  0.73713609018083D+01  0.61698405716057D-12 -0.10744957847737D-12  0.10000000000000D+01 -0.14600770312500D+06
  0.74154233442722D+01  0.62188915041922D-12 -0.10830381459281D-12  0.10000000000000D+01 -0.14600770312500D+06
  0.74596221308062D+01  0.62680931408807D-12 -0.10916069345104D-12  0.10000000000000D+01 -0.14600770312500D+06
  0.75039635913413D+01  0.63174541552885D-12 -0.11002032347229D-12  0.10000000000000D+01 -0.14600770312500D+06
  0.75484542954338D+01  0.63669815947298D-12 -0.11088284695808D-12  0.10000000000000D+01 -0.14600770312500D+06
  0.75931010558044D+01  0.64166830486198D-12 -0.11174841298622D-12  0.10000000000000D+01 -0.14600770312500D+06
  0.76379109313121D+01  0.64665650221715D-12 -0.11261712997692D-12  0.10000000000000D+01 -0.14600770312500D+06
  0.76828912292873D+01  0.65166378153056D-12 -0.11348915378425D-12  0.10000000000000D+01 -0.14600770312500D+06
  0.77280495071457D+01  0.65669073911340D-12 -0.11436462670975D-12  0.10000000000000D+01 -0.14600770312500D+06
  0.77733935731991D+01  0.66173845916784D-12 -0.11524369783120D-12  0.10000000000000D+01 -0.14600770312500D+06
  0.78189314865765D+01  0.66680775484551D-12 -0.11612653655520D-12  0.10000000000000D+01 -0.14600770312500D+06
  0.78646715561675D+01  0.67189954771826D-12 -0.11701327840702D-12  0.10000000000000D+01 -0.14600770312500D+06
  0.79106223384925D+01  0.67701481356805D-12 -0.11790414022710D-12  0.10000000000000D+01 -0.14600770312500D+06
  0.79567926344100D+01  0.68215458238693D-12 -0.11879921688312D-12  0.10000000000000D+01 -0.14600770312500D+06
  0.80031914845616D+01  0.68731972153666D-12 -0.11969873876805D-12  0.10000000000000D+01 -0.14600770312500D+06
  0.80498281634633D+01  0.69251131521939D-12 -0.12060288206474D-12  0.10000000000000D+01 -0.14600770312500D+06
  0.80967121721465D+01  0.69773044763730D-12 -0.12151179585099D-12  0.10000000000000D+01 -0.14600770312500D+06
  0.81438532292584D+01  0.70297820299256D-12 -0.12242571051976D-12  0.10000000000000D+01 -0.14600770312500D+06
  0.81912612605330D+01  0.70825566548735D-12 -0.12334480225390D-12  0.10000000000000D+01 -0.14600770312500D+06
  0.82389463865501D+01  0.71356397353395D-12 -0.12426927434132D-12  0.10000000000000D+01 -0.14600770312500D+06
  0.82869189087063D+01  0.71890431975474D-12 -0.12519930296488D-12  0.10000000000000D+01 -0.14600770312500D+06
  0.83351892933308D+01  0.72427778835191D-12 -0.12613510496501D-12  0.10000000000000D+01 -0.14600770312500D+06
  0.83837681538883D+01  0.72968562615794D-12 -0.12707689718214D-12  0.10000000000000D+01 -0.14600770312500D+06
  0.84326662312264D+01  0.73512897158512D-12 -0.12802486935165D-12  0.10000000000000D+01 -0.14600770312500D+06
  0.84818943718363D+01  0.74060912567606D-12 -0.12897923831398D-12  0.10000000000000D+01 -0.14600770312500D+06
  0.85314635041150D+01  0.74612711842281D-12 -0.12994024801462D-12  0.10000000000000D+01 -0.14600770312500D+06
  0.85813846126334D+01  0.75168446770843D-12 -0.13090803397883D-12  0.10000000000000D+01 -0.14600770312500D+06
  0.86316687104380D+01  0.75728198668454D-12 -0.13188288080970D-12  0.10000000000000D+01 -0.14600770312500D+06
  0.86823268094345D+01  0.76292130165440D-12 -0.13286499179511D-12  0.10000000000000D+01 -0.14600770312500D+06
  0.87333698889251D+01  0.76860344261007D-12 -0.13385454311794D-12  0.10000000000000D+01 -0.14600770312500D+06
  0.87848088624010D+01  0.77432960217394D-12 -0.13485179227619D-12  0.10000000000000D+01 -0.14600770312500D+06
  0.88366545427116D+01  0.78010113559873D-12 -0.13585690190020D-12  0.10000000000000D+01 -0.14600770312500D+06
  0.88889176057674D+01  0.78591907287651D-12 -0.13687011593544D-12  0.10000000000000D+01 -0.14600770312500D+06
  0.89416085529532D+01  0.79178460662965D-12 -0.13789162411730D-12  0.10000000000000D+01 -0.14600770312500D+06
  0.89947376724639D+01  0.79769903790078D-12 -0.13892161618116D-12  0.10000000000000D+01 -0.14600770312500D+06
  0.90483149997949D+01  0.80366328826173D-12 -0.13996030896746D-12  0.10000000000000D+01 -0.14600770312500D+06
  0.91023502776511D+01  0.80967844191468D-12 -0.14100789221157D-12  0.10000000000000D+01 -0.14600770312500D+06
  0.91568529155583D+01  0.81574579990223D-12 -0.14206451499129D-12  0.10000000000000D+01 -0.14600770312500D+06
  0.92118319494835D+01  0.82186601274570D-12 -0.14313038059453D-12  0.10000000000000D+01 -0.14600770312500D+06
  0.92672960017901D+01  0.82804027306746D-12 -0.14420565165162D-12  0.10000000000000D+01 -0.14600770312500D+06
  0.93232532418674D+01  0.83426944822926D-12 -0.14529049079288D-12  0.10000000000000D+01 -0.14600770312500D+06
  0.93797113477841D+01  0.84055440559283D-12 -0.14638501999106D-12  0.10000000000000D+01 -0.14600770312500D+06
  0.94366774693223D+01  0.84689590409970D-12 -0.14748941542901D-12  0.10000000000000D+01 -0.14600770312500D+06
  0.94941581927485D+01  0.85329475690149D-12 -0.14860377197442D-12  0.10000000000000D+01 -0.14600770312500D+06
  0.95521595076726D+01  0.85975139767908D-12 -0.14972823870509D-12  0.10000000000000D+01 -0.14600770312500D+06
  0.96106867763364D+01  0.86626669379419D-12 -0.15086288338365D-12  0.10000000000000D+01 -0.14600770312500D+06
  0.96697447056556D+01  0.87284102471760D-12 -0.15200782798284D-12  0.10000000000000D+01 -0.14600770312500D+06
  0.97293373223187D+01  0.87947504097061D-12 -0.15316315381785D-12  0.10000000000000D+01 -0.14600770312500D+06
  0.97894679512158D+01  0.88616868834310D-12 -0.15432888799370D-12  0.10000000000000D+01 -0.14600770312500D+06
  0.98501391974426D+01  0.89292261735638D-12 -0.15550509827305D-12  0.10000000000000D+01 -0.14600770312500D+06
  0.99113529320819D+01  0.89973704485088D-12 -0.15669186597105D-12  0.10000000000000D+01 -0.14600770312500D+06
  0.99731102819273D+01  0.90661180819629D-12 -0.15788910977255D-12  0.10000000000000D+01 -0.14600770312500D+06
  0.10035411623270D+02  0.91354723265324D-12 -0.15909695165028D-12  0.10000000000000D+01 -0.14600770312500D+06
  0.10098256579819D+02  0.92054315559142D-12 -0.16031531028908D-12  0.10000000000000D+01 -0.14600770312500D+06
  0.10161644024780D+02  0.92759946859061D-12 -0.16154417213643D-12  0.10000000000000D+01 -0.14600770312500D+06
  0.10225572087071D+02  0.93471606323059D-12 -0.16278352363980D-12  0.10000000000000D+01 -0.14600770312500D+06
  0.10290038161596D+02  0.94189239741027D-12 -0.16403332414160D-12  0.10000000000000D+01 -0.14600770312500D+06
  0.10355038923465D+02  0.94912825428922D-12 -0.16529349232668D-12  0.10000000000000D+01 -0.14600770312500D+06
  0.10420570345989D+02  0.95642320018657D-12 -0.16656391977482D-12  0.10000000000000D+01 -0.14600770312500D+06
  0.10486627722253D+02  0.96377680142146D-12 -0.16784455227591D-12  0.10000000000000D+01 -0.14600770312500D+06
  0.10553205690015D+02  0.97118829905235D-12 -0.16913529496225D-12  0.10000000000000D+01 -0.14600770312500D+06
  0.10620298259665D+02  0.97865704255795D-12 -0.17043601230858D-12  0.10000000000000D+01 -0.14600770312500D+06
  0.10687898844937D+02  0.98618238141696D-12 -0.17174655523710D-12  0.10000000000000D+01 -0.14600770312500D+06
  0.10756000296047D+02  0.99376344826763D-12 -0.17306682888012D-12  0.10000000000000D+01 -0.14600770312500D+06
  0.10824594934929D+02  0.10013994841684D-11 -0.17439667060731D-12  0.10000000000000D+01 -0.14600770312500D+06
  0.10893674592192D+02  0.10090894049172D-11 -0.17573587713076D-12  0.10000000000000D+01 -0.14600770312500D+06
  0.10963230645473D+02  0.10168324515725D-11 -0.17708435358279D-12  0.10000000000000D+01 -0.14600770312500D+06
  0.11033254058805D+02  0.10246274315118D-11 -0.17844188312296D-12  0.10000000000000D+01 -0.14600770312500D+06
  0.11103735422662D+02  0.10324734773734D-11 -0.17980828956841D-12  0.10000000000000D+01 -0.14600770312500D+06
  0.11174664994339D+02  0.10403693965350D-11 -0.18118338318378D-12  0.10000000000000D+01 -0.14600770312500D+06
  0.11246032738342D+02  0.10483141047943D-11 -0.18256700133872D-12  0.10000000000000D+01 -0.14600770312500D+06
  0.11317828366474D+02  0.10563064095290D-11 -0.18395885943018D-12  0.10000000000000D+01 -0.14600770312500D+06
  0.11390041377351D+02  0.10643451181166D-11 -0.18535883548540D-12  0.10000000000000D+01 -0.14600770312500D+06
  0.11462661095064D+02  0.10724292547754D-11 -0.18676669911143D-12  0.10000000000000D+01 -0.14600770312500D+06
  0.11535676706761D+02  0.10805573016220D-11 -0.18818223346782D-12  0.10000000000000D+01 -0.14600770312500D+06
  0.11609077298953D+02  0.10887282828748D-11 -0.18960524881921D-12  0.10000000000000D+01 -0.14600770312500D+06
  0.11682851892336D+02  0.10969408974909D-11 -0.19103548766757D-12  0.10000000000000D+01 -0.14600770312500D+06
  0.11756989475006D+02  0.11051939528481D-11 -0.19247277383005D-12  0.10000000000000D+01 -0.14600770312500D+06
  0.11831479033915D+02  0.11134862563239D-11 -0.19391690401875D-12  0.10000000000000D+01 -0.14600770312500D+06
  0.11906309584494D+02  0.11218163984555D-11 -0.19536763428817D-12  0.10000000000000D+01 -0.14600770312500D+06
  0.11981470198344D+02  0.11301834034610D-11 -0.19682473424536D-12  0.10000000000000D+01 -0.14600770312500D+06
  0.12056950028974D+02  0.11385856450372D-11 -0.19828804125998D-12  0.10000000000000D+01 -0.14600770312500D+06
  0.12132738335538D+02  0.11470224726626D-11 -0.19975735204413D-12  0.10000000000000D+01 -0.14600770312500D+06
  0.12208824504570D+02  0.11554925852947D-11 -0.20123240909980D-12  0.10000000000000D+01 -0.14600770312500D+06
  0.12285198069741D+02  0.11639944650504D-11 -0.20271303624413D-12  0.10000000000000D+01 -0.14600770312500D+06
  0.12361848729654D+02  0.11725271361479D-11 -0.20419904374173D-12  0.10000000000000D+01 -0.14600770312500D+06
  0.12438766363731D+02  0.11810897312253D-11 -0.20569022830472D-12  0.10000000000000D+01 -0.14600770312500D+06
  0.12515941046235D+02  0.11896807323997D-11 -0.20718641375022D-12  0.10000000000000D+01 -0.14600770312500D+06
  0.12593363058522D+02  0.11982994891496D-11 -0.20868738323781D-12  0.10000000000000D+01 -0.14600770312500D+06
  0.12671022899558D+02  0.12069444835922D-11 -0.21019294703210D-12  0.10000000000000D+01 -0.14600770312500D+06
  0.12748911294829D+02  0.12156150652060D-11 -0.21170294250278D-12  0.10000000000000D+01 -0.14600770312500D+06
  0.12827019203692D+02  0.12243101497889D-11 -0.21321719346698D-12  0.10000000000000D+01 -0.14600770312500D+06
  0.12905337825289D+02  0.12330287615589D-11 -0.21473555084691D-12  0.10000000000000D+01 -0.14600770312500D+06
  0.12983858603100D+02  0.12417694910533D-11 -0.21625782490719D-12  0.10000000000000D+01 -0.14600770312500D+06
  0.13062573228235D+02  0.12505321214315D-11 -0.21778383946496D-12  0.10000000000000D+01 -0.14600770312500D+06
  0.13141473641564D+02  0.12593153516510D-11 -0.21931347254749D-12  0.10000000000000D+01 -0.14600770312500D+06
  0.13220552034777D+02  0.12681183143501D-11 -0.22084653441938D-12  0.10000000000000D+01 -0.14600770312500D+06
  0.13299800850458D+02  0.12769403590074D-11 -0.22238291666043D-12  0.10000000000000D+01 -0.14600770312500D+06
  0.13379212781275D+02  0.12857805098410D-11 -0.22392248374536D-12  0.10000000000000D+01 -0.14600770312500D+06
  0.13458780768371D+02  0.12946380079093D-11 -0.22546501883373D-12  0.10000000000000D+01 -0.14600770312500D+06
  0.13538497999024D+02  0.13035123111113D-11 -0.22701050837303D-12  0.10000000000000D+01 -0.14600770312500D+06
  0.13618357903678D+02  0.13124022268246D-11 -0.22855870841776D-12  0.10000000000000D+01 -0.14600770312500D+06
  0.13698354152402D+02  0.13213074297885D-11 -0.23010960541539D-12  0.10000000000000D+01 -0.14600770312500D+06
  0.13778480650856D+02  0.13302271610616D-11 -0.23166296897296D-12  0.10000000000000D+01 -0.14600770312500D+06
  0.13858731535829D+02  0.13391608785426D-11 -0.23321877198543D-12  0.10000000000000D+01 -0.14600770312500D+06
  0.13939101170410D+02  0.13481077148700D-11 -0.23477687892751D-12  0.10000000000000D+01 -0.14600770312500D+06
  0.14019584138848D+02  0.13570670195223D-11 -0.23633718137898D-12  0.10000000000000D+01 -0.14600770312500D+06
  0.14100175241164D+02  0.13660383588188D-11 -0.23789959802470D-12  0.10000000000000D+01 -0.14600770312500D+06
  0.14180869487544D+02  0.13750214074987D-11 -0.23946399333938D-12  0.10000000000000D+01 -0.14600770312500D+06
  0.14261662092579D+02  0.13840150813599D-11 -0.24103028600786D-12  0.10000000000000D+01 -0.14600770312500D+06
  0.14342548469383D+02  0.13930197056630D-11 -0.24259842182003D-12  0.10000000000000D+01 -0.14600770312500D+06
  0.14423524223619D+02  0.14020336541049D-11 -0.24416829235568D-12  0.10000000000000D+01 -0.14600770312500D+06
  0.14504585147481D+02  0.14110574687864D-11 -0.24573978919459D-12  0.10000000000000D+01 -0.14600770312500D+06
  0.14585727213658D+02  0.14200901739259D-11 -0.24731288523171D-12  0.10000000000000D+01 -0.14600770312500D+06
  0.14666946569288D+02  0.14291315526826D-11 -0.24888744494175D-12  0.10000000000000D+01 -0.14600770312500D+06
  0.14748239529962D+02  0.14381811713760D-11 -0.25046346832473D-12  0.10000000000000D+01 -0.14600770312500D+06
  0.14829602573762D+02  0.14472384879047D-11 -0.25204084696043D-12  0.10000000000000D+01 -0.14600770312500D+06
  0.14911032335377D+02  0.14563032854284D-11 -0.25361949953367D-12  0.10000000000000D+01 -0.14600770312500D+06
  0.14992525600296D+02  0.14653751302662D-11 -0.25519937183437D-12  0.10000000000000D+01 -0.14600770312500D+06
  0.15074079299109D+02  0.14744536971575D-11 -0.25678043675745D-12  0.10000000000000D+01 -0.14600770312500D+06
  0.15155690501908D+02  0.14835387692619D-11 -0.25836261298776D-12  0.10000000000000D+01 -0.14600770312500D+06
  0.15237356412814D+02  0.14926298044782D-11 -0.25994587342024D-12  0.10000000000000D+01 -0.14600770312500D+06
  0.15319074364632D+02  0.15017266943862D-11 -0.26153010963467D-12  0.10000000000000D+01 -0.14600770312500D+06
  0.15400841813636D+02  0.15108291137253D-11 -0.26311532163106D-12  0.10000000000000D+01 -0.14600770312500D+06
  0.15482656334500D+02  0.15199367372348D-11 -0.26470142809425D-12  0.10000000000000D+01 -0.14600770312500D+06
  0.15564515615368D+02  0.15290493480744D-11 -0.26628845612928D-12  0.10000000000000D+01 -0.14600770312500D+06
  0.15646417453072D+02  0.15381666209832D-11 -0.26787627021088D-12  0.10000000000000D+01 -0.14600770312500D+06
  0.15728359748501D+02  0.15472886643816D-11 -0.26946484323401D-12  0.10000000000000D+01 -0.14600770312500D+06
  0.15810340502118D+02  0.15564146109079D-11 -0.27105417519865D-12  0.10000000000000D+01 -0.14600770312500D+06
  0.15892357809627D+02  0.15655448942428D-11 -0.27264426610482D-12  0.10000000000000D+01 -0.14600770312500D+06
  0.15974409857787D+02  0.15746790807056D-11 -0.27423495332218D-12  0.10000000000000D+01 -0.14600770312500D+06
  0.16056494920381D+02  0.15838167366153D-11 -0.27582631816590D-12  0.10000000000000D+01 -0.14600770312500D+06
  0.16138611354327D+02  0.15929578619719D-11 -0.27741827932082D-12  0.10000000000000D+01 -0.14600770312500D+06
  0.16220757595933D+02  0.16021024567756D-11 -0.27901083678693D-12  0.10000000000000D+01 -0.14600770312500D+06
  0.16302932157296D+02  0.16112500873453D-11 -0.28060393635412D-12  0.10000000000000D+01 -0.14600770312500D+06
  0.16385133622845D+02  0.16204008621012D-11 -0.28219755091735D-12  0.10000000000000D+01 -0.14600770312500D+06
  0.16467360646014D+02  0.16295544557829D-11 -0.28379170758167D-12  0.10000000000000D+01 -0.14600770312500D+06
  0.16549611946051D+02  0.16387106515497D-11 -0.28538627082179D-12  0.10000000000000D+01 -0.14600770312500D+06
  0.16631886304960D+02  0.16478696662423D-11 -0.28698132195290D-12  0.10000000000000D+01 -0.14600770312500D+06
  0.16714182564566D+02  0.16570307409189D-11 -0.28857675255477D-12  0.10000000000000D+01 -0.14600770312500D+06
  0.16796499623704D+02  0.16661944176807D-11 -0.29017261683750D-12  0.10000000000000D+01 -0.14600770312500D+06
  0.16878836435530D+02  0.16753601544267D-11 -0.29176886059100D-12  0.10000000000000D+01 -0.14600770312500D+06
  0.16961192004942D+02  0.16845278427366D-11 -0.29336548381526D-12  0.10000000000000D+01 -0.14600770312500D+06
  0.17043565386119D+02  0.16936976994508D-11 -0.29496245940522D-12  0.10000000000000D+01 -0.14600770312500D+06
  0.17125955680164D+02  0.17028693993087D-11 -0.29655970604572D-12  0.10000000000000D+01 -0.14600770312500D+06
  0.17208362032850D+02  0.17120431591508D-11 -0.29815730505194D-12  0.10000000000000D+01 -0.14600770312500D+06
  0.17290783632474D+02  0.17212181116152D-11 -0.29975520221374D-12  0.10000000000000D+01 -0.14600770312500D+06
  0.17373219707797D+02  0.17303951240638D-11 -0.30135339753115D-12  0.10000000000000D+01 -0.14600770312500D+06
  0.17455669526085D+02  0.17395733291348D-11 -0.30295183679405D-12  0.10000000000000D+01 -0.14600770312500D+06
  0.17538132391237D+02  0.17487533773494D-11 -0.30455052000243D-12  0.10000000000000D+01 -0.14600770312500D+06
  0.17620607641999D+02  0.17579344013460D-11 -0.30614942005125D-12  0.10000000000000D+01 -0.14600770312500D+06
  0.17703094650259D+02  0.17671168348055D-11 -0.30774856404556D-12  0.10000000000000D+01 -0.14600770312500D+06
  0.17785592819426D+02  0.17763007861479D-11 -0.30934797909041D-12  0.10000000000000D+01 -0.14600770312500D+06
  0.17868101582879D+02  0.17854853880117D-11 -0.31094752966053D-12  0.10000000000000D+01 -0.14600770312500D+06
  0.17950620402490D+02  0.17946715077585D-11 -0.31254729707109D-12  0.10000000000000D+01 -0.14600770312500D+06
  0.18033148767223D+02  0.18038586032873D-11 -0.31414725421702D-12  0.10000000000000D+01 -0.14600770312500D+06
  0.18115686191789D+02  0.18130466745980D-11 -0.31574740109834D-12  0.10000000000000D+01 -0.14600770312500D+06
  0.18198232215375D+02  0.18222357216907D-11 -0.31734768350493D-12  0.10000000000000D+01 -0.14600770312500D+06
  0.18280786400427D+02  0.18314256361451D-11 -0.31894815564690D-12  0.10000000000000D+01 -0.14600770312500D+06
  0.18363348331495D+02  0.18406166348017D-11 -0.32054879041919D-12  0.10000000000000D+01 -0.14600770312500D+06
  0.18445917614131D+02  0.18498080671392D-11 -0.32214950650665D-12  0.10000000000000D+01 -0.14600770312500D+06
  0.18528493873843D+02  0.18590005836788D-11 -0.32375043943454D-12  0.10000000000000D+01 -0.14600770312500D+06
  0.18611076755098D+02  0.18681937507398D-11 -0.32535145367760D-12  0.10000000000000D+01 -0.14600770312500D+06
  0.18693665920375D+02  0.18773875683220D-11 -0.32695254923581D-12  0.10000000000000D+01 -0.14600770312500D+06
  0.18776261049260D+02  0.18865820364256D-11 -0.32855380742436D-12  0.10000000000000D+01 -0.14600770312500D+06
  0.18858861837592D+02  0.18957773718908D-11 -0.33015517403312D-12  0.10000000000000D+01 -0.14600770312500D+06
  0.18941467996646D+02  0.19049731410370D-11 -0.33175664906210D-12  0.10000000000000D+01 -0.14600770312500D+06
  0.19024079252355D+02  0.19141693438640D-11 -0.33335820540624D-12  0.10000000000000D+01 -0.14600770312500D+06
  0.19106695344576D+02  0.19233664140528D-11 -0.33495987017060D-12  0.10000000000000D+01 -0.14600770312500D+06
  0.19189316026388D+02  0.19325634842415D-11 -0.33656161625012D-12  0.10000000000000D+01 -0.14600770312500D+06
  0.19271941063426D+02  0.19417614217920D-11 -0.33816347074986D-12  0.10000000000000D+01 -0.14600770312500D+06
  0.19354570233244D+02  0.19509597930234D-11 -0.33976540656476D-12  0.10000000000000D+01 -0.14600770312500D+06
  0.19437203324718D+02  0.19601583810952D-11 -0.34136734237966D-12  0.10000000000000D+01 -0.14600770312500D+06
  0.19519840137473D+02  0.19693576196883D-11 -0.34296944082489D-12  0.10000000000000D+01 -0.14600770312500D+06
  0.19602480481337D+02  0.19785570751218D-11 -0.34457153927012D-12  0.10000000000000D+01 -0.14600770312500D+06
  0.19685124175827D+02  0.19877571810767D-11 -0.34617377324062D-12  0.10000000000000D+01 -0.14600770312500D+06
  0.19767771049658D+02  0.19969572870315D-11 -0.34777600721111D-12  0.10000000000000D+01 -0.14600770312500D+06
  0.19850420940277D+02  0.20061580435077D-11 -0.34937829539172D-12  0.10000000000000D+01 -0.14600770312500D+06
  0.19933073693419D+02  0.20153590168243D-11 -0.35098069199255D-12  0.10000000000000D+01 -0.14600770312500D+06
  0.20015729162688D+02  0.20245602069813D-11 -0.35258308859337D-12  0.10000000000000D+01 -0.14600770312500D+06
  0.20098387209157D+02  0.20337616139787D-11 -0.35418559361441D-12  0.10000000000000D+01 -0.14600770312500D+06
  0.20181047700990D+02  0.20429634546570D-11 -0.35578809863546D-12  0.10000000000000D+01 -0.14600770312500D+06
  0.20263710513079D+02  0.20521655121758D-11 -0.35739065786661D-12  0.10000000000000D+01 -0.14600770312500D+06
  0.20346375526704D+02  0.20613680033754D-11 -0.35899329841292D-12  0.10000000000000D+01 -0.14600770312500D+06
  0.20429042629210D+02  0.20705707114155D-11 -0.36059596606429D-12  0.10000000000000D+01 -0.14600770312500D+06
  0.20511711713693D+02  0.20797734194555D-11 -0.36219863371566D-12  0.10000000000000D+01 -0.14600770312500D+06
  0.20594382678711D+02  0.20889761274956D-11 -0.36380132847208D-12  0.10000000000000D+01 -0.14600770312500D+06
  0.20677055428009D+02  0.20981792692165D-11 -0.36540407743861D-12  0.10000000000000D+01 -0.14600770312500D+06
  0.20759729870246D+02  0.21073826277779D-11 -0.36700688061525D-12  0.10000000000000D+01 -0.14600770312500D+06
  0.20842405918754D+02  0.21165862031797D-11 -0.36860973800200D-12  0.10000000000000D+01 -0.14600770312500D+06
  0.20925083491294D+02  0.21257897785815D-11 -0.37021254117864D-12  0.10000000000000D+01 -0.14600770312500D+06
  0.21007762509831D+02  0.21349940045046D-11 -0.37181542567044D-12  0.10000000000000D+01 -0.14600770312500D+06
  0.21090442900324D+02  0.21441977967468D-11 -0.37341839147741D-12  0.10000000000000D+01 -0.14600770312500D+06
  0.21173124592513D+02  0.21534020226699D-11 -0.37502127596921D-12  0.10000000000000D+01 -0.14600770312500D+06
  0.21255807519738D+02  0.21626064654334D-11 -0.37662424177617D-12  0.10000000000000D+01 -0.14600770312500D+06
  0.21338491618745D+02  0.21718109081970D-11 -0.37822726179325D-12  0.10000000000000D+01 -0.14600770312500D+06
  0.21421176829519D+02  0.21810153509605D-11 -0.37983022760021D-12  0.10000000000000D+01 -0.14600770312500D+06
  0.21503863095112D+02  0.21902197937240D-11 -0.38143324761729D-12  0.10000000000000D+01 -0.14600770312500D+06
  0.21586550361495D+02  0.21994246701684D-11 -0.38303626763436D-12  0.10000000000000D+01 -0.14600770312500D+06
  0.21669238577401D+02  0.22086295466128D-11 -0.38463931475649D-12  0.10000000000000D+01 -0.14600770312500D+06
  0.21751927694187D+02  0.22178344230572D-11 -0.38624241608873D-12  0.10000000000000D+01 -0.14600770312500D+06
  0.21834617665702D+02  0.22270395163421D-11 -0.38784551742096D-12  0.10000000000000D+01 -0.14600770312500D+06
  0.21917308448155D+02  0.22362448264673D-11 -0.38944861875320D-12  0.10000000000000D+01 -0.14600770312500D+06
  0.22000000000000D+02  0.22454499197522D-11 -0.39105172008544D-12  0.10000000000000D+01 -0.14600770312500D+06
