 -0.86264291164054D+02 -0.78416186056990D-16  0.00000000000000D+00 -0.93435613962356D-04
 -0.85356723924806D+02  0.00000000000000D+00  0.00000000000000D+00 -0.21729754735134D-04
 -0.84458142499807D+02  0.00000000000000D+00  0.00000000000000D+00  0.72157581598731D-05
 -0.83568457920601D+02  0.00000000000000D+00  0.00000000000000D+00 -0.37835795865249D-05
 -0.82687582099605D+02  0.00000000000000D+00  0.00000000000000D+00  0.24041285087151D-05
 -0.81815427821391D+02  0.00000000000000D+00  0.00000000000000D+00 -0.17010894453051D-05
 -0.80951908734051D+02  0.00000000000000D+00  0.00000000000000D+00  0.12882328519481D-05
 -0.80096939340644D+02  0.00000000000000D+00  0.00000000000000D+00 -0.10158580607822D-05
 -0.79250434990737D+02  0.00000000000000D+00  0.00000000000000D+00  0.81928709505519D-06
 -0.78412311872017D+02  0.00000000000000D+00  0.00000000000000D+00 -0.66868415160570D-06
 -0.77582487001997D+02  0.00000000000000D+00  0.00000000000000D+00  0.54914545444262D-06
 -0.76760878219799D+02  0.00000000000000D+00  0.00000000000000D+00 -0.45239883661452D-06
 -0.75947404178019D+02  0.00000000000000D+00  0.00000000000000D+00  0.37329240853978D-06
 -0.75141984334672D+02  0.00000000000000D+00  0.00000000000000D+00 -0.30826677743789D-06
 -0.74344538945220D+02  0.00000000000000D+00  0.00000000000000D+00  0.25467181785643D-06
 -0.73554989054673D+02  0.00000000000000D+00  0.00000000000000D+00 -0.21043781828212D-06
 -0.72773256489775D+02  0.00000000000000D+00  0.00000000000000D+00  0.17390478035395D-06
 -0.71999263851263D+02  0.00000000000000D+00  0.00000000000000D+00 -0.14372149337305D-06
 -0.71232934506201D+02  0.00000000000000D+00  0.00000000000000D+00  0.11877998673526D-06
 -0.70474192580397D+02  0.00000000000000D+00  0.00000000000000D+00 -0.98168108308982D-07
 -0.69722962950888D+02  0.00000000000000D+00  0.00000000000000D+00  0.81133556761870D-07
 -0.68979171238503D+02  0.00000000000000D+00  0.00000000000000D+00 -0.67055140107186D-07
 -0.68242743800498D+02  0.00000000000000D+00  0.00000000000000D+00  0.55419732802875D-07
 -0.67513607723265D+02  0.00000000000000D+00  0.00000000000000D+00 -0.45803322024085D-07
 -0.66791690815114D+02  0.00000000000000D+00  0.00000000000000D+00  0.37855571122236D-07
 -0.66076921599123D+02  0.00000000000000D+00  0.00000000000000D+00 -0.31286916168938D-07
 -0.65369229306062D+02  0.00000000000000D+00  0.00000000000000D+00  0.25858042818072D-07
 -0.64668543867388D+02  0.00000000000000D+00  0.00000000000000D+00 -0.21371187486352D-07
 -0.63974795908305D+02  0.00000000000000D+00  0.00000000000000D+00  0.17662884488345D-07
 -0.63287916740896D+02  0.00000000000000D+00  0.00000000000000D+00 -0.14598040998237D-07
 -0.62607838357323D+02  0.00000000000000D+00  0.00000000000000D+00  0.12065008547779D-07
 -0.61934493423092D+02  0.00000000000000D+00  0.00000000000000D+00 -0.99715036228076D-08
 -0.61267815270388D+02  0.00000000000000D+00  0.00000000000000D+00  0.82412601187798D-08
 -0.60607737891473D+02  0.00000000000000D+00  0.00000000000000D+00 -0.68112462336956D-08
 -0.59954195932152D+02  0.00000000000000D+00  0.00000000000000D+00  0.56293671946150D-08
 -0.59307124685299D+02  0.00000000000000D+00  0.00000000000000D+00 -0.46525667762864D-08
 -0.58666460084454D+02  0.00000000000000D+00  0.00000000000000D+00  0.38452592221461D-08
 -0.58032138697480D+02  0.00000000000000D+00  0.00000000000000D+00 -0.31780345022270D-08
 -0.57404097720277D+02  0.00000000000000D+00  0.00000000000000D+00  0.26265858377172D-08
 -0.56782274970571D+02  0.00000000000000D+00  0.00000000000000D+00 -0.21708241870755D-08
 -0.56166608881754D+02  0.00000000000000D+00  0.00000000000000D+00  0.17941452767900D-08
 -0.55557038496786D+02  0.00000000000000D+00  0.00000000000000D+00 -0.14828273053880D-08
 -0.54953503462164D+02  0.00000000000000D+00  0.00000000000000D+00  0.12255289005836D-08
 -0.54355944021945D+02  0.00000000000000D+00  0.00000000000000D+00 -0.10128766714246D-08
 -0.53764301011826D+02  0.00000000000000D+00  0.00000000000000D+00  0.83712353715626D-09
 -0.53178515853293D+02  0.00000000000000D+00  0.00000000000000D+00 -0.69186700812907D-09
 -0.52598530547815D+02  0.00000000000000D+00  0.00000000000000D+00  0.57181498425152D-09
 -0.52024287671104D+02  0.00000000000000D+00  0.00000000000000D+00 -0.47259440805192D-09
 -0.51455730367430D+02  0.00000000000000D+00  0.00000000000000D+00  0.39059036560651D-09
 -0.50892802343990D+02  0.00000000000000D+00  0.00000000000000D+00 -0.32281557982294D-09
 -0.50335447865337D+02  0.00000000000000D+00  0.00000000000000D+00  0.26680099796117D-09
 -0.49783611747858D+02  0.00000000000000D+00  0.00000000000000D+00 -0.22050598846857D-09
 -0.49237239354315D+02  0.00000000000000D+00  0.00000000000000D+00  0.18224403930400D-09
 -0.48696276588431D+02  0.00000000000000D+00  0.00000000000000D+00 -0.15062123770448D-09
 -0.48160669889535D+02  0.00000000000000D+00  0.00000000000000D+00  0.12448557462630D-09
 -0.47630366227263D+02  0.00000000000000D+00  0.00000000000000D+00 -0.10288490892574D-09
 -0.47105313096300D+02  0.00000000000000D+00  0.00000000000000D+00  0.85032390850781D-10
 -0.46585458511188D+02  0.00000000000000D+00  0.00000000000000D+00 -0.70277547670194D-10
 -0.46070751001176D+02  0.00000000000000D+00  0.00000000000000D+00  0.58082958581673D-10
 -0.45561139605125D+02  0.00000000000000D+00  0.00000000000000D+00 -0.48004312330763D-10
 -0.45056573866460D+02  0.00000000000000D+00  0.00000000000000D+00  0.39674475510454D-10
 -0.44557003828178D+02  0.00000000000000D+00  0.00000000000000D+00 -0.32789958248625D-10
 -0.44062380027899D+02  0.00000000000000D+00  0.00000000000000D+00  0.27100001062652D-10
 -0.43572653492970D+02  0.00000000000000D+00  0.00000000000000D+00 -0.22397266333241D-10
 -0.43087775735614D+02  0.00000000000000D+00  0.00000000000000D+00  0.18510483076883D-10
 -0.42607698748132D+02  0.00000000000000D+00  0.00000000000000D+00 -0.15297997243979D-10
 -0.42132374998151D+02  0.00000000000000D+00  0.00000000000000D+00  0.12642833828458D-10
 -0.41661757423912D+02  0.00000000000000D+00  0.00000000000000D+00 -0.10448205668701D-10
 -0.41195799429615D+02  0.00000000000000D+00  0.00000000000000D+00  0.86342122687655D-11
 -0.40734454880807D+02  0.00000000000000D+00  0.00000000000000D+00 -0.71347112245990D-11
 -0.40277678099809D+02  0.00000000000000D+00  0.00000000000000D+00  0.58951237988381D-11
 -0.39825423861197D+02  0.00000000000000D+00  0.00000000000000D+00 -0.48702309546345D-11
 -0.39377647387324D+02  0.00000000000000D+00  0.00000000000000D+00  0.40227396067016D-11
 -0.38934304343885D+02  0.00000000000000D+00  0.00000000000000D+00 -0.33217109618455D-11
 -0.38495350835530D+02  0.00000000000000D+00  0.00000000000000D+00  0.27416465365332D-11
 -0.38060743401515D+02  0.00000000000000D+00  0.00000000000000D+00 -0.22613432393986D-11
 -0.37630439011401D+02  0.00000000000000D+00  0.00000000000000D+00  0.18633373923688D-11
 -0.37204395060793D+02  0.00000000000000D+00  0.00000000000000D+00 -0.15330483193673D-11
 -0.36782569367122D+02  0.00000000000000D+00  0.00000000000000D+00  0.12584675055521D-11
 -0.36364920165467D+02  0.00000000000000D+00  0.00000000000000D+00 -0.10294951740056D-11
 -0.35951406104423D+02  0.00000000000000D+00  0.00000000000000D+00  0.83779879735124D-12
 -0.35541986242003D+02  0.00000000000000D+00  0.00000000000000D+00 -0.67627647188859D-12
 -0.35136620041587D+02  0.00000000000000D+00  0.00000000000000D+00  0.53902796939495D-12
 -0.34735267367908D+02  0.00000000000000D+00  0.00000000000000D+00 -0.42090213692864D-12
 -0.34337888483077D+02  0.00000000000000D+00  0.00000000000000D+00  0.31754210805951D-12
 -0.33944444042650D+02  0.00000000000000D+00  0.00000000000000D+00 -0.22498195255578D-12
 -0.33554895091733D+02  0.00000000000000D+00  0.00000000000000D+00  0.13973783068166D-12
 -0.33169203061122D+02  0.00000000000000D+00  0.00000000000000D+00 -0.58429342364875D-13
 -0.32787329763487D+02  0.00000000000000D+00  0.00000000000000D+00 -0.22106634963359D-13
 -0.32409237389591D+02  0.00000000000000D+00  0.00000000000000D+00  0.10519199172745D-12
 -0.32034888504546D+02  0.00000000000000D+00  0.00000000000000D+00 -0.19419115295828D-12
 -0.31664246044105D+02  0.00000000000000D+00  0.00000000000000D+00  0.29290575498907D-12
 -0.31297273310995D+02  0.00000000000000D+00  0.00000000000000D+00 -0.40547803287737D-12
 -0.30933933971282D+02  0.00000000000000D+00  0.00000000000000D+00  0.53682909896893D-12
 -0.30574192050774D+02  0.00000000000000D+00  0.00000000000000D+00 -0.69260889341491D-12
 -0.30218011931459D+02  0.00000000000000D+00  0.00000000000000D+00  0.87970836127813D-12
 -0.29865358347980D+02  0.00000000000000D+00  0.00000000000000D+00 -0.11062943096329D-11
 -0.29516196384138D+02  0.00000000000000D+00  0.00000000000000D+00  0.13824402777043D-11
 -0.29170491469444D+02  0.00000000000000D+00  0.00000000000000D+00 -0.17202979492315D-11
 -0.28828209375687D+02  0.00000000000000D+00  0.00000000000000D+00  0.21349116051395D-11
 -0.28489316213551D+02  0.00000000000000D+00  0.00000000000000D+00 -0.26446080568510D-11
 -0.28153778429259D+02  0.00000000000000D+00  0.00000000000000D+00  0.32720889799748D-11
 -0.27821562801246D+02  0.00000000000000D+00  0.00000000000000D+00 -0.40451561371391D-11
 -0.27492636436878D+02  0.00000000000000D+00  0.00000000000000D+00  0.49982340315224D-11
 -0.27166966769186D+02  0.00000000000000D+00  0.00000000000000D+00 -0.61736111015009D-11
 -0.26844521553649D+02  0.00000000000000D+00  0.00000000000000D+00  0.76236074744718D-11
 -0.26525268864999D+02  0.00000000000000D+00  0.00000000000000D+00 -0.94126113153736D-11
 -0.26209177094059D+02  0.00000000000000D+00  0.00000000000000D+00  0.11620236023413D-10
 -0.25896214944613D+02  0.00000000000000D+00  0.00000000000000D+00 -0.14344556792389D-10
 -0.25586351430310D+02  0.00000000000000D+00  0.00000000000000D+00  0.17706782221016D-10
 -0.25279555871594D+02  0.00000000000000D+00  0.00000000000000D+00 -0.21856330981174D-10
 -0.24975797892667D+02  0.00000000000000D+00  0.00000000000000D+00  0.26977781120152D-10
 -0.24675047418482D+02  0.00000000000000D+00  0.00000000000000D+00 -0.33298797746939D-10
 -0.24377274671764D+02  0.00000000000000D+00  0.00000000000000D+00  0.41100473718858D-10
 -0.24082450170064D+02  0.00000000000000D+00  0.00000000000000D+00 -0.50729698219953D-10
 -0.23790544722835D+02  0.00000000000000D+00  0.00000000000000D+00  0.62614628759672D-10
 -0.23501529428550D+02  0.00000000000000D+00  0.00000000000000D+00 -0.77283741906076D-10
 -0.23215375671832D+02  0.00000000000000D+00  0.00000000000000D+00  0.95389252052769D-10
 -0.22932055120625D+02  0.00000000000000D+00 -0.46245784273242D-19 -0.11773636232615D-09
 -0.22651539723391D+02  0.00000000000000D+00 -0.16870653615870D-17  0.14531845171639D-09
 -0.22373801706328D+02  0.00000000000000D+00 -0.36585545020536D-17 -0.17936241381022D-09
 -0.22098813570622D+02  0.00000000000000D+00  0.11840138383812D-16  0.22138138544570D-09
 -0.21826548089725D+02  0.00000000000000D+00 -0.10482631601035D-16 -0.27324467688494D-09
 -0.21556978306658D+02  0.00000000000000D+00  0.14258061925995D-15  0.33725683357133D-09
 -0.21290077531345D+02  0.00000000000000D+00 -0.48291164811593D-16 -0.41626693758623D-09
 -0.21025819337965D+02  0.00000000000000D+00  0.61695113786035D-16  0.51378395982127D-09
 -0.20764177562342D+02  0.00000000000000D+00  0.19281131415847D-15 -0.63415067641515D-09
 -0.20505126299348D+02  0.00000000000000D+00  0.56057269106555D-16  0.78271061854096D-09
 -0.20248639900345D+02  0.00000000000000D+00 -0.14668053665735D-15 -0.96608465671721D-09
 -0.19994692970638D+02  0.00000000000000D+00 -0.22249432648046D-15  0.11924099485583D-08
 -0.19743260366969D+02  0.00000000000000D+00  0.34122656105690D-15 -0.14717919105678D-08
 -0.19494317195018D+02  0.00000000000000D+00 -0.10684609916031D-15  0.18166276261056D-08
 -0.19247838806949D+02  0.00000000000000D+00  0.16974590555557D-15 -0.22423845003061D-08
 -0.19003800798959D+02  0.00000000000000D+00  0.38697187239257D-15  0.27680231440286D-08
 -0.18762179008871D+02  0.00000000000000D+00 -0.87378860047570D-17 -0.34174445495694D-08
 -0.18522949513733D+02  0.00000000000000D+00  0.51090819798761D-15  0.42201264705000D-08
 -0.18286088627459D+02  0.00000000000000D+00  0.76070851087716D-16 -0.52142921092013D-08
 -0.18051572898474D+02  0.00000000000000D+00 -0.78281006216053D-15  0.64487446493899D-08
 -0.17819379107400D+02  0.00000000000000D+00  0.73500906803633D-16 -0.79921260720539D-08
 -0.17589484264752D+02  0.00000000000000D+00  0.10266993291579D-14  0.99430268463152D-08
 -0.17361865608666D+02  0.00000000000000D+00 -0.21998864420381D-14 -0.12467471499633D-07
 -0.17136500602639D+02  0.00000000000000D+00  0.18056544384964D-14  0.15863419022821D-07
 -0.16913366933306D+02  0.00000000000000D+00  0.13764709968147D-14 -0.20752642271304D-07
 -0.16692442508224D+02  0.00000000000000D+00 -0.47492893830576D-15  0.28501776938583D-07
 -0.16473705453687D+02  0.00000000000000D+00 -0.20025135775260D-14 -0.42519950227415D-07
 -0.16257134112562D+02  0.00000000000000D+00  0.84295024844853D-16  0.73536590150525D-07
 -0.16042707042140D+02  0.00000000000000D+00 -0.52488886853478D-14 -0.18157268755203D-06
 -0.15830403012020D+02  0.00000000000000D+00  0.65338685830351D-14 -0.20469826722547D-06
 -0.15620201002000D+02  0.00000000000000D+00  0.57258736902539D-14  0.52403112960064D-07
 -0.15412080200000D+02  0.00000000000000D+00 -0.18203546105927D-13 -0.64708729041740D-06
 -0.15206020000000D+02  0.00000000000000D+00 -0.15732271578138D-13 -0.25702235006975D-06
 -0.15002000000000D+02  0.00000000000000D+00  0.17175561510150D-13 -0.46577870449482D-07
 -0.14800000000000D+02  0.00000000000000D+00 -0.87666520906787D-14 -0.65830317907967D-06
 -0.14600000000000D+02  0.00000000000000D+00  0.25617348936986D-14  0.54443926700287D-07
 -0.14400000000000D+02  0.00000000000000D+00 -0.15921420811523D-13 -0.90606226876844D-06
 -0.14200000000000D+02  0.00000000000000D+00 -0.13075960161922D-13 -0.74851891440630D-06
 -0.14000000000000D+02  0.00000000000000D+00 -0.82156478411273D-14 -0.53664950883103D-06
 -0.13800000000000D+02  0.00000000000000D+00  0.23898570432725D-13 -0.13769079032500D-05
 -0.13600000000000D+02  0.00000000000000D+00 -0.57254622863514D-13 -0.93303589210336D-06
 -0.13400000000000D+02  0.00000000000000D+00  0.20576132825031D-13 -0.14602188684876D-05
 -0.13200000000000D+02  0.00000000000000D+00 -0.21678134547870D-13 -0.24503829081368D-05
 -0.13000000000000D+02  0.00000000000000D+00 -0.43454961986622D-13 -0.16889152902877D-05
 -0.12800000000000D+02  0.00000000000000D+00 -0.12993756461424D-14 -0.28295737592998D-05
 -0.12600000000000D+02  0.00000000000000D+00  0.34556718245390D-13 -0.34209977002320D-05
 -0.12400000000000D+02  0.00000000000000D+00 -0.52863065351993D-13 -0.42917349674099D-05
 -0.12200000000000D+02  0.00000000000000D+00  0.92008723502537D-13 -0.50540074880701D-05
 -0.12000000000000D+02  0.00000000000000D+00  0.20132045986873D-12 -0.61454120441340D-05
 -0.11800000000000D+02  0.00000000000000D+00 -0.16520117251170D-12 -0.68795570768998D-05
 -0.11600000000000D+02  0.00000000000000D+00 -0.12638451212226D-12 -0.97174615802942D-05
 -0.11400000000000D+02  0.00000000000000D+00 -0.46330024235444D-12 -0.11347558029229D-04
 -0.11200000000000D+02  0.00000000000000D+00  0.40698309522816D-12 -0.13273912372824D-04
 -0.11000000000000D+02  0.00000000000000D+00 -0.21079434042465D-12 -0.17084143109969D-04
 -0.10800000000000D+02  0.00000000000000D+00 -0.29079650742513D-13 -0.20210698494338D-04
 -0.10600000000000D+02  0.00000000000000D+00 -0.46665552281763D-12 -0.24735907572904D-04
 -0.10400000000000D+02  0.00000000000000D+00 -0.67501565318220D-12 -0.30334735129145D-04
 -0.10200000000000D+02  0.00000000000000D+00 -0.93239001588974D-12 -0.37389807403088D-04
 -0.10000000000000D+02  0.00000000000000D+00  0.54909169659029D-12 -0.44943895773031D-04
 -0.98000000000000D+01  0.00000000000000D+00  0.49869589930024D-13 -0.56218952522613D-04
 -0.96000000000000D+01  0.00000000000000D+00 -0.11502898243296D-11 -0.67458589910530D-04
 -0.94000000000000D+01  0.00000000000000D+00  0.16834601204371D-11 -0.82842569099739D-04
 -0.92000000000000D+01  0.00000000000000D+00 -0.14934556412730D-11 -0.10087296686834D-03
 -0.90000000000000D+01  0.00000000000000D+00  0.29869119330672D-12 -0.12352832709439D-03
 -0.88000000000000D+01  0.00000000000000D+00 -0.26526922477198D-12 -0.15041584265418D-03
 -0.86000000000000D+01  0.00000000000000D+00 -0.10263395222674D-12 -0.18389288743492D-03
 -0.84000000000000D+01  0.00000000000000D+00 -0.10000232927984D-12 -0.22520842321683D-03
 -0.82000000000000D+01  0.00000000000000D+00 -0.68264735227433D-12 -0.27433029026724D-03
 -0.80000000000000D+01  0.00000000000000D+00  0.24342669806970D-11 -0.33493159571663D-03
 -0.78000000000000D+01  0.00000000000000D+00 -0.32479698184457D-11 -0.40978359174915D-03
 -0.76000000000000D+01  0.00000000000000D+00  0.33453407145140D-11 -0.49957446753979D-03
 -0.74000000000000D+01  0.00000000000000D+00  0.14121378762513D-11 -0.61066023772582D-03
 -0.72000000000000D+01  0.00000000000000D+00  0.29558575639216D-11 -0.74528186814860D-03
 -0.70000000000000D+01  0.00000000000000D+00 -0.12521341385616D-11 -0.90931262820959D-03
 -0.68000000000000D+01  0.00000000000000D+00  0.17884621734965D-11 -0.11119951959699D-02
 -0.66000000000000D+01  0.00000000000000D+00 -0.10758144592185D-11 -0.13568236026913D-02
 -0.64000000000000D+01  0.00000000000000D+00 -0.35979780352996D-11 -0.16557727940381D-02
 -0.62000000000000D+01  0.00000000000000D+00 -0.11510792319314D-10 -0.20203685853630D-02
 -0.60000000000000D+01  0.00000000000000D+00 -0.26095338997306D-11 -0.24669256526977D-02
 -0.58000000000000D+01  0.00000000000000D+00  0.13442414499229D-11 -0.30092517845333D-02
 -0.56000000000000D+01  0.00000000000000D+00 -0.30590178827505D-11 -0.36703918594867D-02
 -0.54000000000000D+01  0.00000000000000D+00  0.76443885943522D-11 -0.44761020690203D-02
 -0.52000000000000D+01  0.00000000000000D+00  0.75201745872167D-11 -0.54548406042159D-02
 -0.50000000000000D+01  0.00000000000000D+00 -0.11895038177102D-12 -0.66485279239714D-02
 -0.48000000000000D+01  0.00000000000000D+00 -0.61727736637429D-11 -0.80959685146809D-02
 -0.46000000000000D+01  0.00000000000000D+00  0.55580220330656D-12 -0.98536200821400D-02
 -0.44000000000000D+01  0.00000000000000D+00  0.66738417093051D-12 -0.11984347365797D-01
 -0.42000000000000D+01  0.00000000000000D+00  0.10446557681398D-10 -0.14562619850039D-01
 -0.40000000000000D+01  0.00000000000000D+00 -0.66327854666981D-11 -0.17678311094642D-01
 -0.38000000000000D+01  0.00000000000000D+00  0.11516046363041D-11 -0.21435866132379D-01
 -0.36000000000000D+01  0.00000000000000D+00  0.72401667994271D-11 -0.25957621634007D-01
 -0.34000000000000D+01  0.00000000000000D+00 -0.56927639685567D-11 -0.31387567520142D-01
 -0.32000000000000D+01  0.00000000000000D+00 -0.16421354564772D-12 -0.37894051522017D-01
 -0.30000000000000D+01  0.00000000000000D+00  0.10084440877842D-11 -0.45672826468945D-01
 -0.28000000000000D+01  0.00000000000000D+00 -0.65222566930645D-11 -0.54950907826424D-01
 -0.26000000000000D+01  0.00000000000000D+00 -0.18674118241330D-11 -0.65994158387184D-01
 -0.24000000000000D+01  0.00000000000000D+00 -0.81770328355657D-11 -0.79114831984043D-01
 -0.22000000000000D+01  0.00000000000000D+00  0.53517021543492D-11 -0.94661869108677D-01
 -0.20000000000000D+01  0.00000000000000D+00  0.31234410891035D-10 -0.11302497982979D+00
 -0.18000000000000D+01  0.00000000000000D+00 -0.16101422278814D-10 -0.13460840284824D+00
 -0.16000000000000D+01  0.00000000000000D+00  0.13478204663464D-10 -0.15977890789509D+00
 -0.14000000000000D+01  0.00000000000000D+00  0.34990289745490D-11 -0.18878389894962D+00
 -0.12000000000000D+01  0.00000000000000D+00  0.22888949416378D-10 -0.22163091599941D+00
 -0.10000000000000D+01  0.00000000000000D+00  0.27419582229737D-10 -0.25793287158012D+00
 -0.80000000000000D+00  0.00000000000000D+00 -0.11276051273268D-10 -0.29676213860512D+00
 -0.60000000000000D+00  0.00000000000000D+00  0.60296130068027D-11 -0.33655062317848D+00
 -0.40000000000000D+00  0.00000000000000D+00  0.56506557245817D-11 -0.37509721517563D+00
 -0.20000000000000D+00  0.00000000000000D+00 -0.39411435920345D-10 -0.40972778201103D+00
  0.00000000000000D+00  0.00000000000000D+00 -0.45668423903633D-10 -0.43761417269707D+00
  0.20000000000000D+00  0.00000000000000D+00 -0.89770482714080D-11 -0.45619392395020D+00
  0.40000000000000D+00  0.00000000000000D+00  0.42375714048859D-10 -0.46361106634140D+00
  0.60000000000000D+00  0.00000000000000D+00 -0.72464829276031D-11 -0.45904031395912D+00
  0.80000000000000D+00  0.00000000000000D+00 -0.74679623596197D-10 -0.44283348321915D+00
  0.10000000000000D+01  0.00000000000000D+00 -0.24152136887667D-10 -0.41641935706139D+00
  0.12000000000000D+01  0.00000000000000D+00 -0.37895611128269D-11 -0.38204416632652D+00
  0.14000000000000D+01  0.00000000000000D+00 -0.17078290170947D-09 -0.34238126873970D+00
  0.16000000000000D+01  0.00000000000000D+00 -0.27958536527595D-10 -0.30015471577644D+00
  0.18000000000000D+01  0.00000000000000D+00  0.28093286377762D-10 -0.25782039761543D+00
  0.20000000000000D+01  0.00000000000000D+00 -0.41432612549186D-11 -0.21735551953316D+00
  0.22000000000000D+01  0.00000000000000D+00 -0.56540262055593D-10 -0.18017901480198D+00
  0.24000000000000D+01  0.00000000000000D+00 -0.48127425655853D-10 -0.14714273810387D+00
  0.26000000000000D+01  0.00000000000000D+00  0.17836201265942D-10 -0.11861819773912D+00
  0.28000000000000D+01  0.00000000000000D+00 -0.38939844404506D-10 -0.94590879976749D-01
  0.30000000000000D+01  0.00000000000000D+00  0.14543489676444D-10 -0.74783623218536D-01
  0.32000000000000D+01  0.00000000000000D+00  0.24716359167676D-10 -0.58751318603754D-01
  0.34000000000000D+01  0.00000000000000D+00  0.21339442365931D-10 -0.45973420143127D-01
  0.36000000000000D+01  0.00000000000000D+00 -0.24691096389695D-10 -0.35916958004236D-01
  0.38000000000000D+01  0.00000000000000D+00  0.35958735988828D-11 -0.28078423812985D-01
  0.40000000000000D+01  0.00000000000000D+00 -0.19204653492477D-10 -0.22004378959537D-01
  0.42000000000000D+01  0.00000000000000D+00  0.79370190975148D-12 -0.17316745594144D-01
  0.44000000000000D+01  0.00000000000000D+00  0.17709885641315D-10 -0.13697604648769D-01
  0.46000000000000D+01  0.00000000000000D+00  0.24842733664480D-12 -0.10894833132625D-01
  0.48000000000000D+01  0.00000000000000D+00  0.85159856597072D-11 -0.87152821943164D-02
  0.50000000000000D+01  0.00000000000000D+00  0.10846566700362D-10 -0.70078969001770D-02
  0.52000000000000D+01  0.00000000000000D+00  0.19768880542975D-11 -0.56612319312990D-02
  0.54000000000000D+01  0.00000000000000D+00 -0.13263426002028D-12 -0.45895744115114D-02
  0.56000000000000D+01  0.00000000000000D+00  0.45990542103802D-11 -0.37325960583985D-02
  0.58000000000000D+01  0.00000000000000D+00  0.59759285193917D-11 -0.30419602990150D-02
  0.60000000000000D+01  0.00000000000000D+00  0.82422995295248D-12 -0.24842855054885D-02
  0.62000000000000D+01  0.00000000000000D+00 -0.47895829012948D-12 -0.20298527088016D-02
  0.64000000000000D+01  0.00000000000000D+00  0.60738246029923D-11 -0.16600907547399D-02
  0.66000000000000D+01  0.00000000000000D+00  0.62001418539223D-12 -0.13593772891909D-02
  0.68000000000000D+01  0.00000000000000D+00  0.49737991503207D-12 -0.11117578251287D-02
  0.70000000000000D+01  0.00000000000000D+00  0.79054460460498D-12 -0.91093947412446D-03
  0.72000000000000D+01  0.00000000000000D+00  0.11737110578152D-12 -0.74578326893970D-03
  0.74000000000000D+01  0.00000000000000D+00 -0.19789931412356D-11 -0.61019434360787D-03
  0.76000000000000D+01  0.00000000000000D+00 -0.63896191939902D-12 -0.50032354192808D-03
  0.78000000000000D+01  0.00000000000000D+00  0.52369637489405D-12 -0.40914304554462D-03
  0.80000000000000D+01  0.00000000000000D+00  0.26669038071664D-11 -0.33536192495376D-03
  0.82000000000000D+01  0.00000000000000D+00 -0.81370310879916D-12 -0.27449542540126D-03
  0.84000000000000D+01  0.00000000000000D+00 -0.93896906309260D-12 -0.22435604478233D-03
  0.86000000000000D+01  0.00000000000000D+00 -0.44106290343106D-12 -0.18472294323146D-03
  0.88000000000000D+01  0.00000000000000D+00  0.97699647851057D-12 -0.15003068256192D-03
  0.90000000000000D+01  0.00000000000000D+00  0.26579549650650D-12 -0.12372406490613D-03
  0.92000000000000D+01  0.00000000000000D+00 -0.19679401337680D-11 -0.10104855027748D-03
  0.94000000000000D+01  0.00000000000000D+00  0.93002146782373D-12 -0.82277823821642D-04
  0.96000000000000D+01  0.00000000000000D+00  0.64817286737559D-12 -0.68281973653939D-04
  0.98000000000000D+01  0.00000000000000D+00  0.17921464822140D-12 -0.54723739594920D-04
  0.10000000000000D+02  0.00000000000000D+00 -0.55001298383383D-13 -0.46028439101065D-04
  0.10200000000000D+02  0.00000000000000D+00 -0.19447812772081D-12 -0.37430618249346D-04
  0.10400000000000D+02  0.00000000000000D+00 -0.44211572472691D-13 -0.29902608730481D-04
  0.10600000000000D+02  0.00000000000000D+00  0.28553293627068D-12 -0.24760764063103D-04
  0.10800000000000D+02  0.00000000000000D+00 -0.30000695395820D-12 -0.20479674276430D-04
  0.11000000000000D+02  0.00000000000000D+00 -0.45843168670900D-12 -0.16999825675157D-04
  0.11200000000000D+02  0.00000000000000D+00 -0.24072923016961D-12 -0.13251859854790D-04
  0.11400000000000D+02  0.00000000000000D+00  0.23599232377297D-12 -0.11485183676996D-04
  0.11600000000000D+02  0.00000000000000D+00 -0.31750735937988D-12 -0.93570251920028D-05
  0.11800000000000D+02  0.00000000000000D+00 -0.15750363524265D-12 -0.70887667789066D-05
  0.12000000000000D+02  0.00000000000000D+00 -0.23553178179515D-12 -0.66309253270447D-05
  0.12200000000000D+02  0.00000000000000D+00  0.49639288447929D-13 -0.47759849621798D-05
  0.12400000000000D+02  0.00000000000000D+00 -0.11230522534069D-12 -0.39981541704037D-05
  0.12600000000000D+02  0.00000000000000D+00 -0.25494014587119D-13 -0.37511510981858D-05
  0.12800000000000D+02  0.00000000000000D+00  0.14133551100304D-12 -0.22771971543989D-05
  0.13000000000000D+02  0.00000000000000D+00 -0.95939722095581D-13 -0.20761347059306D-05
  0.13200000000000D+02  0.00000000000000D+00 -0.58784255946038D-13 -0.20675190626207D-05
  0.13400000000000D+02  0.00000000000000D+00  0.55790766971542D-13 -0.20609311377484D-05
  0.13600000000000D+02  0.00000000000000D+00 -0.32270481453061D-13 -0.10152833738175D-05
  0.13800000000000D+02  0.00000000000000D+00  0.11677905177425D-13 -0.56691533245612D-06
  0.14000000000000D+02  0.00000000000000D+00  0.30494124613660D-13 -0.13799585758534D-05
  0.14200000000000D+02  0.00000000000000D+00 -0.20592578816735D-13 -0.54984360531307D-06
  0.14400000000000D+02  0.00000000000000D+00 -0.29918457305784D-13 -0.59883888070544D-06
  0.14600000000000D+02  0.00000000000000D+00  0.14186183186547D-13 -0.30988152843747D-06
  0.14800000000000D+02  0.00000000000000D+00 -0.26271163928093D-13 -0.96075947197960D-08
  0.15002000000000D+02  0.00000000000000D+00 -0.22340155170653D-13 -0.74678962391772D-06
  0.15206020000000D+02  0.00000000000000D+00  0.17389381425158D-13 -0.35899697081732D-06
  0.15412080200000D+02  0.00000000000000D+00  0.90174780281184D-14 -0.22385493991806D-06
  0.15620201002000D+02  0.00000000000000D+00 -0.63323881381244D-15  0.18490365505386D-06
  0.15830403012020D+02  0.00000000000000D+00 -0.15384811886910D-13 -0.28054950007572D-06
  0.16042707042140D+02  0.00000000000000D+00 -0.17578530870301D-14 -0.10599428179603D-06
  0.16257134112562D+02  0.00000000000000D+00  0.55449470292039D-14 -0.18728240291921D-07
  0.16473705453687D+02  0.00000000000000D+00 -0.49343434503711D-16  0.93427310332572D-07
  0.16692442508224D+02  0.00000000000000D+00  0.98686677101521D-16 -0.26195587565780D-06
  0.16913366933306D+02  0.00000000000000D+00 -0.24157631647994D-14 -0.29210337970653D-06
  0.17136500602639D+02  0.00000000000000D+00  0.23376360221183D-14  0.13071326065983D-06
  0.17361865608666D+02  0.00000000000000D+00  0.21351237851987D-14 -0.81101674709316D-07
  0.17589484264752D+02  0.00000000000000D+00 -0.83266773169001D-16  0.56876551468577D-07
  0.17819379107400D+02  0.00000000000000D+00 -0.89357550188179D-15 -0.42393903498805D-07
  0.18051572898474D+02  0.00000000000000D+00  0.16988724888469D-14  0.32601260357978D-07
  0.18286088627459D+02  0.00000000000000D+00  0.18285268162315D-15 -0.25402101755390D-07
  0.18522949513733D+02  0.00000000000000D+00  0.37958328340301D-15  0.19802197215313D-07
  0.18762179008871D+02  0.00000000000000D+00  0.25159919911129D-15 -0.15284989274278D-07
  0.19003800798959D+02  0.00000000000000D+00  0.29683045409220D-16  0.11539359690005D-07
  0.19247838806949D+02  0.00000000000000D+00  0.48989871040127D-15 -0.83579694276636D-08
  0.19494317195018D+02  0.00000000000000D+00 -0.20334811285474D-15  0.55841646862120D-08
  0.19743260366969D+02  0.00000000000000D+00  0.36140060284201D-16 -0.30921505356218D-08
  0.19994692970638D+02  0.00000000000000D+00 -0.46098646497405D-16  0.77310069457326D-09
  0.20248639900345D+02  0.00000000000000D+00  0.52073831974296D-16  0.14718212204556D-08
  0.20505126299348D+02  0.00000000000000D+00  0.70031418492648D-17 -0.37385623485875D-08
  0.20764177562342D+02  0.00000000000000D+00  0.10789018638181D-15  0.61281744123676D-08
  0.21025819337965D+02  0.00000000000000D+00  0.36702231253646D-17 -0.87596694342551D-08
  0.21290077531345D+02  0.00000000000000D+00  0.63492094183635D-16  0.11796338128534D-07
  0.21556978306658D+02  0.00000000000000D+00 -0.41870281185768D-16 -0.15502813255353D-07
  0.21826548089725D+02  0.00000000000000D+00 -0.20821706006762D-16  0.20379651743951D-07
  0.22098813570622D+02  0.00000000000000D+00 -0.23732986370616D-16 -0.27491077858599D-07
  0.22373801706328D+02  0.00000000000000D+00  0.51740544361886D-17  0.39387398231838D-07
  0.22651539723391D+02  0.00000000000000D+00  0.79251162019636D-16 -0.64036328240036D-07
  0.22932055120625D+02  0.00000000000000D+00  0.11041998262768D-15  0.14572158590909D-06
  0.23215375671832D+02  0.00000000000000D+00  0.00000000000000D+00  0.14534657566401D-06
  0.23501529428550D+02  0.00000000000000D+00  0.00000000000000D+00 -0.63253061455271D-07
  0.23790544722835D+02  0.00000000000000D+00  0.00000000000000D+00  0.38651002398638D-07
  0.24082450170064D+02  0.00000000000000D+00  0.00000000000000D+00 -0.26937364339119D-07
  0.24377274671764D+02  0.00000000000000D+00  0.00000000000000D+00  0.20099726327771D-07
  0.24675047418482D+02  0.00000000000000D+00  0.00000000000000D+00 -0.15586342883012D-07
  0.24975797892667D+02  0.00000000000000D+00  0.00000000000000D+00  0.12343687849636D-07
  0.25279555871594D+02  0.00000000000000D+00  0.00000000000000D+00 -0.98849515239863D-08
  0.25586351430310D+02  0.00000000000000D+00  0.00000000000000D+00  0.79615256609600D-08
  0.25896214944613D+02  0.00000000000000D+00  0.00000000000000D+00 -0.64311498348957D-08
  0.26209177094059D+02  0.00000000000000D+00  0.00000000000000D+00  0.52026467578514D-08
  0.26525268864999D+02  0.00000000000000D+00  0.00000000000000D+00 -0.42119672194474D-08
  0.26844521553649D+02  0.00000000000000D+00  0.00000000000000D+00  0.34112161984012D-08
  0.27166966769186D+02  0.00000000000000D+00  0.00000000000000D+00 -0.27632236498931D-08
  0.27492636436878D+02  0.00000000000000D+00  0.00000000000000D+00  0.22385366893474D-08
  0.27821562801246D+02  0.00000000000000D+00  0.00000000000000D+00 -0.18135659640706D-08
  0.28153778429259D+02  0.00000000000000D+00  0.00000000000000D+00  0.14693083416617D-08
  0.28489316213551D+02  0.00000000000000D+00  0.00000000000000D+00 -0.11904135455154D-08
  0.28828209375687D+02  0.00000000000000D+00  0.00000000000000D+00  0.96446262087824D-09
  0.29170491469444D+02  0.00000000000000D+00  0.00000000000000D+00 -0.78140161008378D-09
  0.29516196384138D+02  0.00000000000000D+00  0.00000000000000D+00  0.63308763786907D-09
  0.29865358347980D+02  0.00000000000000D+00  0.00000000000000D+00 -0.51292492475596D-09
  0.30218011931459D+02  0.00000000000000D+00  0.00000000000000D+00  0.41556960650446D-09
  0.30574192050774D+02  0.00000000000000D+00  0.00000000000000D+00 -0.33669297905270D-09
  0.30933933971282D+02  0.00000000000000D+00  0.00000000000000D+00  0.27278732050995D-09
  0.31297273310995D+02  0.00000000000000D+00  0.00000000000000D+00 -0.22101130647822D-09
  0.31664246044105D+02  0.00000000000000D+00  0.00000000000000D+00  0.17906250093791D-09
  0.32034888504546D+02  0.00000000000000D+00  0.00000000000000D+00 -0.14507579859657D-09
  0.32409237389591D+02  0.00000000000000D+00  0.00000000000000D+00  0.11753985285079D-09
  0.32787329763487D+02  0.00000000000000D+00  0.00000000000000D+00 -0.95230386076839D-10
  0.33169203061122D+02  0.00000000000000D+00  0.00000000000000D+00  0.77155261346551D-10
  0.33554895091733D+02  0.00000000000000D+00  0.00000000000000D+00 -0.62510947806960D-10
  0.33944444042650D+02  0.00000000000000D+00  0.00000000000000D+00  0.50646101895646D-10
  0.34337888483077D+02  0.00000000000000D+00  0.00000000000000D+00 -0.41033319103656D-10
  0.34735267367908D+02  0.00000000000000D+00  0.00000000000000D+00  0.33245007441396D-10
  0.35136620041587D+02  0.00000000000000D+00  0.00000000000000D+00 -0.26935016717022D-10
  0.35541986242003D+02  0.00000000000000D+00  0.00000000000000D+00  0.21822616630418D-10
  0.35951406104423D+02  0.00000000000000D+00  0.00000000000000D+00 -0.17680636468786D-10
  0.36364920165467D+02  0.00000000000000D+00  0.00000000000000D+00  0.14324754056549D-10
  0.36782569367122D+02  0.00000000000000D+00  0.00000000000000D+00 -0.11605894197075D-10
  0.37204395060793D+02  0.00000000000000D+00  0.00000000000000D+00  0.94030217639984D-11
  0.37630439011401D+02  0.00000000000000D+00  0.00000000000000D+00 -0.76183243741257D-11
  0.38060743401515D+02  0.00000000000000D+00  0.00000000000000D+00  0.61723061557661D-11
  0.38495350835530D+02  0.00000000000000D+00  0.00000000000000D+00 -0.50008109632460D-11
  0.38934304343885D+02  0.00000000000000D+00  0.00000000000000D+00  0.40516080074271D-11
  0.39377647387324D+02  0.00000000000000D+00  0.00000000000000D+00 -0.32826276419318D-11
  0.39825423861197D+02  0.00000000000000D+00  0.00000000000000D+00  0.26595429417769D-11
  0.40277678099809D+02  0.00000000000000D+00  0.00000000000000D+00 -0.21547817783546D-11
  0.40734454880807D+02  0.00000000000000D+00  0.00000000000000D+00  0.17457667256249D-11
  0.41195799429615D+02  0.00000000000000D+00  0.00000000000000D+00 -0.14144426732296D-11
  0.41661757423912D+02  0.00000000000000D+00  0.00000000000000D+00  0.11459473777883D-11
  0.42132374998151D+02  0.00000000000000D+00  0.00000000000000D+00 -0.92847095029686D-12
  0.42607698748132D+02  0.00000000000000D+00  0.00000000000000D+00  0.75221540151230D-12
  0.43087775735614D+02  0.00000000000000D+00  0.00000000000000D+00 -0.60947015663448D-12
  0.43572653492970D+02  0.00000000000000D+00  0.00000000000000D+00  0.49376274553412D-12
  0.44062380027899D+02  0.00000000000000D+00  0.00000000000000D+00 -0.40007217374030D-12
  0.44557003828178D+02  0.00000000000000D+00  0.00000000000000D+00  0.32410979824461D-12
  0.45056573866460D+02  0.00000000000000D+00  0.00000000000000D+00 -0.26261948887253D-12
  0.45561139605125D+02  0.00000000000000D+00  0.00000000000000D+00  0.21274667682918D-12
  0.46070751001176D+02  0.00000000000000D+00  0.00000000000000D+00 -0.17239295657234D-12
  0.46585458511188D+02  0.00000000000000D+00  0.00000000000000D+00  0.13964601231018D-12
  0.47105313096300D+02  0.00000000000000D+00  0.00000000000000D+00 -0.11316654265157D-12
  0.47630366227263D+02  0.00000000000000D+00  0.00000000000000D+00  0.91661507756798D-13
  0.48160669889535D+02  0.00000000000000D+00  0.00000000000000D+00 -0.74289166940474D-13
  0.48696276588431D+02  0.00000000000000D+00  0.00000000000000D+00  0.60163699922618D-13
  0.49237239354315D+02  0.00000000000000D+00  0.00000000000000D+00 -0.48769270414618D-13
  0.49783611747858D+02  0.00000000000000D+00  0.00000000000000D+00  0.39488066137273D-13
  0.50335447865337D+02  0.00000000000000D+00  0.00000000000000D+00 -0.32017452382925D-13
  0.50892802343990D+02  0.00000000000000D+00  0.00000000000000D+00  0.25916289310445D-13
  0.51455730367430D+02  0.00000000000000D+00  0.00000000000000D+00 -0.21021170711782D-13
  0.52024287671104D+02  0.00000000000000D+00  0.00000000000000D+00  0.17007620287698D-13
  0.52598530547815D+02  0.00000000000000D+00  0.00000000000000D+00 -0.13802927035936D-13
  0.53178515853293D+02  0.00000000000000D+00  0.00000000000000D+00  0.11159889473037D-13
  0.53764301011826D+02  0.00000000000000D+00  0.00000000000000D+00 -0.90646535281158D-14
  0.54355944021945D+02  0.00000000000000D+00  0.00000000000000D+00  0.73214156769532D-14
  0.54953503462164D+02  0.00000000000000D+00  0.00000000000000D+00 -0.59542816301951D-14
  0.55557038496786D+02  0.00000000000000D+00  0.00000000000000D+00  0.48018484127095D-14
  0.56166608881754D+02  0.00000000000000D+00  0.00000000000000D+00 -0.39124921936962D-14
  0.56782274970571D+02  0.00000000000000D+00  0.00000000000000D+00  0.31480339473709D-14
  0.57404097720277D+02  0.00000000000000D+00  0.00000000000000D+00 -0.25721394229062D-14
  0.58032138697480D+02  0.00000000000000D+00  0.00000000000000D+00  0.20625106152459D-14
  0.58666460084454D+02  0.00000000000000D+00  0.00000000000000D+00 -0.16922203155957D-14
  0.59307124685299D+02  0.00000000000000D+00  0.00000000000000D+00  0.13500179461137D-14
  0.59954195932152D+02  0.00000000000000D+00  0.00000000000000D+00 -0.11145359046343D-14
  0.60607737891473D+02  0.00000000000000D+00  0.00000000000000D+00  0.88238407906620D-15
  0.61267815270388D+02  0.00000000000000D+00  0.00000000000000D+00 -0.73523788604609D-15
  0.61934493423092D+02  0.00000000000000D+00  0.00000000000000D+00  0.57546899628777D-15
  0.62607838357323D+02  0.00000000000000D+00  0.00000000000000D+00 -0.48615800114795D-15
  0.63287916740896D+02  0.00000000000000D+00  0.00000000000000D+00  0.37403992921927D-15
  0.63974795908305D+02  0.00000000000000D+00  0.00000000000000D+00 -0.32254082895202D-15
  0.64668543867388D+02  0.00000000000000D+00  0.00000000000000D+00  0.24183624442168D-15
  0.65369229306062D+02  0.00000000000000D+00  0.00000000000000D+00 -0.21500578760313D-15
  0.66076921599123D+02  0.00000000000000D+00  0.00000000000000D+00  0.15504599286311D-15
  0.66791690815114D+02  0.00000000000000D+00  0.00000000000000D+00 -0.14425336374699D-15
  0.67513607723265D+02  0.00000000000000D+00  0.00000000000000D+00  0.98030226567398D-16
  0.68242743800498D+02  0.00000000000000D+00  0.00000000000000D+00 -0.97605267490783D-16
  0.68979171238503D+02  0.00000000000000D+00  0.00000000000000D+00  0.60501386283002D-16
  0.69722962950888D+02  0.00000000000000D+00  0.00000000000000D+00 -0.66716424359032D-16
  0.70474192580397D+02  0.00000000000000D+00  0.00000000000000D+00  0.35689743158727D-16
  0.71232934506201D+02  0.00000000000000D+00  0.00000000000000D+00 -0.46077563317952D-16
  0.71999263851263D+02  0.00000000000000D+00  0.00000000000000D+00  0.19107906891561D-16
  0.72773256489775D+02  0.00000000000000D+00  0.00000000000000D+00 -0.32032873623581D-16
  0.73554989054673D+02  0.00000000000000D+00  0.00000000000000D+00  0.77567447463313D-17
  0.74344538945220D+02  0.00000000000000D+00  0.00000000000000D+00 -0.22120935433842D-16
  0.75141984334672D+02  0.00000000000000D+00  0.00000000000000D+00 -0.39581696079792D-18
  0.75947404178019D+02  0.00000000000000D+00  0.00000000000000D+00 -0.14622963388800D-16
  0.76760878219799D+02  0.00000000000000D+00  0.00000000000000D+00 -0.68074933684710D-17
  0.77582487001997D+02  0.00000000000000D+00  0.00000000000000D+00 -0.82934327626455D-17
  0.78412311872017D+02  0.00000000000000D+00  0.00000000000000D+00 -0.12568654547260D-16
  0.79250434990737D+02  0.00000000000000D+00  0.00000000000000D+00 -0.21771346159510D-17
  0.80096939340644D+02  0.00000000000000D+00  0.00000000000000D+00 -0.18488778746677D-16
  0.80951908734051D+02  0.00000000000000D+00  0.00000000000000D+00  0.42951010026862D-17
  0.81815427821391D+02  0.00000000000000D+00  0.00000000000000D+00 -0.24602121583838D-16
  0.82687582099605D+02  0.00000000000000D+00  0.00000000000000D+00  0.98657078924842D-17
  0.83568457920601D+02  0.00000000000000D+00  0.00000000000000D+00 -0.26540174326186D-16
  0.84458142499807D+02  0.00000000000000D+00  0.00000000000000D+00  0.30395864166185D-17
  0.85356723924806D+02  0.00000000000000D+00  0.00000000000000D+00 -0.10040193164101D-17
  0.86264291164054D+02  0.00000000000000D+00  0.00000000000000D+00  0.98788908767016D-18
