 -0.86264291164054D+02 -0.78416186056990D-16 -0.89258381903364D-18  0.10000000000000D+01
 -0.85356723924806D+02  0.00000000000000D+00  0.74959701645621D-19  0.99989509582520D+00
 -0.84458142499807D+02  0.00000000000000D+00 -0.21858460944215D-19  0.99989509582520D+00
 -0.83568457920601D+02  0.00000000000000D+00 -0.98687477683107D-20  0.99989509582520D+00
 -0.82687582099605D+02  0.00000000000000D+00  0.55260524604641D-19  0.99989509582520D+00
 -0.81815427821391D+02  0.00000000000000D+00 -0.29500598446660D-19  0.99989509582520D+00
 -0.80951908734051D+02  0.00000000000000D+00  0.94586673250825D-20  0.99989509582520D+00
 -0.80096939340644D+02  0.00000000000000D+00 -0.42033683658894D-19  0.99989509582520D+00
 -0.79250434990737D+02  0.00000000000000D+00 -0.16774077371297D-19  0.99989509582520D+00
 -0.78412311872017D+02  0.00000000000000D+00  0.63769880199990D-19  0.99989509582520D+00
 -0.77582487001997D+02  0.00000000000000D+00 -0.13556062060718D-19  0.99989509582520D+00
 -0.76760878219799D+02  0.00000000000000D+00  0.19532264271829D-19  0.99989509582520D+00
 -0.75947404178019D+02  0.00000000000000D+00  0.20414323148146D-19  0.99989509582520D+00
 -0.75141984334672D+02  0.00000000000000D+00 -0.15743101750914D-19  0.99989509582520D+00
 -0.74344538945220D+02  0.00000000000000D+00  0.35556071056082D-19  0.99989509582520D+00
 -0.73554989054673D+02  0.00000000000000D+00 -0.73808809070224D-19  0.99989509582520D+00
 -0.72773256489775D+02  0.00000000000000D+00  0.10784460293979D-18  0.99989509582520D+00
 -0.71999263851263D+02  0.00000000000000D+00 -0.33146290367736D-19  0.99989509582520D+00
 -0.71232934506201D+02  0.00000000000000D+00 -0.32131375299051D-19  0.99989509582520D+00
 -0.70474192580397D+02  0.00000000000000D+00  0.29069388547101D-19  0.99989509582520D+00
 -0.69722962950888D+02  0.00000000000000D+00 -0.31495654686561D-19  0.99989509582520D+00
 -0.68979171238503D+02  0.00000000000000D+00  0.78729751770742D-19  0.99989509582520D+00
 -0.68242743800498D+02  0.00000000000000D+00  0.65982342769325D-19  0.99989509582520D+00
 -0.67513607723265D+02  0.00000000000000D+00 -0.12242180007966D-18  0.99989509582520D+00
 -0.66791690815114D+02  0.00000000000000D+00  0.91801325099399D-19  0.99989509582520D+00
 -0.66076921599123D+02  0.00000000000000D+00 -0.83240445199176D-19  0.99989509582520D+00
 -0.65369229306062D+02  0.00000000000000D+00  0.47463455527231D-19  0.99989509582520D+00
 -0.64668543867388D+02  0.00000000000000D+00 -0.57049043377552D-20  0.99989509582520D+00
 -0.63974795908305D+02  0.00000000000000D+00 -0.26797173487619D-19  0.99989509582520D+00
 -0.63287916740896D+02  0.00000000000000D+00  0.20309700956529D-19  0.99989509582520D+00
 -0.62607838357323D+02  0.00000000000000D+00  0.32607537295023D-19  0.99989509582520D+00
 -0.61934493423092D+02  0.00000000000000D+00  0.19784631906840D-19  0.99989509582520D+00
 -0.61267815270388D+02  0.00000000000000D+00 -0.29717041886161D-19  0.99989509582520D+00
 -0.60607737891473D+02  0.00000000000000D+00  0.81586452327936D-19  0.99989509582520D+00
 -0.59954195932152D+02  0.00000000000000D+00  0.12879604418647D-19  0.99989509582520D+00
 -0.59307124685299D+02  0.00000000000000D+00 -0.14699718421342D-19  0.99989509582520D+00
 -0.58666460084454D+02  0.00000000000000D+00  0.33353899776790D-19  0.99989509582520D+00
 -0.58032138697480D+02  0.00000000000000D+00  0.53004211769318D-19  0.99989509582520D+00
 -0.57404097720277D+02  0.00000000000000D+00 -0.64039515230288D-19  0.99989509582520D+00
 -0.56782274970571D+02  0.00000000000000D+00 -0.63278211798707D-19  0.99989509582520D+00
 -0.56166608881754D+02  0.00000000000000D+00  0.60819553137212D-19  0.99989509582520D+00
 -0.55557038496786D+02  0.00000000000000D+00 -0.14688390893711D-18  0.99989509582520D+00
 -0.54953503462164D+02  0.00000000000000D+00  0.73921027752544D-19  0.99989509582520D+00
 -0.54355944021945D+02  0.00000000000000D+00 -0.11135294733627D-18  0.99989509582520D+00
 -0.53764301011826D+02  0.00000000000000D+00  0.92821723470817D-19  0.99989509582520D+00
 -0.53178515853293D+02  0.00000000000000D+00 -0.13775956394338D-18  0.99989509582520D+00
 -0.52598530547815D+02  0.00000000000000D+00  0.83341335384513D-19  0.99989509582520D+00
 -0.52024287671104D+02  0.00000000000000D+00  0.10810444831985D-20  0.99989509582520D+00
 -0.51455730367430D+02  0.00000000000000D+00 -0.96299510652243D-20  0.99989509582520D+00
 -0.50892802343990D+02  0.00000000000000D+00  0.30199504671956D-19  0.99989509582520D+00
 -0.50335447865337D+02  0.00000000000000D+00 -0.20407990046581D-19  0.99989509582520D+00
 -0.49783611747858D+02  0.00000000000000D+00  0.39013243345679D-19  0.99989509582520D+00
 -0.49237239354315D+02  0.00000000000000D+00  0.39712750569389D-19  0.99989509582520D+00
 -0.48696276588431D+02  0.00000000000000D+00 -0.98980561345066D-19  0.99989509582520D+00
 -0.48160669889535D+02  0.00000000000000D+00 -0.81168157431926D-19  0.99989509582520D+00
 -0.47630366227263D+02  0.00000000000000D+00  0.82644319396163D-19  0.99989509582520D+00
 -0.47105313096300D+02  0.00000000000000D+00 -0.12343000399939D-18  0.99989509582520D+00
 -0.46585458511188D+02  0.00000000000000D+00 -0.36681143317905D-19  0.99989509582520D+00
 -0.46070751001176D+02  0.00000000000000D+00  0.10238956005750D-18  0.99989509582520D+00
 -0.45561139605125D+02  0.00000000000000D+00 -0.81872637432834D-19  0.99989509582520D+00
 -0.45056573866460D+02  0.00000000000000D+00 -0.12595121173236D-18  0.99989509582520D+00
 -0.44557003828178D+02  0.00000000000000D+00  0.65472528093354D-19  0.99989509582520D+00
 -0.44062380027899D+02  0.00000000000000D+00 -0.93814042937848D-19  0.99989509582520D+00
 -0.43572653492970D+02  0.00000000000000D+00 -0.50116740739571D-19  0.99989509582520D+00
 -0.43087775735614D+02  0.00000000000000D+00  0.27633077301343D-18  0.99989509582520D+00
 -0.42607698748132D+02  0.00000000000000D+00 -0.22319599918547D-18  0.99989509582520D+00
 -0.42132374998151D+02  0.00000000000000D+00  0.36650967381418D-19  0.99989509582520D+00
 -0.41661757423912D+02  0.00000000000000D+00  0.22545806027982D-19  0.99989509582520D+00
 -0.41195799429615D+02  0.00000000000000D+00 -0.18519616195009D-18  0.99989509582520D+00
 -0.40734454880807D+02  0.00000000000000D+00  0.14044471822752D-19  0.99989509582520D+00
 -0.40277678099809D+02  0.00000000000000D+00 -0.90059043622467D-19  0.99989509582520D+00
 -0.39825423861197D+02  0.00000000000000D+00  0.78269800576071D-19  0.99989509582520D+00
 -0.39377647387324D+02  0.00000000000000D+00 -0.34200551445481D-19  0.99989509582520D+00
 -0.38934304343885D+02  0.00000000000000D+00  0.18958933110806D-18  0.99989509582520D+00
 -0.38495350835530D+02  0.00000000000000D+00  0.13578337776120D-18  0.99989509582520D+00
 -0.38060743401515D+02  0.00000000000000D+00 -0.53784281861047D-19  0.99989509582520D+00
 -0.37630439011401D+02  0.00000000000000D+00 -0.11670052782475D-18  0.99989509582520D+00
 -0.37204395060793D+02  0.00000000000000D+00  0.15646435356579D-18  0.99989509582520D+00
 -0.36782569367122D+02  0.00000000000000D+00 -0.12192250610710D-18  0.99989509582520D+00
 -0.36364920165467D+02  0.00000000000000D+00  0.11403824702325D-18  0.99989509582520D+00
 -0.35951406104423D+02  0.00000000000000D+00  0.35715219313468D-19  0.99989509582520D+00
 -0.35541986242003D+02  0.00000000000000D+00 -0.24449158310989D-18  0.99989509582520D+00
 -0.35136620041587D+02  0.00000000000000D+00  0.20691349166464D-18  0.99989509582520D+00
 -0.34735267367908D+02  0.00000000000000D+00 -0.16776687190754D-18  0.99989509582520D+00
 -0.34337888483077D+02  0.00000000000000D+00  0.72703172321622D-19  0.99989509582520D+00
 -0.33944444042650D+02  0.00000000000000D+00  0.69873051403954D-19  0.99989509582520D+00
 -0.33554895091733D+02  0.00000000000000D+00 -0.15534429931761D-18  0.99989509582520D+00
 -0.33169203061122D+02  0.00000000000000D+00 -0.14469542168085D-18  0.99989509582520D+00
 -0.32787329763487D+02  0.00000000000000D+00  0.53213805119372D-19  0.99989509582520D+00
 -0.32409237389591D+02  0.00000000000000D+00 -0.32858641540895D-19  0.99989509582520D+00
 -0.32034888504546D+02  0.00000000000000D+00  0.60490050910081D-19  0.99989509582520D+00
 -0.31664246044105D+02  0.00000000000000D+00  0.12794155045783D-18  0.99989509582520D+00
 -0.31297273310995D+02  0.00000000000000D+00 -0.56961427663900D-19  0.99989509582520D+00
 -0.30933933971282D+02  0.00000000000000D+00  0.22052503298754D-18  0.99989509582520D+00
 -0.30574192050774D+02  0.00000000000000D+00 -0.11001742546321D-18  0.99989509582520D+00
 -0.30218011931459D+02  0.00000000000000D+00  0.16943543737472D-18  0.99989509582520D+00
 -0.29865358347980D+02  0.00000000000000D+00 -0.34675054556584D-18  0.99989509582520D+00
 -0.29516196384138D+02  0.00000000000000D+00  0.44186447698692D-18  0.99989509582520D+00
 -0.29170491469444D+02  0.00000000000000D+00 -0.43125557543820D-18  0.99989509582520D+00
 -0.28828209375687D+02  0.00000000000000D+00  0.15934184349823D-18  0.99989509582520D+00
 -0.28489316213551D+02  0.00000000000000D+00 -0.44189192904350D-18  0.99989509582520D+00
 -0.28153778429259D+02  0.00000000000000D+00  0.33206307491056D-18  0.99989509582520D+00
 -0.27821562801246D+02  0.00000000000000D+00 -0.25885859882599D-18  0.99989509582520D+00
 -0.27492636436878D+02  0.00000000000000D+00  0.27297293671434D-18  0.99989509582520D+00
 -0.27166966769186D+02  0.00000000000000D+00 -0.81719596094814D-19  0.99989509582520D+00
 -0.26844521553649D+02  0.00000000000000D+00 -0.13793199232700D-18  0.99989509582520D+00
 -0.26525268864999D+02  0.00000000000000D+00 -0.61641525096846D-19  0.99989509582520D+00
 -0.26209177094059D+02  0.00000000000000D+00  0.22085107139585D-18  0.99989509582520D+00
 -0.25896214944613D+02  0.00000000000000D+00 -0.41120177055898D-18  0.99989509582520D+00
 -0.25586351430310D+02  0.00000000000000D+00  0.45349556697760D-18  0.99989509582520D+00
 -0.25279555871594D+02  0.00000000000000D+00 -0.25349795146876D-18  0.99989509582520D+00
 -0.24975797892667D+02  0.00000000000000D+00  0.12127044221517D-18  0.99989509582520D+00
 -0.24675047418482D+02  0.00000000000000D+00  0.12587770898012D-18  0.99989509582520D+00
 -0.24377274671764D+02  0.00000000000000D+00  0.55722970265846D-19  0.99989509582520D+00
 -0.24082450170064D+02  0.00000000000000D+00 -0.23612285791220D-19  0.99989509582520D+00
 -0.23790544722835D+02  0.00000000000000D+00  0.10364918810936D-19  0.99989509582520D+00
 -0.23501529428550D+02  0.00000000000000D+00  0.30703439903229D-18  0.99989509582520D+00
 -0.23215375671832D+02  0.00000000000000D+00 -0.48526400708937D-18  0.99989509582520D+00
 -0.22932055120625D+02  0.00000000000000D+00  0.46633857996325D-18  0.99989509582520D+00
 -0.22651539723391D+02  0.00000000000000D+00 -0.20901699903767D-18  0.99989509582520D+00
 -0.22373801706328D+02  0.00000000000000D+00 -0.36311003258242D-18  0.99989509582520D+00
 -0.22098813570622D+02  0.00000000000000D+00  0.55022399985802D-18  0.99989509582520D+00
 -0.21826548089725D+02  0.00000000000000D+00 -0.14208597704097D-19  0.99989509582520D+00
 -0.21556978306658D+02  0.00000000000000D+00  0.84091135835701D-19  0.99989509582520D+00
 -0.21290077531345D+02  0.00000000000000D+00  0.63052731411013D-18  0.99989509582520D+00
 -0.21025819337965D+02  0.00000000000000D+00 -0.41436245352894D-18  0.99989509582520D+00
 -0.20764177562342D+02  0.00000000000000D+00 -0.12077952603125D-17  0.99989509582520D+00
 -0.20505126299348D+02  0.00000000000000D+00  0.51705347826822D-17  0.99989509582520D+00
 -0.20248639900345D+02  0.00000000000000D+00 -0.16970798097885D-16  0.99989509582520D+00
 -0.19994692970638D+02  0.00000000000000D+00  0.62230392286585D-16  0.99989509582520D+00
 -0.19743260366969D+02  0.00000000000000D+00 -0.22753340489302D-15  0.99989509582520D+00
 -0.19494317195018D+02  0.00000000000000D+00  0.82531316960213D-15  0.99989509582520D+00
 -0.19247838806949D+02  0.00000000000000D+00 -0.29998254162162D-14  0.99989509582520D+00
 -0.19003800798959D+02  0.00000000000000D+00  0.10913300394399D-13  0.99989509582520D+00
 -0.18762179008871D+02  0.00000000000000D+00 -0.39702480669410D-13  0.99989509582520D+00
 -0.18522949513733D+02  0.00000000000000D+00  0.14445316145507D-12  0.99989509582520D+00
 -0.18286088627459D+02  0.00000000000000D+00 -0.52571331619553D-12  0.99989509582520D+00
 -0.18051572898474D+02  0.00000000000000D+00  0.19165851631447D-11  0.99989509582520D+00
 -0.17819379107400D+02  0.00000000000000D+00 -0.70756560333063D-11  0.99989509582520D+00
 -0.17589484264752D+02  0.00000000000000D+00  0.28457340650601D-10  0.99989509582520D+00
 -0.17361865608666D+02  0.00000000000000D+00 -0.17539339425277D-09  0.99989509582520D+00
 -0.17136500602639D+02  0.00000000000000D+00  0.17692589060481D-09  0.99989509582520D+00
 -0.16913366933306D+02  0.00000000000000D+00 -0.27424694459821D-10  0.99989509582520D+00
 -0.16692442508224D+02  0.00000000000000D+00 -0.85448461457568D-12  0.99989509582520D+00
 -0.16473705453687D+02  0.00000000000000D+00  0.31699361885407D-10  0.99989509582520D+00
 -0.16257134112562D+02  0.00000000000000D+00 -0.20195968508663D-09  0.99989509582520D+00
 -0.16042707042140D+02  0.00000000000000D+00  0.23047024011458D-09  0.99989509582520D+00
 -0.15830403012020D+02  0.00000000000000D+00 -0.24104962470517D-09  0.99989509582520D+00
 -0.15620201002000D+02  0.00000000000000D+00  0.23911492230688D-09  0.99989509582520D+00
 -0.15412080200000D+02  0.00000000000000D+00 -0.21611187839277D-09  0.99989509582520D+00
 -0.15206020000000D+02  0.00000000000000D+00  0.26636467337360D-10  0.99989509582520D+00
 -0.15002000000000D+02  0.00000000000000D+00  0.26454401169662D-10  0.99989509582520D+00
 -0.14800000000000D+02  0.00000000000000D+00 -0.22664699284025D-09  0.99989509582520D+00
 -0.14600000000000D+02  0.00000000000000D+00  0.24508564622217D-09  0.99989509582520D+00
 -0.14400000000000D+02  0.00000000000000D+00 -0.19939042084083D-09  0.99989509582520D+00
 -0.14200000000000D+02  0.00000000000000D+00 -0.16394109680906D-09  0.99989509582520D+00
 -0.14000000000000D+02  0.00000000000000D+00  0.52916632881095D-10  0.99989509582520D+00
 -0.13800000000000D+02  0.00000000000000D+00 -0.21195267763119D-09  0.99989509582520D+00
 -0.13600000000000D+02  0.00000000000000D+00  0.83281270768509D-10  0.99989509582520D+00
 -0.13400000000000D+02  0.00000000000000D+00 -0.36869968189635D-09  0.99989509582520D+00
 -0.13200000000000D+02  0.00000000000000D+00 -0.12467481214085D-09  0.99989509582520D+00
 -0.13000000000000D+02  0.00000000000000D+00 -0.94283421347985D-10  0.99989509582520D+00
 -0.12800000000000D+02  0.00000000000000D+00 -0.54317006448201D-09  0.99989509582520D+00
 -0.12600000000000D+02  0.00000000000000D+00 -0.46493871252995D-10  0.99989509582520D+00
 -0.12400000000000D+02  0.00000000000000D+00 -0.47755449594789D-09  0.99989509582520D+00
 -0.12200000000000D+02  0.00000000000000D+00 -0.59980115318936D-09  0.99989509582520D+00
 -0.12000000000000D+02  0.00000000000000D+00 -0.56719101637626D-09  0.99989509582520D+00
 -0.11800000000000D+02  0.00000000000000D+00 -0.73549566437237D-09  0.99989509582520D+00
 -0.11600000000000D+02  0.00000000000000D+00 -0.89155133276009D-09  0.99989509582520D+00
 -0.11400000000000D+02  0.00000000000000D+00 -0.97765873174893D-09  0.99989509582520D+00
 -0.11200000000000D+02  0.00000000000000D+00 -0.15243599715831D-08  0.99989509582520D+00
 -0.11000000000000D+02  0.00000000000000D+00 -0.15651527851546D-08  0.99989509582520D+00
 -0.10800000000000D+02  0.00000000000000D+00 -0.20644088660760D-08  0.99989509582520D+00
 -0.10600000000000D+02  0.00000000000000D+00 -0.25020623350969D-08  0.99989509582520D+00
 -0.10400000000000D+02  0.00000000000000D+00 -0.28941449237152D-08  0.99989509582520D+00
 -0.10200000000000D+02  0.00000000000000D+00 -0.36920209112168D-08  0.99989509582520D+00
 -0.10000000000000D+02  0.00000000000000D+00 -0.43427839102606D-08  0.99989509582520D+00
 -0.98000000000000D+01  0.00000000000000D+00 -0.55928781605985D-08  0.99989509582520D+00
 -0.96000000000000D+01  0.00000000000000D+00 -0.67423151506318D-08  0.99989509582520D+00
 -0.94000000000000D+01  0.00000000000000D+00 -0.80179214378973D-08  0.99989509582520D+00
 -0.92000000000000D+01  0.00000000000000D+00 -0.99285051291531D-08  0.99989509582520D+00
 -0.90000000000000D+01  0.00000000000000D+00 -0.12380083624919D-07  0.99989509582520D+00
 -0.88000000000000D+01  0.00000000000000D+00 -0.14499978107096D-07  0.99989509582520D+00
 -0.86000000000000D+01  0.00000000000000D+00 -0.18392610101614D-07  0.99989509582520D+00
 -0.84000000000000D+01  0.00000000000000D+00 -0.22055308690483D-07  0.99989509582520D+00
 -0.82000000000000D+01  0.00000000000000D+00 -0.26894667826127D-07  0.99989509582520D+00
 -0.80000000000000D+01  0.00000000000000D+00 -0.33082784511862D-07  0.99989509582520D+00
 -0.78000000000000D+01  0.00000000000000D+00 -0.40391153532937D-07  0.99989509582520D+00
 -0.76000000000000D+01  0.00000000000000D+00 -0.49153630499177D-07  0.99989509582520D+00
 -0.74000000000000D+01  0.00000000000000D+00 -0.59936382967862D-07  0.99989509582520D+00
 -0.72000000000000D+01  0.00000000000000D+00 -0.73519828447388D-07  0.99989509582520D+00
 -0.70000000000000D+01  0.00000000000000D+00 -0.89314703188847D-07  0.99989533424377D+00
 -0.68000000000000D+01  0.00000000000000D+00 -0.10933155891735D-06  0.99989533424377D+00
 -0.66000000000000D+01  0.00000000000000D+00 -0.13327755254977D-06  0.99989533424377D+00
 -0.64000000000000D+01  0.00000000000000D+00 -0.16251328815997D-06  0.99989551305771D+00
 -0.62000000000000D+01  0.00000000000000D+00 -0.19843677989684D-06  0.99989628791809D+00
 -0.60000000000000D+01  0.00000000000000D+00 -0.24169420953513D-06  0.99989742040634D+00
 -0.58000000000000D+01  0.00000000000000D+00 -0.29448210625560D-06  0.99989986419678D+00
 -0.56000000000000D+01  0.00000000000000D+00 -0.35914146678806D-06  0.99990463256836D+00
 -0.54000000000000D+01  0.00000000000000D+00 -0.43692787699001D-06  0.99991416931152D+00
 -0.52000000000000D+01  0.00000000000000D+00 -0.53150392886891D-06  0.99993252754211D+00
 -0.50000000000000D+01  0.00000000000000D+00 -0.64641778863006D-06  0.99996662139893D+00
 -0.48000000000000D+01  0.00000000000000D+00 -0.78500141853510D-06  0.10000293254852D+01
 -0.46000000000000D+01  0.00000000000000D+00 -0.95178921810657D-06  0.10001420974731D+01
 -0.44000000000000D+01  0.00000000000000D+00 -0.11537678119566D-05  0.10003404617310D+01
 -0.42000000000000D+01  0.00000000000000D+00 -0.13955678923594D-05  0.10006825923920D+01
 -0.40000000000000D+01  0.00000000000000D+00 -0.16854602336025D-05  0.10012598037720D+01
 -0.38000000000000D+01  0.00000000000000D+00 -0.20330041934358D-05  0.10022137165070D+01
 -0.36000000000000D+01  0.00000000000000D+00 -0.24475314148731D-05  0.10037560462952D+01
 -0.34000000000000D+01  0.00000000000000D+00 -0.29434982025123D-05  0.10061974525452D+01
 -0.32000000000000D+01  0.00000000000000D+00 -0.35357820706849D-05  0.10099788904190D+01
 -0.30000000000000D+01  0.00000000000000D+00 -0.42465603655728D-05  0.10157094001770D+01
 -0.28000000000000D+01  0.00000000000000D+00 -0.51026013352384D-05  0.10242054462433D+01
 -0.26000000000000D+01  0.00000000000000D+00 -0.61409227782860D-05  0.10365264415741D+01
 -0.24000000000000D+01  0.00000000000000D+00 -0.74099789344473D-05  0.10539989471436D+01
 -0.22000000000000D+01  0.00000000000000D+00 -0.89696013674256D-05  0.10782229900360D+01
 -0.20000000000000D+01  0.00000000000000D+00 -0.10895742889261D-04  0.11110475063324D+01
 -0.18000000000000D+01  0.00000000000000D+00 -0.13263395885588D-04  0.11545047760010D+01
 -0.16000000000000D+01  0.00000000000000D+00 -0.16139945728355D-04  0.12106935977936D+01
 -0.14000000000000D+01  0.00000000000000D+00 -0.19540977518773D-04  0.12816120386124D+01
 -0.12000000000000D+01  0.00000000000000D+00 -0.23386297471006D-04  0.13689342737198D+01
 -0.10000000000000D+01  0.00000000000000D+00 -0.27421361664892D-04  0.14737507104874D+01
 -0.80000000000000D+00  0.00000000000000D+00 -0.31160434446065D-04  0.15962899923325D+01
 -0.60000000000000D+00  0.00000000000000D+00 -0.33840718970168D-04  0.17356542348862D+01
 -0.40000000000000D+00  0.00000000000000D+00 -0.34498712921049D-04  0.18896116018295D+01
 -0.20000000000000D+00  0.00000000000000D+00 -0.32103405828821D-04  0.20544800758362D+01
  0.00000000000000D+00  0.00000000000000D+00 -0.25887742594932D-04  0.22251479625702D+01
  0.20000000000000D+00  0.00000000000000D+00 -0.15605837688781D-04  0.23952479362488D+01
  0.40000000000000D+00  0.00000000000000D+00 -0.18510726249588D-05  0.25574967861176D+01
  0.60000000000000D+00  0.00000000000000D+00  0.14056190593692D-04  0.27041828632355D+01
  0.80000000000000D+00  0.00000000000000D+00  0.30110819352558D-04  0.28277575969696D+01
  0.10000000000000D+01  0.00000000000000D+00  0.44376218284015D-04  0.29214739799500D+01
  0.12000000000000D+01  0.00000000000000D+00  0.54990177886793D-04  0.29799950122833D+01
  0.14000000000000D+01  0.00000000000000D+00  0.61190170526970D-04  0.29998958110809D+01
  0.16000000000000D+01  0.00000000000000D+00  0.62589781009592D-04  0.29799950122833D+01
  0.18000000000000D+01  0.00000000000000D+00  0.60005993873347D-04  0.29214737415314D+01
  0.20000000000000D+01  0.00000000000000D+00  0.54327378165908D-04  0.28277575969696D+01
  0.22000000000000D+01  0.00000000000000D+00  0.46904362534406D-04  0.27041828632355D+01
  0.24000000000000D+01  0.00000000000000D+00  0.38806916563772D-04  0.25574967861176D+01
  0.26000000000000D+01  0.00000000000000D+00  0.30972834792919D-04  0.23952479362488D+01
  0.28000000000000D+01  0.00000000000000D+00  0.23952701667440D-04  0.22251479625702D+01
  0.30000000000000D+01  0.00000000000000D+00  0.18053597159451D-04  0.20544800758362D+01
  0.32000000000000D+01  0.00000000000000D+00  0.13324468454812D-04  0.18896116018295D+01
  0.34000000000000D+01  0.00000000000000D+00  0.96869689514278D-05  0.17356542348862D+01
  0.36000000000000D+01  0.00000000000000D+00  0.69729380811623D-05  0.15962899923325D+01
  0.38000000000000D+01  0.00000000000000D+00  0.49996451707557D-05  0.14737507104874D+01
  0.40000000000000D+01  0.00000000000000D+00  0.35890184335585D-05  0.13689342737198D+01
  0.42000000000000D+01  0.00000000000000D+00  0.25930103220162D-05  0.12816121578217D+01
  0.44000000000000D+01  0.00000000000000D+00  0.18927944438474D-05  0.12106935977936D+01
  0.46000000000000D+01  0.00000000000000D+00  0.14005058801558D-05  0.11545045375824D+01
  0.48000000000000D+01  0.00000000000000D+00  0.10519718216528D-05  0.11110475063324D+01
  0.50000000000000D+01  0.00000000000000D+00  0.80263407653547D-06  0.10782229900360D+01
  0.52000000000000D+01  0.00000000000000D+00  0.62150149915396D-06  0.10539987087250D+01
  0.54000000000000D+01  0.00000000000000D+00  0.48770385774333D-06  0.10365264415741D+01
  0.56000000000000D+01  0.00000000000000D+00  0.38700923710167D-06  0.10242055654526D+01
  0.58000000000000D+01  0.00000000000000D+00  0.30990958066468D-06  0.10157092809677D+01
  0.60000000000000D+01  0.00000000000000D+00  0.24988912628032D-06  0.10099786520004D+01
  0.62000000000000D+01  0.00000000000000D+00  0.20254073263004D-06  0.10061974525452D+01
  0.64000000000000D+01  0.00000000000000D+00  0.16475998165788D-06  0.10037560462952D+01
  0.66000000000000D+01  0.00000000000000D+00  0.13436620349694D-06  0.10022137165070D+01
  0.68000000000000D+01  0.00000000000000D+00  0.10975976039163D-06  0.10012598037720D+01
  0.70000000000000D+01  0.00000000000000D+00  0.89756191812285D-07  0.10006825923920D+01
  0.72000000000000D+01  0.00000000000000D+00  0.73444056170047D-07  0.10003404617310D+01
  0.74000000000000D+01  0.00000000000000D+00  0.60120889600057D-07  0.10001419782639D+01
  0.76000000000000D+01  0.00000000000000D+00  0.49223238818286D-07  0.10000293254852D+01
  0.78000000000000D+01  0.00000000000000D+00  0.40306044724048D-07  0.99996662139893D+00
  0.80000000000000D+01  0.00000000000000D+00  0.33005115085416D-07  0.99993240833282D+00
  0.82000000000000D+01  0.00000000000000D+00  0.27026935356389D-07  0.99991440773010D+00
  0.84000000000000D+01  0.00000000000000D+00  0.22131372290346D-07  0.99990487098694D+00
  0.86000000000000D+01  0.00000000000000D+00  0.18122234379803D-07  0.99989986419678D+00
  0.88000000000000D+01  0.00000000000000D+00  0.14839055317850D-07  0.99989742040634D+00
  0.90000000000000D+01  0.00000000000000D+00  0.12150434436364D-07  0.99989616870880D+00
  0.92000000000000D+01  0.00000000000000D+00  0.99488293159311D-08  0.99989575147629D+00
  0.94000000000000D+01  0.00000000000000D+00  0.81459647915949D-08  0.99989539384842D+00
  0.96000000000000D+01  0.00000000000000D+00  0.66697873890575D-08  0.99989533424377D+00
  0.98000000000000D+01  0.00000000000000D+00  0.54610089783580D-08  0.99989533424377D+00
  0.10000000000000D+02  0.00000000000000D+00  0.44712802349522D-08  0.99989533424377D+00
  0.10200000000000D+02  0.00000000000000D+00  0.36608776010638D-08  0.99989533424377D+00
  0.10400000000000D+02  0.00000000000000D+00  0.29973759030355D-08  0.99989533424377D+00
  0.10600000000000D+02  0.00000000000000D+00  0.24540858234445D-08  0.99989533424377D+00
  0.10800000000000D+02  0.00000000000000D+00  0.20092754127177D-08  0.99989533424377D+00
  0.11000000000000D+02  0.00000000000000D+00  0.16450771855858D-08  0.99989533424377D+00
  0.11200000000000D+02  0.00000000000000D+00  0.13468949289219D-08  0.99989533424377D+00
  0.11400000000000D+02  0.00000000000000D+00  0.11027544433162D-08  0.99989533424377D+00
  0.11600000000000D+02  0.00000000000000D+00  0.90286467191447D-09  0.99989533424377D+00
  0.11800000000000D+02  0.00000000000000D+00  0.73920902732283D-09  0.99989533424377D+00
  0.12000000000000D+02  0.00000000000000D+00  0.60521609945852D-09  0.99989533424377D+00
  0.12200000000000D+02  0.00000000000000D+00  0.49551240888235D-09  0.99989533424377D+00
  0.12400000000000D+02  0.00000000000000D+00  0.40569173020977D-09  0.99989533424377D+00
  0.12600000000000D+02  0.00000000000000D+00  0.33215361017191D-09  0.99989533424377D+00
  0.12800000000000D+02  0.00000000000000D+00  0.27194413387832D-09  0.99989533424377D+00
  0.13000000000000D+02  0.00000000000000D+00  0.22265109200781D-09  0.99989533424377D+00
  0.13200000000000D+02  0.00000000000000D+00  0.18229029397077D-09  0.99989533424377D+00
  0.13400000000000D+02  0.00000000000000D+00  0.14924779467851D-09  0.99989533424377D+00
  0.13600000000000D+02  0.00000000000000D+00  0.12219300571381D-09  0.99989533424377D+00
  0.13800000000000D+02  0.00000000000000D+00  0.10004380657236D-09  0.99989533424377D+00
  0.14000000000000D+02  0.00000000000000D+00  0.81908729798741D-10  0.99989533424377D+00
  0.14200000000000D+02  0.00000000000000D+00  0.67061620145914D-10  0.99989533424377D+00
  0.14400000000000D+02  0.00000000000000D+00  0.54905007623729D-10  0.99989533424377D+00
  0.14600000000000D+02  0.00000000000000D+00  0.44952673527998D-10  0.99989533424377D+00
  0.14800000000000D+02  0.00000000000000D+00  0.36804035513649D-10  0.99989533424377D+00
  0.15002000000000D+02  0.00000000000000D+00  0.30072576373552D-10  0.99989533424377D+00
  0.15206020000000D+02  0.00000000000000D+00  0.24522351163569D-10  0.99989533424377D+00
  0.15412080200000D+02  0.00000000000000D+00  0.19956028149415D-10  0.99989533424377D+00
  0.15620201002000D+02  0.00000000000000D+00  0.16206464989454D-10  0.99989533424377D+00
  0.15830403012020D+02  0.00000000000000D+00  0.13134013841787D-10  0.99989533424377D+00
  0.16042707042140D+02  0.00000000000000D+00  0.10621775160813D-10  0.99989533424377D+00
  0.16257134112562D+02  0.00000000000000D+00  0.85717431416721D-11  0.99989533424377D+00
  0.16473705453687D+02  0.00000000000000D+00  0.69026741787714D-11  0.99989533424377D+00
  0.16692442508224D+02  0.00000000000000D+00  0.55464946871475D-11  0.99989533424377D+00
  0.16913366933306D+02  0.00000000000000D+00  0.44470646783090D-11  0.99989533424377D+00
  0.17136500602639D+02  0.00000000000000D+00  0.35576825773570D-11  0.99989533424377D+00
  0.17361865608666D+02  0.00000000000000D+00  0.28398368726035D-11  0.99989533424377D+00
  0.17589484264752D+02  0.00000000000000D+00  0.22617142533821D-11  0.99989533424377D+00
  0.17819379107400D+02  0.00000000000000D+00  0.17972078903208D-11  0.99989533424377D+00
  0.18051572898474D+02  0.00000000000000D+00  0.14248055860144D-11  0.99989533424377D+00
  0.18286088627459D+02  0.00000000000000D+00  0.11269593114607D-11  0.99989533424377D+00
  0.18522949513733D+02  0.00000000000000D+00  0.88928484801715D-12  0.99989533424377D+00
  0.18762179008871D+02  0.00000000000000D+00  0.70007389642301D-12  0.99989533424377D+00
  0.19003800798959D+02  0.00000000000000D+00  0.54980569793098D-12  0.99989533424377D+00
  0.19247838806949D+02  0.00000000000000D+00  0.43074875263893D-12  0.99989533424377D+00
  0.19494317195018D+02  0.00000000000000D+00  0.33665271633766D-12  0.99989533424377D+00
  0.19743260366969D+02  0.00000000000000D+00  0.26246135798567D-12  0.99989533424377D+00
  0.19994692970638D+02  0.00000000000000D+00  0.20411290387913D-12  0.99989533424377D+00
  0.20248639900345D+02  0.00000000000000D+00  0.15833700724253D-12  0.99989533424377D+00
  0.20505126299348D+02  0.00000000000000D+00  0.12251583482534D-12  0.99989533424377D+00
  0.20764177562342D+02  0.00000000000000D+00  0.94555487300651D-13  0.99989533424377D+00
  0.21025819337965D+02  0.00000000000000D+00  0.72787784100806D-13  0.99989533424377D+00
  0.21290077531345D+02  0.00000000000000D+00  0.55884560623857D-13  0.99989533424377D+00
  0.21556978306658D+02  0.00000000000000D+00  0.42793568168220D-13  0.99989533424377D+00
  0.21826548089725D+02  0.00000000000000D+00  0.32681743054007D-13  0.99989533424377D+00
  0.22098813570622D+02  0.00000000000000D+00  0.24892184125568D-13  0.99989533424377D+00
  0.22373801706328D+02  0.00000000000000D+00  0.18907652407727D-13  0.99989533424377D+00
  0.22651539723391D+02  0.00000000000000D+00  0.14322331027324D-13  0.99989533424377D+00
  0.22932055120625D+02  0.00000000000000D+00  0.10819118800994D-13  0.99989533424377D+00
  0.23215375671832D+02  0.00000000000000D+00  0.81498350751916D-14  0.99989533424377D+00
  0.23501529428550D+02  0.00000000000000D+00  0.61216125654088D-14  0.99989533424377D+00
  0.23790544722835D+02  0.00000000000000D+00  0.45851058105178D-14  0.99989533424377D+00
  0.24082450170064D+02  0.00000000000000D+00  0.34244292683894D-14  0.99989533424377D+00
  0.24377274671764D+02  0.00000000000000D+00  0.25499530889188D-14  0.99989533424377D+00
  0.24675047418482D+02  0.00000000000000D+00  0.18933805820523D-14  0.99989533424377D+00
  0.24975797892667D+02  0.00000000000000D+00  0.14014323166165D-14  0.99989533424377D+00
  0.25279555871594D+02  0.00000000000000D+00  0.10344303047466D-14  0.99989533424377D+00
  0.25586351430310D+02  0.00000000000000D+00  0.76115545310574D-15  0.99989533424377D+00
  0.25896214944613D+02  0.00000000000000D+00  0.55819201232306D-15  0.99989533424377D+00
  0.26209177094059D+02  0.00000000000000D+00  0.40833271983335D-15  0.99989533424377D+00
  0.26525268864999D+02  0.00000000000000D+00  0.29765219516505D-15  0.99989533424377D+00
  0.26844521553649D+02  0.00000000000000D+00  0.21627108277276D-15  0.99989533424377D+00
  0.27166966769186D+02  0.00000000000000D+00  0.15666926533207D-15  0.99989533424377D+00
  0.27492636436878D+02  0.00000000000000D+00  0.11312365885576D-15  0.99989533424377D+00
  0.27821562801246D+02  0.00000000000000D+00  0.81388470991020D-16  0.99989533424377D+00
  0.28153778429259D+02  0.00000000000000D+00  0.58458726626029D-16  0.99989533424377D+00
  0.28489316213551D+02  0.00000000000000D+00  0.41712428655114D-16  0.99989533424377D+00
  0.28828209375687D+02  0.00000000000000D+00  0.29768870360856D-16  0.99989533424377D+00
  0.29170491469444D+02  0.00000000000000D+00  0.21144776284246D-16  0.99989533424377D+00
  0.29516196384138D+02  0.00000000000000D+00  0.14922961944638D-16  0.99989533424377D+00
  0.29865358347980D+02  0.00000000000000D+00  0.10571798362346D-16  0.99989533424377D+00
  0.30218011931459D+02  0.00000000000000D+00  0.73501598326625D-17  0.99989533424377D+00
  0.30574192050774D+02  0.00000000000000D+00  0.52258756472038D-17  0.99989533424377D+00
  0.30933933971282D+02  0.00000000000000D+00  0.36809289104426D-17  0.99989533424377D+00
  0.31297273310995D+02  0.00000000000000D+00  0.24402634571412D-17  0.99989533424377D+00
  0.31664246044105D+02  0.00000000000000D+00  0.17659822177349D-17  0.99989533424377D+00
  0.32034888504546D+02  0.00000000000000D+00  0.12577588304671D-17  0.99989533424377D+00
  0.32409237389591D+02  0.00000000000000D+00  0.76340829604764D-18  0.99989533424377D+00
  0.32787329763487D+02  0.00000000000000D+00  0.59440940324119D-18  0.99989533424377D+00
  0.33169203061122D+02  0.00000000000000D+00  0.36113544906268D-18  0.99989533424377D+00
  0.33554895091733D+02  0.00000000000000D+00  0.31664489358166D-18  0.99989533424377D+00
  0.33944444042650D+02  0.00000000000000D+00  0.12206984765371D-18  0.99989533424377D+00
  0.34337888483077D+02  0.00000000000000D+00  0.16056371850994D-18  0.99989533424377D+00
  0.34735267367908D+02  0.00000000000000D+00  0.54405071217245D-19  0.99989533424377D+00
  0.35136620041587D+02  0.00000000000000D+00  0.85747506851202D-19  0.99989533424377D+00
  0.35541986242003D+02  0.00000000000000D+00 -0.23724052109142D-19  0.99989533424377D+00
  0.35951406104423D+02  0.00000000000000D+00  0.88655460294632D-19  0.99989533424377D+00
  0.36364920165467D+02  0.00000000000000D+00 -0.11913975258861D-19  0.99989533424377D+00
  0.36782569367122D+02  0.00000000000000D+00 -0.20325703750987D-20  0.99989533424377D+00
  0.37204395060793D+02  0.00000000000000D+00  0.37667898702847D-19  0.99989533424377D+00
  0.37630439011401D+02  0.00000000000000D+00  0.16205653636973D-20  0.99989533424377D+00
  0.38060743401515D+02  0.00000000000000D+00 -0.43055170936040D-19  0.99989533424377D+00
  0.38495350835530D+02  0.00000000000000D+00  0.43586188577556D-19  0.99989533424377D+00
  0.38934304343885D+02  0.00000000000000D+00 -0.70341460197270D-20  0.99989533424377D+00
  0.39377647387324D+02  0.00000000000000D+00  0.17465672257019D-20  0.99989533424377D+00
  0.39825423861197D+02  0.00000000000000D+00 -0.47299271888646D-21  0.99989533424377D+00
  0.40277678099809D+02  0.00000000000000D+00  0.12973640526056D-21  0.99989533424377D+00
  0.40734454880807D+02  0.00000000000000D+00 -0.35648195166605D-22  0.99989533424377D+00
  0.41195799429615D+02  0.00000000000000D+00  0.97975853896680D-23  0.99989533424377D+00
  0.41661757423912D+02  0.00000000000000D+00 -0.26928676161913D-23  0.99989533424377D+00
  0.42132374998151D+02  0.00000000000000D+00  0.74013839052423D-24  0.99989533424377D+00
  0.42607698748132D+02  0.00000000000000D+00 -0.20342820851311D-24  0.99989533424377D+00
  0.43087775735614D+02  0.00000000000000D+00  0.55912568928488D-25  0.99989533424377D+00
  0.43572653492970D+02  0.00000000000000D+00 -0.15367660627655D-25  0.99989533424377D+00
  0.44062380027899D+02  0.00000000000000D+00  0.42238266796996D-26  0.99989533424377D+00
  0.44557003828178D+02  0.00000000000000D+00 -0.11609256296838D-26  0.99989533424377D+00
  0.45056573866460D+02  0.00000000000000D+00  0.31908222317387D-27  0.99989533424377D+00
  0.45561139605125D+02  0.00000000000000D+00 -0.87700283449991D-28  0.99989533424377D+00
  0.46070751001176D+02  0.00000000000000D+00  0.24104561521126D-28  0.99989533424377D+00
  0.46585458511188D+02  0.00000000000000D+00 -0.66251771915169D-29  0.99989533424377D+00
  0.47105313096300D+02  0.00000000000000D+00  0.18209408075029D-29  0.99989533424377D+00
  0.47630366227263D+02  0.00000000000000D+00 -0.50048844299819D-30  0.99989533424377D+00
  0.48160669889535D+02  0.00000000000000D+00  0.13756006349537D-30  0.99989533424377D+00
  0.48696276588431D+02  0.00000000000000D+00 -0.37808609116056D-31  0.99989533424377D+00
  0.49237239354315D+02  0.00000000000000D+00  0.10391756505037D-31  0.99989533424377D+00
  0.49783611747858D+02  0.00000000000000D+00 -0.28561911943730D-32  0.99989533424377D+00
  0.50335447865337D+02  0.00000000000000D+00  0.78502864743522D-33  0.99989533424377D+00
  0.50892802343990D+02  0.00000000000000D+00 -0.21576641915612D-33  0.99989533424377D+00
  0.51455730367430D+02  0.00000000000000D+00  0.59303730177014D-34  0.99989533424377D+00
  0.52024287671104D+02  0.00000000000000D+00 -0.16299740155049D-34  0.99989533424377D+00
  0.52598530547815D+02  0.00000000000000D+00  0.44799991709059D-35  0.99989533424377D+00
  0.53178515853293D+02  0.00000000000000D+00 -0.12313410047755D-35  0.99989533424377D+00
  0.53764301011826D+02  0.00000000000000D+00  0.33842911673182D-36  0.99989533424377D+00
  0.54355944021945D+02  0.00000000000000D+00 -0.93024402616675D-37  0.99989533424377D+00
  0.54953503462164D+02  0.00000000000000D+00  0.25565544219462D-37  0.99989533424377D+00
  0.55557038496786D+02  0.00000000000000D+00 -0.70285669763326D-38  0.99989533424377D+00
  0.56166608881754D+02  0.00000000000000D+00  0.19307496618022D-38  0.99989533424377D+00
  0.56782274970571D+02  0.00000000000000D+00 -0.53012662333719D-39  0.99989533424377D+00
  0.57404097720277D+02  0.00000000000000D+00  0.14680983621192D-39  0.99989533424377D+00
  0.58032138697480D+02  0.00000000000000D+00 -0.39794073789896D-40  0.99989533424377D+00
  0.58666460084454D+02  0.00000000000000D+00  0.11043633197344D-40  0.99989533424377D+00
  0.59307124685299D+02  0.00000000000000D+00 -0.32468085418406D-41  0.99989533424377D+00
  0.59954195932152D+02  0.00000000000000D+00  0.72307000759161D-42  0.99989533424377D+00
  0.60607737891473D+02  0.00000000000000D+00  0.70064923216241D-44  0.99989533424377D+00
  0.61267815270388D+02  0.00000000000000D+00 -0.14012984643248D-44  0.99989533424377D+00
  0.61934493423092D+02  0.00000000000000D+00  0.63338690587482D-42  0.99989533424377D+00
  0.62607838357323D+02  0.00000000000000D+00  0.99492190967062D-43  0.99989533424377D+00
  0.63287916740896D+02  0.00000000000000D+00 -0.39236357001095D-43  0.99989533424377D+00
  0.63974795908305D+02  0.00000000000000D+00  0.44701421011962D-42  0.99989533424377D+00
  0.64668543867388D+02  0.00000000000000D+00 -0.44841550858394D-43  0.99989533424377D+00
  0.65369229306062D+02  0.00000000000000D+00 -0.29427267750821D-43  0.99989533424377D+00
  0.66076921599123D+02  0.00000000000000D+00  0.57453237037317D-43  0.99989533424377D+00
  0.66791690815114D+02  0.00000000000000D+00 -0.40637655465420D-43  0.99989533424377D+00
  0.67513607723265D+02  0.00000000000000D+00 -0.89683101716788D-43  0.99989533424377D+00
  0.68242743800498D+02  0.00000000000000D+00  0.49045446251369D-43  0.99989533424377D+00
  0.68979171238503D+02  0.00000000000000D+00  0.39236357001095D-43  0.99989533424377D+00
  0.69722962950888D+02  0.00000000000000D+00  0.77071415537865D-43  0.99989533424377D+00
  0.70474192580397D+02  0.00000000000000D+00  0.14012984643248D-43  0.99989533424377D+00
  0.71232934506201D+02  0.00000000000000D+00 -0.11210387714599D-43  0.99989533424377D+00
  0.71999263851263D+02  0.00000000000000D+00 -0.36433760072445D-43  0.99989533424377D+00
  0.72773256489775D+02  0.00000000000000D+00 -0.15414283107573D-43  0.99989533424377D+00
  0.73554989054673D+02  0.00000000000000D+00 -0.42038953929745D-44  0.99989533424377D+00
  0.74344538945220D+02  0.00000000000000D+00 -0.44841550858394D-43  0.99989533424377D+00
  0.75141984334672D+02  0.00000000000000D+00  0.70064923216241D-44  0.99989533424377D+00
  0.75947404178019D+02  0.00000000000000D+00  0.14012984643248D-43  0.99989533424377D+00
  0.76760878219799D+02  0.00000000000000D+00  0.56051938572993D-44  0.99989533424377D+00
  0.77582487001997D+02  0.00000000000000D+00  0.56051938572993D-44  0.99989533424377D+00
  0.78412311872017D+02  0.00000000000000D+00  0.70064923216241D-44  0.99989533424377D+00
  0.79250434990737D+02  0.00000000000000D+00  0.14012984643248D-43  0.99989533424377D+00
  0.80096939340644D+02  0.00000000000000D+00  0.28025969286496D-44  0.99989533424377D+00
  0.80951908734051D+02  0.00000000000000D+00  0.28025969286496D-44  0.99989533424377D+00
  0.81815427821391D+02  0.00000000000000D+00  0.42038953929745D-44  0.99989533424377D+00
  0.82687582099605D+02  0.00000000000000D+00  0.14012984643248D-44  0.99989533424377D+00
  0.83568457920601D+02  0.00000000000000D+00 -0.00000000000000D+00  0.99989533424377D+00
  0.84458142499807D+02  0.00000000000000D+00 -0.14012984643248D-44  0.99989533424377D+00
  0.85356723924806D+02  0.00000000000000D+00 -0.00000000000000D+00  0.99989533424377D+00
  0.86264291164054D+02  0.00000000000000D+00  0.00000000000000D+00  0.99989533424377D+00
