 -0.86264291164054D+02  0.10000000000000D+01 -0.25000000000000D+01  0.10000000000000D+01
 -0.85356723924806D+02  0.10000000000000D+01 -0.25001049041748D+01  0.10001049041748D+01
 -0.84458142499807D+02  0.10000000000000D+01 -0.25001049041748D+01  0.10001049041748D+01
 -0.83568457920601D+02  0.10000000000000D+01 -0.25001049041748D+01  0.10001049041748D+01
 -0.82687582099605D+02  0.10000000000000D+01 -0.25001049041748D+01  0.10001049041748D+01
 -0.81815427821391D+02  0.10000000000000D+01 -0.25001049041748D+01  0.10001049041748D+01
 -0.80951908734051D+02  0.10000000000000D+01 -0.25001049041748D+01  0.10001049041748D+01
 -0.80096939340644D+02  0.10000000000000D+01 -0.25001049041748D+01  0.10001049041748D+01
 -0.79250434990737D+02  0.10000000000000D+01 -0.25001049041748D+01  0.10001049041748D+01
 -0.78412311872017D+02  0.10000000000000D+01 -0.25001049041748D+01  0.10001049041748D+01
 -0.77582487001997D+02  0.10000000000000D+01 -0.25001049041748D+01  0.10001049041748D+01
 -0.76760878219799D+02  0.10000000000000D+01 -0.25001049041748D+01  0.10001049041748D+01
 -0.75947404178019D+02  0.10000000000000D+01 -0.25001049041748D+01  0.10001049041748D+01
 -0.75141984334672D+02  0.10000000000000D+01 -0.25001049041748D+01  0.10001049041748D+01
 -0.74344538945220D+02  0.10000000000000D+01 -0.25001049041748D+01  0.10001049041748D+01
 -0.73554989054673D+02  0.10000000000000D+01 -0.25001049041748D+01  0.10001049041748D+01
 -0.72773256489775D+02  0.10000000000000D+01 -0.25001049041748D+01  0.10001049041748D+01
 -0.71999263851263D+02  0.10000000000000D+01 -0.25001049041748D+01  0.10001049041748D+01
 -0.71232934506201D+02  0.10000000000000D+01 -0.25001049041748D+01  0.10001049041748D+01
 -0.70474192580397D+02  0.10000000000000D+01 -0.25001049041748D+01  0.10001049041748D+01
 -0.69722962950888D+02  0.10000000000000D+01 -0.25001049041748D+01  0.10001049041748D+01
 -0.68979171238503D+02  0.10000000000000D+01 -0.25001049041748D+01  0.10001049041748D+01
 -0.68242743800498D+02  0.10000000000000D+01 -0.25001049041748D+01  0.10001049041748D+01
 -0.67513607723265D+02  0.10000000000000D+01 -0.25001049041748D+01  0.10001049041748D+01
 -0.66791690815114D+02  0.10000000000000D+01 -0.25001049041748D+01  0.10001049041748D+01
 -0.66076921599123D+02  0.10000000000000D+01 -0.25001049041748D+01  0.10001049041748D+01
 -0.65369229306062D+02  0.10000000000000D+01 -0.25001049041748D+01  0.10001049041748D+01
 -0.64668543867388D+02  0.10000000000000D+01 -0.25001049041748D+01  0.10001049041748D+01
 -0.63974795908305D+02  0.10000000000000D+01 -0.25001049041748D+01  0.10001049041748D+01
 -0.63287916740896D+02  0.10000000000000D+01 -0.25001049041748D+01  0.10001049041748D+01
 -0.62607838357323D+02  0.10000000000000D+01 -0.25001049041748D+01  0.10001049041748D+01
 -0.61934493423092D+02  0.10000000000000D+01 -0.25001049041748D+01  0.10001049041748D+01
 -0.61267815270388D+02  0.10000000000000D+01 -0.25001049041748D+01  0.10001049041748D+01
 -0.60607737891473D+02  0.10000000000000D+01 -0.25001049041748D+01  0.10001049041748D+01
 -0.59954195932152D+02  0.10000000000000D+01 -0.25001049041748D+01  0.10001049041748D+01
 -0.59307124685299D+02  0.10000000000000D+01 -0.25001049041748D+01  0.10001049041748D+01
 -0.58666460084454D+02  0.10000000000000D+01 -0.25001049041748D+01  0.10001049041748D+01
 -0.58032138697480D+02  0.10000000000000D+01 -0.25001049041748D+01  0.10001049041748D+01
 -0.57404097720277D+02  0.10000000000000D+01 -0.25001049041748D+01  0.10001049041748D+01
 -0.56782274970571D+02  0.10000000000000D+01 -0.25001049041748D+01  0.10001049041748D+01
 -0.56166608881754D+02  0.10000000000000D+01 -0.25001049041748D+01  0.10001049041748D+01
 -0.55557038496786D+02  0.10000000000000D+01 -0.25001049041748D+01  0.10001049041748D+01
 -0.54953503462164D+02  0.10000000000000D+01 -0.25001049041748D+01  0.10001049041748D+01
 -0.54355944021945D+02  0.10000000000000D+01 -0.25001049041748D+01  0.10001049041748D+01
 -0.53764301011826D+02  0.10000000000000D+01 -0.25001049041748D+01  0.10001049041748D+01
 -0.53178515853293D+02  0.10000000000000D+01 -0.25001049041748D+01  0.10001049041748D+01
 -0.52598530547815D+02  0.10000000000000D+01 -0.25001049041748D+01  0.10001049041748D+01
 -0.52024287671104D+02  0.10000000000000D+01 -0.25001049041748D+01  0.10001049041748D+01
 -0.51455730367430D+02  0.10000000000000D+01 -0.25001049041748D+01  0.10001049041748D+01
 -0.50892802343990D+02  0.10000000000000D+01 -0.25001049041748D+01  0.10001049041748D+01
 -0.50335447865337D+02  0.10000000000000D+01 -0.25001049041748D+01  0.10001049041748D+01
 -0.49783611747858D+02  0.10000000000000D+01 -0.25001049041748D+01  0.10001049041748D+01
 -0.49237239354315D+02  0.10000000000000D+01 -0.25001049041748D+01  0.10001049041748D+01
 -0.48696276588431D+02  0.10000000000000D+01 -0.25001049041748D+01  0.10001049041748D+01
 -0.48160669889535D+02  0.10000000000000D+01 -0.25001049041748D+01  0.10001049041748D+01
 -0.47630366227263D+02  0.10000000000000D+01 -0.25001049041748D+01  0.10001049041748D+01
 -0.47105313096300D+02  0.10000000000000D+01 -0.25001049041748D+01  0.10001049041748D+01
 -0.46585458511188D+02  0.10000000000000D+01 -0.25001049041748D+01  0.10001049041748D+01
 -0.46070751001176D+02  0.10000000000000D+01 -0.25001049041748D+01  0.10001049041748D+01
 -0.45561139605125D+02  0.10000000000000D+01 -0.25001049041748D+01  0.10001049041748D+01
 -0.45056573866460D+02  0.10000000000000D+01 -0.25001049041748D+01  0.10001049041748D+01
 -0.44557003828178D+02  0.10000000000000D+01 -0.25001049041748D+01  0.10001049041748D+01
 -0.44062380027899D+02  0.10000000000000D+01 -0.25001049041748D+01  0.10001049041748D+01
 -0.43572653492970D+02  0.10000000000000D+01 -0.25001049041748D+01  0.10001049041748D+01
 -0.43087775735614D+02  0.10000000000000D+01 -0.25001049041748D+01  0.10001049041748D+01
 -0.42607698748132D+02  0.10000000000000D+01 -0.25001049041748D+01  0.10001049041748D+01
 -0.42132374998151D+02  0.10000000000000D+01 -0.25001049041748D+01  0.10001049041748D+01
 -0.41661757423912D+02  0.10000000000000D+01 -0.25001049041748D+01  0.10001049041748D+01
 -0.41195799429615D+02  0.10000000000000D+01 -0.25001049041748D+01  0.10001049041748D+01
 -0.40734454880807D+02  0.10000000000000D+01 -0.25001049041748D+01  0.10001049041748D+01
 -0.40277678099809D+02  0.10000000000000D+01 -0.25001049041748D+01  0.10001049041748D+01
 -0.39825423861197D+02  0.10000000000000D+01 -0.25001049041748D+01  0.10001049041748D+01
 -0.39377647387324D+02  0.10000000000000D+01 -0.25001049041748D+01  0.10001049041748D+01
 -0.38934304343885D+02  0.10000000000000D+01 -0.25001049041748D+01  0.10001049041748D+01
 -0.38495350835530D+02  0.10000000000000D+01 -0.25001049041748D+01  0.10001049041748D+01
 -0.38060743401515D+02  0.10000000000000D+01 -0.25001049041748D+01  0.10001049041748D+01
 -0.37630439011401D+02  0.10000000000000D+01 -0.25001049041748D+01  0.10001049041748D+01
 -0.37204395060793D+02  0.10000000000000D+01 -0.25001049041748D+01  0.10001049041748D+01
 -0.36782569367122D+02  0.10000000000000D+01 -0.25001049041748D+01  0.10001049041748D+01
 -0.36364920165467D+02  0.10000000000000D+01 -0.25001049041748D+01  0.10001049041748D+01
 -0.35951406104423D+02  0.10000000000000D+01 -0.25001049041748D+01  0.10001049041748D+01
 -0.35541986242003D+02  0.10000000000000D+01 -0.25001049041748D+01  0.10001049041748D+01
 -0.35136620041587D+02  0.10000000000000D+01 -0.25001049041748D+01  0.10001049041748D+01
 -0.34735267367908D+02  0.10000000000000D+01 -0.25001049041748D+01  0.10001049041748D+01
 -0.34337888483077D+02  0.10000000000000D+01 -0.25001049041748D+01  0.10001049041748D+01
 -0.33944444042650D+02  0.10000000000000D+01 -0.25001049041748D+01  0.10001049041748D+01
 -0.33554895091733D+02  0.10000000000000D+01 -0.25001049041748D+01  0.10001049041748D+01
 -0.33169203061122D+02  0.10000000000000D+01 -0.25001049041748D+01  0.10001049041748D+01
 -0.32787329763487D+02  0.10000000000000D+01 -0.25001049041748D+01  0.10001049041748D+01
 -0.32409237389591D+02  0.10000000000000D+01 -0.25001049041748D+01  0.10001049041748D+01
 -0.32034888504546D+02  0.10000000000000D+01 -0.25001049041748D+01  0.10001049041748D+01
 -0.31664246044105D+02  0.10000000000000D+01 -0.25001049041748D+01  0.10001049041748D+01
 -0.31297273310995D+02  0.10000000000000D+01 -0.25001049041748D+01  0.10001049041748D+01
 -0.30933933971282D+02  0.10000000000000D+01 -0.25001049041748D+01  0.10001049041748D+01
 -0.30574192050774D+02  0.10000000000000D+01 -0.25001049041748D+01  0.10001049041748D+01
 -0.30218011931459D+02  0.10000000000000D+01 -0.25001049041748D+01  0.10001049041748D+01
 -0.29865358347980D+02  0.10000000000000D+01 -0.25001049041748D+01  0.10001049041748D+01
 -0.29516196384138D+02  0.10000000000000D+01 -0.25001049041748D+01  0.10001049041748D+01
 -0.29170491469444D+02  0.10000000000000D+01 -0.25001049041748D+01  0.10001049041748D+01
 -0.28828209375687D+02  0.10000000000000D+01 -0.25001049041748D+01  0.10001049041748D+01
 -0.28489316213551D+02  0.10000000000000D+01 -0.25001049041748D+01  0.10001049041748D+01
 -0.28153778429259D+02  0.10000000000000D+01 -0.25001049041748D+01  0.10001049041748D+01
 -0.27821562801246D+02  0.10000000000000D+01 -0.25001049041748D+01  0.10001049041748D+01
 -0.27492636436878D+02  0.10000000000000D+01 -0.25001049041748D+01  0.10001049041748D+01
 -0.27166966769186D+02  0.10000000000000D+01 -0.25001049041748D+01  0.10001049041748D+01
 -0.26844521553649D+02  0.10000000000000D+01 -0.25001049041748D+01  0.10001049041748D+01
 -0.26525268864999D+02  0.10000000000000D+01 -0.25001049041748D+01  0.10001049041748D+01
 -0.26209177094059D+02  0.10000000000000D+01 -0.25001049041748D+01  0.10001049041748D+01
 -0.25896214944613D+02  0.10000000000000D+01 -0.25001049041748D+01  0.10001049041748D+01
 -0.25586351430310D+02  0.10000000000000D+01 -0.25001049041748D+01  0.10001049041748D+01
 -0.25279555871594D+02  0.10000000000000D+01 -0.25001049041748D+01  0.10001049041748D+01
 -0.24975797892667D+02  0.10000000000000D+01 -0.25001049041748D+01  0.10001049041748D+01
 -0.24675047418482D+02  0.10000000000000D+01 -0.25001049041748D+01  0.10001049041748D+01
 -0.24377274671764D+02  0.10000000000000D+01 -0.25001049041748D+01  0.10001049041748D+01
 -0.24082450170064D+02  0.10000000000000D+01 -0.25001049041748D+01  0.10001049041748D+01
 -0.23790544722835D+02  0.10000000000000D+01 -0.25001049041748D+01  0.10001049041748D+01
 -0.23501529428550D+02  0.10000000000000D+01 -0.25001049041748D+01  0.10001049041748D+01
 -0.23215375671832D+02  0.10000000000000D+01 -0.25001049041748D+01  0.10001049041748D+01
 -0.22932055120625D+02  0.10000000000000D+01 -0.25001049041748D+01  0.10001049041748D+01
 -0.22651539723391D+02  0.10000000000000D+01 -0.25001049041748D+01  0.10001049041748D+01
 -0.22373801706328D+02  0.10000000000000D+01 -0.25001049041748D+01  0.10001049041748D+01
 -0.22098813570622D+02  0.10000000000000D+01 -0.25001049041748D+01  0.10001049041748D+01
 -0.21826548089725D+02  0.10000000000000D+01 -0.25001049041748D+01  0.10001049041748D+01
 -0.21556978306658D+02  0.10000000000000D+01 -0.25001049041748D+01  0.10001049041748D+01
 -0.21290077531345D+02  0.10000000000000D+01 -0.25001049041748D+01  0.10001049041748D+01
 -0.21025819337965D+02  0.10000000000000D+01 -0.25001049041748D+01  0.10001049041748D+01
 -0.20764177562342D+02  0.10000000000000D+01 -0.25001049041748D+01  0.10001049041748D+01
 -0.20505126299348D+02  0.10000000000000D+01 -0.25001049041748D+01  0.10001049041748D+01
 -0.20248639900345D+02  0.10000000000000D+01 -0.25001049041748D+01  0.10001049041748D+01
 -0.19994692970638D+02  0.10000000000000D+01 -0.25001049041748D+01  0.10001049041748D+01
 -0.19743260366969D+02  0.10000000000000D+01 -0.25001049041748D+01  0.10001049041748D+01
 -0.19494317195018D+02  0.10000000000000D+01 -0.25001049041748D+01  0.10001049041748D+01
 -0.19247838806949D+02  0.10000000000000D+01 -0.25001049041748D+01  0.10001049041748D+01
 -0.19003800798959D+02  0.10000000000000D+01 -0.25001049041748D+01  0.10001049041748D+01
 -0.18762179008871D+02  0.10000000000000D+01 -0.25001049041748D+01  0.10001049041748D+01
 -0.18522949513733D+02  0.10000000000000D+01 -0.25001049041748D+01  0.10001049041748D+01
 -0.18286088627459D+02  0.10000000000000D+01 -0.25001049041748D+01  0.10001049041748D+01
 -0.18051572898474D+02  0.10000000000000D+01 -0.25001049041748D+01  0.10001049041748D+01
 -0.17819379107400D+02  0.10000000000000D+01 -0.25001049041748D+01  0.10001049041748D+01
 -0.17589484264752D+02  0.10000000000000D+01 -0.25001049041748D+01  0.10001049041748D+01
 -0.17361865608666D+02  0.10000000000000D+01 -0.25001049041748D+01  0.10001049041748D+01
 -0.17136500602639D+02  0.99999994039536D+00 -0.25001049041748D+01  0.10001049041748D+01
 -0.16913366933306D+02  0.99999994039536D+00 -0.25001049041748D+01  0.10001049041748D+01
 -0.16692442508224D+02  0.99999994039536D+00 -0.25001049041748D+01  0.10001049041748D+01
 -0.16473705453687D+02  0.99999994039536D+00 -0.25001049041748D+01  0.10001049041748D+01
 -0.16257134112562D+02  0.99999994039536D+00 -0.25001049041748D+01  0.10001049041748D+01
 -0.16042707042140D+02  0.99999988079071D+00 -0.25001049041748D+01  0.10001049041748D+01
 -0.15830403012020D+02  0.99999988079071D+00 -0.25001049041748D+01  0.10001049041748D+01
 -0.15620201002000D+02  0.99999982118607D+00 -0.25001049041748D+01  0.10001049041748D+01
 -0.15412080200000D+02  0.99999982118607D+00 -0.25001049041748D+01  0.10001049041748D+01
 -0.15206020000000D+02  0.99999976158142D+00 -0.25001049041748D+01  0.10001049041748D+01
 -0.15002000000000D+02  0.99999970197678D+00 -0.25001049041748D+01  0.10001049041748D+01
 -0.14800000000000D+02  0.99999964237213D+00 -0.25001049041748D+01  0.10001049041748D+01
 -0.14600000000000D+02  0.99999952316284D+00 -0.25001049041748D+01  0.10001049041748D+01
 -0.14400000000000D+02  0.99999946355820D+00 -0.25001049041748D+01  0.10001049041748D+01
 -0.14200000000000D+02  0.99999934434891D+00 -0.25001049041748D+01  0.10001049041748D+01
 -0.14000000000000D+02  0.99999916553497D+00 -0.25001049041748D+01  0.10001049041748D+01
 -0.13800000000000D+02  0.99999898672104D+00 -0.25001049041748D+01  0.10001049041748D+01
 -0.13600000000000D+02  0.99999874830246D+00 -0.25001049041748D+01  0.10001049041748D+01
 -0.13400000000000D+02  0.99999850988388D+00 -0.25001049041748D+01  0.10001049041748D+01
 -0.13200000000000D+02  0.99999815225601D+00 -0.25001049041748D+01  0.10001049041748D+01
 -0.13000000000000D+02  0.99999773502350D+00 -0.25001049041748D+01  0.10001049041748D+01
 -0.12800000000000D+02  0.99999725818634D+00 -0.25001049041748D+01  0.10001049041748D+01
 -0.12600000000000D+02  0.99999660253525D+00 -0.25001049041748D+01  0.10001049041748D+01
 -0.12400000000000D+02  0.99999588727951D+00 -0.25001049041748D+01  0.10001049041748D+01
 -0.12200000000000D+02  0.99999499320984D+00 -0.25001049041748D+01  0.10001049041748D+01
 -0.12000000000000D+02  0.99999386072159D+00 -0.25001049041748D+01  0.10001049041748D+01
 -0.11800000000000D+02  0.99999248981476D+00 -0.25001049041748D+01  0.10001049041748D+01
 -0.11600000000000D+02  0.99999082088470D+00 -0.25001049041748D+01  0.10001049041748D+01
 -0.11400000000000D+02  0.99998879432678D+00 -0.25001049041748D+01  0.10001049041748D+01
 -0.11200000000000D+02  0.99998635053635D+00 -0.25001049041748D+01  0.10001049041748D+01
 -0.11000000000000D+02  0.99998331069946D+00 -0.25001049041748D+01  0.10001049041748D+01
 -0.10800000000000D+02  0.99997961521149D+00 -0.25001049041748D+01  0.10001049041748D+01
 -0.10600000000000D+02  0.99997508525848D+00 -0.25001049041748D+01  0.10001049041748D+01
 -0.10400000000000D+02  0.99996954202652D+00 -0.25001049041748D+01  0.10001049041748D+01
 -0.10200000000000D+02  0.99996280670166D+00 -0.25001049041748D+01  0.10001049041748D+01
 -0.10000000000000D+02  0.99995458126068D+00 -0.25001049041748D+01  0.10001049041748D+01
 -0.98000000000000D+01  0.99994456768036D+00 -0.25001049041748D+01  0.10001049041748D+01
 -0.96000000000000D+01  0.99993228912354D+00 -0.25001049041748D+01  0.10001049041748D+01
 -0.94000000000000D+01  0.99991726875305D+00 -0.25001049041748D+01  0.10001049041748D+01
 -0.92000000000000D+01  0.99989897012711D+00 -0.25001049041748D+01  0.10001049041748D+01
 -0.90000000000000D+01  0.99987661838531D+00 -0.25001049041748D+01  0.10001049041748D+01
 -0.88000000000000D+01  0.99984925985336D+00 -0.25001049041748D+01  0.10001049041748D+01
 -0.86000000000000D+01  0.99981594085693D+00 -0.25001049041748D+01  0.10001049041748D+01
 -0.84000000000000D+01  0.99977517127991D+00 -0.25001049041748D+01  0.10001049041748D+01
 -0.82000000000000D+01  0.99972540140152D+00 -0.25001049041748D+01  0.10001049041748D+01
 -0.80000000000000D+01  0.99966460466385D+00 -0.25001049041748D+01  0.10001049041748D+01
 -0.78000000000000D+01  0.99959033727646D+00 -0.25001049041748D+01  0.10001049041748D+01
 -0.76000000000000D+01  0.99949967861176D+00 -0.25001049041748D+01  0.10001049041748D+01
 -0.74000000000000D+01  0.99938905239105D+00 -0.25001049041748D+01  0.10001049041748D+01
 -0.72000000000000D+01  0.99925392866135D+00 -0.25001049041748D+01  0.10001049041748D+01
 -0.70000000000000D+01  0.99908888339996D+00 -0.25001046657562D+01  0.10001046657562D+01
 -0.68000000000000D+01  0.99888736009598D+00 -0.25001046657562D+01  0.10001046657562D+01
 -0.66000000000000D+01  0.99864131212234D+00 -0.25001046657562D+01  0.10001046657562D+01
 -0.64000000000000D+01  0.99834096431732D+00 -0.25001044273376D+01  0.10001045465469D+01
 -0.62000000000000D+01  0.99797445535660D+00 -0.25001037120819D+01  0.10001037120819D+01
 -0.60000000000000D+01  0.99752706289291D+00 -0.25001025199890D+01  0.10001026391983D+01
 -0.58000000000000D+01  0.99698120355606D+00 -0.25001001358032D+01  0.10001001358032D+01
 -0.56000000000000D+01  0.99631530046463D+00 -0.25000953674316D+01  0.10000953674316D+01
 -0.54000000000000D+01  0.99550318717957D+00 -0.25000858306885D+01  0.10000858306885D+01
 -0.52000000000000D+01  0.99451303482056D+00 -0.25000674724579D+01  0.10000674724579D+01
 -0.50000000000000D+01  0.99330639839172D+00 -0.25000333786011D+01  0.10000333786011D+01
 -0.48000000000000D+01  0.99183648824692D+00 -0.24999704360962D+01  0.99997067451477D+00
 -0.46000000000000D+01  0.99004697799683D+00 -0.24998574256897D+01  0.99985778331757D+00
 -0.44000000000000D+01  0.98787015676498D+00 -0.24996592998505D+01  0.99965941905975D+00
 -0.42000000000000D+01  0.98522424697876D+00 -0.24993166923523D+01  0.99931740760803D+00
 -0.40000000000000D+01  0.98201167583466D+00 -0.24987387657166D+01  0.99874085187912D+00
 -0.38000000000000D+01  0.97811621427536D+00 -0.24977841377258D+01  0.99778968095779D+00
 -0.36000000000000D+01  0.97339999675751D+00 -0.24962406158447D+01  0.99625587463379D+00
 -0.34000000000000D+01  0.96770095825195D+00 -0.24937973022461D+01  0.99383735656738D+00
 -0.32000000000000D+01  0.96082997322083D+00 -0.24900138378143D+01  0.99011516571045D+00
 -0.30000000000000D+01  0.95256894826889D+00 -0.24842796325684D+01  0.98452675342560D+00
 -0.28000000000000D+01  0.94266974925995D+00 -0.24757790565491D+01  0.97635734081268D+00
 -0.26000000000000D+01  0.93085443973541D+00 -0.24634518623352D+01  0.96474808454514D+00
 -0.24000000000000D+01  0.91681879758835D+00 -0.24459714889526D+01  0.94875079393387D+00
 -0.22000000000000D+01  0.90023958683014D+00 -0.24217367172241D+01  0.92743015289307D+00
 -0.20000000000000D+01  0.88078546524048D+00 -0.23888990879059D+01  0.90002423524857D+00
 -0.18000000000000D+01  0.85813540220261D+00 -0.23454253673553D+01  0.86613923311234D+00
 -0.16000000000000D+01  0.83200269937515D+00 -0.22892162799835D+01  0.82593369483948D+00
 -0.14000000000000D+01  0.80216604471207D+00 -0.22182741165161D+01  0.78022259473801D+00
 -0.12000000000000D+01  0.76850491762161D+00 -0.21309254169464D+01  0.73044610023499D+00
 -0.10000000000000D+01  0.73103719949722D+00 -0.20260813236237D+01  0.67848914861679D+00
 -0.80000000000000D+00  0.68995255231857D+00 -0.19035173654556D+01  0.62640118598938D+00
 -0.60000000000000D+00  0.64563560485840D+00 -0.17641369104385D+01  0.57610362768173D+00
 -0.40000000000000D+00  0.59867060184479D+00 -0.16101803779602D+01  0.52916842699051D+00
 -0.20000000000000D+00  0.54982382059097D+00 -0.14453383684158D+01  0.48671096563339D+00
  0.00000000000000D+00  0.50000000000000D+00 -0.12747303247452D+01  0.44939190149307D+00
  0.20000000000000D+00  0.45017927885056D+00 -0.11047192811966D+01  0.41749286651611D+00
  0.40000000000000D+00  0.40134084224701D+00 -0.94251918792725D+00  0.39102330803871D+00
  0.60000000000000D+00  0.35438767075539D+00 -0.79541802406311D+00  0.36982679367065D+00
  0.80000000000000D+00  0.31008338928223D+00 -0.66869866847992D+00  0.35366514325142D+00
  0.10000000000000D+01  0.26900982856750D+00 -0.55912405252457D+00  0.34227430820465D+00
  0.12000000000000D+01  0.23154960572720D+00 -0.44064018130302D+00  0.33543995022774D+00
  0.14000000000000D+01  0.19789166748524D+00 -0.26821157336235D+00  0.33317816257477D+00
  0.16000000000000D+01  0.16805388033390D+00 -0.43168179690838D-01  0.33550015091896D+00
  0.18000000000000D+01  0.14191672205925D+00  0.17659348249435D+00  0.34229627251625D+00
  0.20000000000000D+01  0.11925988644361D+00  0.34877741336823D+00  0.35366719961166D+00
  0.22000000000000D+01  0.99797956645489D-01  0.46199858188629D+00  0.36983099579811D+00
  0.24000000000000D+01  0.83210885524750D-01  0.52004742622375D+00  0.39103344082832D+00
  0.26000000000000D+01  0.69168232381344D-01  0.53220987319946D+00  0.41750708222389D+00
  0.28000000000000D+01  0.57346865534782D-01  0.50935804843903D+00  0.44940805435181D+00
  0.30000000000000D+01  0.47442808747292D-01  0.46222716569901D+00  0.48672729730606D+00
  0.32000000000000D+01  0.39178181439638D-01  0.40051311254501D+00  0.52918386459351D+00
  0.34000000000000D+01  0.32304555177689D-01  0.33237260580063D+00  0.57611733675003D+00
  0.36000000000000D+01  0.26603603735566D-01  0.26419082283974D+00  0.62641274929047D+00
  0.38000000000000D+01  0.21886089816689D-01  0.20055587589741D+00  0.67849844694138D+00
  0.40000000000000D+01  0.17989747226238D-01  0.14438942074776D+00  0.73045331239700D+00
  0.42000000000000D+01  0.14776654541492D-01  0.97185678780079D-01  0.78022795915604D+00
  0.44000000000000D+01  0.12130404822528D-01  0.59308145195246D-01  0.82593744993210D+00
  0.46000000000000D+01  0.99533023312688D-02  0.30302669852972D-01  0.86614179611206D+00
  0.48000000000000D+01  0.81637306138873D-02  0.91908955946565D-02  0.90002590417862D+00
  0.50000000000000D+01  0.66937585361302D-02 -0.52784928120673D-02  0.92743134498596D+00
  0.52000000000000D+01  0.54870168678463D-02 -0.14433663338423D-01  0.94875144958496D+00
  0.54000000000000D+01  0.44968468137085D-02 -0.19540961831808D-01  0.96474838256836D+00
  0.56000000000000D+01  0.36847018636763D-02 -0.21719394251704D-01  0.97635734081268D+00
  0.58000000000000D+01  0.30187903903425D-02 -0.21898917853832D-01  0.98452693223953D+00
  0.60000000000000D+01  0.24729270953685D-02 -0.20811669528484D-01  0.99011516571045D+00
  0.62000000000000D+01  0.20255681592971D-02 -0.19005089998245D-01  0.99383759498596D+00
  0.64000000000000D+01  0.16590033192188D-02 -0.16867417842150D-01  0.99625587463379D+00
  0.66000000000000D+01  0.13586854329333D-02 -0.14658168889582D-01  0.99778980016708D+00
  0.68000000000000D+01  0.11126712197438D-02 -0.12538479641080D-01  0.99874085187912D+00
  0.70000000000000D+01  0.91116194380447D-03 -0.10598170571029D-01  0.99931740760803D+00
  0.72000000000000D+01  0.74611947638914D-03 -0.88781388476491D-02  0.99965941905975D+00
  0.74000000000000D+01  0.61095354612917D-03 -0.73876897804439D-02  0.99985778331757D+00
  0.76000000000000D+01  0.50026195822284D-03 -0.61172684654593D-02  0.99997055530548D+00
  0.78000000000000D+01  0.40961697231978D-03 -0.50472817383707D-02  0.10000333786011D+01
  0.80000000000000D+01  0.33539094147272D-03 -0.41538956575096D-02  0.10000674724579D+01
  0.82000000000000D+01  0.27461154968478D-03 -0.34125954844058D-02  0.10000855922699D+01
  0.84000000000000D+01  0.22484410146717D-03 -0.28001982718706D-02  0.10000951290131D+01
  0.86000000000000D+01  0.18409430049360D-03 -0.22958375047892D-02  0.10001001358032D+01
  0.88000000000000D+01  0.15072869427968D-03 -0.18813237547874D-02  0.10001026391983D+01
  0.90000000000000D+01  0.12340959801804D-03 -0.15411267522722D-02  0.10001037120819D+01
  0.92000000000000D+01  0.10104148532264D-03 -0.12621780624613D-02  0.10001043081284D+01
  0.94000000000000D+01  0.82727296103258D-04 -0.10335843544453D-02  0.10001046657562D+01
  0.96000000000000D+01  0.67732391471509D-04 -0.84632443031296D-03  0.10001046657562D+01
  0.98000000000000D+01  0.55455271649407D-04 -0.69295876892284D-03  0.10001046657562D+01
  0.10000000000000D+02  0.45403394324239D-04 -0.56736962869763D-03  0.10001046657562D+01
  0.10200000000000D+02  0.37173464079387D-04 -0.46453421236947D-03  0.10001046657562D+01
  0.10400000000000D+02  0.30435259759543D-04 -0.38033426972106D-03  0.10001046657562D+01
  0.10600000000000D+02  0.24918421331677D-04 -0.31139439670369D-03  0.10001046657562D+01
  0.10800000000000D+02  0.20401570509421D-04 -0.25494987494312D-03  0.10001046657562D+01
  0.11000000000000D+02  0.16703454093658D-04 -0.20873631001450D-03  0.10001046657562D+01
  0.11200000000000D+02  0.13675673471880D-04 -0.17089945322368D-03  0.10001046657562D+01
  0.11400000000000D+02  0.11196721061424D-04 -0.13992103049532D-03  0.10001046657562D+01
  0.11600000000000D+02  0.91671199697885D-05 -0.11455788626336D-03  0.10001046657562D+01
  0.11800000000000D+02  0.75054153967358D-05 -0.93792230472900D-04  0.10001046657562D+01
  0.12000000000000D+02  0.61449222812371D-05 -0.76790689490736D-04  0.10001046657562D+01
  0.12200000000000D+02  0.50310422921029D-05 -0.62870967667550D-04  0.10001046657562D+01
  0.12400000000000D+02  0.41190733099938D-05 -0.51474446081556D-04  0.10001046657562D+01
  0.12600000000000D+02  0.33724143122527D-05 -0.42143743485212D-04  0.10001046657562D+01
  0.12800000000000D+02  0.27611010864348D-05 -0.34504402719904D-04  0.10001046657562D+01
  0.13000000000000D+02  0.22605993308389D-05 -0.28249827664695D-04  0.10001046657562D+01
  0.13200000000000D+02  0.18508229686631D-05 -0.23129014152801D-04  0.10001046657562D+01
  0.13400000000000D+02  0.15153261756495D-05 -0.18936438209494D-04  0.10001046657562D+01
  0.13600000000000D+02  0.12406445648594D-05 -0.15503850590903D-04  0.10001046657562D+01
  0.13800000000000D+02  0.10157541510125D-05 -0.12693480130110D-04  0.10001046657562D+01
  0.14000000000000D+02  0.83162922237534D-06 -0.10392544936622D-04  0.10001046657562D+01
  0.14200000000000D+02  0.68088053239990D-06 -0.85086976469029D-05  0.10001046657562D+01
  0.14400000000000D+02  0.55745795179973D-06 -0.69663333306380D-05  0.10001046657562D+01
  0.14600000000000D+02  0.45640797452506D-06 -0.57035517784243D-05  0.10001046657562D+01
  0.14800000000000D+02  0.37367527738752D-06 -0.46696736717422D-05  0.10001046657562D+01
  0.15002000000000D+02  0.30532817163476D-06 -0.38155671973072D-05  0.10001046657562D+01
  0.15206020000000D+02  0.24897869366214D-06 -0.31113891054702D-05  0.10001046657562D+01
  0.15412080200000D+02  0.20261489908080D-06 -0.25319991436845D-05  0.10001046657562D+01
  0.15620201002000D+02  0.16454536932997D-06 -0.20562592908391D-05  0.10001046657562D+01
  0.15830403012020D+02  0.13335095161437D-06 -0.16664347413098D-05  0.10001046657562D+01
  0.16042707042140D+02  0.10784341242243D-06 -0.13476771982823D-05  0.10001046657562D+01
  0.16257134112562D+02  0.87030045392567D-07 -0.10875803582167D-05  0.10001046657562D+01
  0.16473705453687D+02  0.70083117975628D-07 -0.87580144736421D-06  0.10001046657562D+01
  0.16692442508224D+02  0.56314100049804D-07 -0.70373533844759D-06  0.10001046657562D+01
  0.16913366933306D+02  0.45151367089602D-07 -0.56423897376590D-06  0.10001046657562D+01
  0.17136500602639D+02  0.36121448943049D-07 -0.45139566395846D-06  0.10001046657562D+01
  0.17361865608666D+02  0.28833039067422D-07 -0.36031519812241D-06  0.10001046657562D+01
  0.17589484264752D+02  0.22963435597489D-07 -0.28696510412374D-06  0.10001046657562D+01
  0.17819379107400D+02  0.18247140687322D-07 -0.22802738897099D-06  0.10001046657562D+01
  0.18051572898474D+02  0.14466196240903D-07 -0.18077838603858D-06  0.10001046657562D+01
  0.18286088627459D+02  0.11442092606728D-07 -0.14298736061846D-06  0.10001046657562D+01
  0.18522949513733D+02  0.90289669074650D-08 -0.11283147927088D-06  0.10001046657562D+01
  0.18762179008871D+02  0.71079115926409D-08 -0.88824798183396D-07  0.10001046657562D+01
  0.19003800798959D+02  0.55822213518297D-08 -0.69758833376454D-07  0.10001046657562D+01
  0.19247838806949D+02  0.43734353916136D-08 -0.54653106928981D-07  0.10001046657562D+01
  0.19494317195018D+02  0.34180502872516D-08 -0.42714042081116D-07  0.10001046657562D+01
  0.19743260366969D+02  0.26647950512881D-08 -0.33300899815458D-07  0.10001046657562D+01
  0.19994692970638D+02  0.20723736060546D-08 -0.25897643141093D-07  0.10001046657562D+01
  0.20248639900345D+02  0.16076084907723D-08 -0.20089654384492D-07  0.10001046657562D+01
  0.20505126299348D+02  0.12439120844476D-08 -0.15544681986057D-07  0.10001046657562D+01
  0.20764177562342D+02  0.96003083260854D-09 -0.11997128623875D-07  0.10001046657562D+01
  0.21025819337965D+02  0.73901895714101D-09 -0.92352303582288D-08  0.10001046657562D+01
  0.21290077531345D+02  0.56740040443870D-09 -0.70905814553157D-08  0.10001046657562D+01
  0.21556978306658D+02  0.43448636355414D-09 -0.54296060980619D-08  0.10001046657562D+01
  0.21826548089725D+02  0.33182070979798D-09 -0.41466337030727D-08  0.10001046657562D+01
  0.22098813570622D+02  0.25273189097064D-09 -0.31582916282247D-08  0.10001046657562D+01
  0.22373801706328D+02  0.19197038403362D-09 -0.23989783493050D-08  0.10001046657562D+01
  0.22651539723391D+02  0.14541666482071D-09 -0.18172154891971D-08  0.10001046657562D+01
  0.22932055120625D+02  0.10984689546856D-09 -0.13727137204711D-08  0.10001046657562D+01
  0.23215375671832D+02  0.82745275908902D-10 -0.10340355238725D-08  0.10001046657562D+01
  0.23501529428550D+02  0.62153907021134D-10 -0.77671308273963D-09  0.10001046657562D+01
  0.23790544722835D+02  0.46553320226517D-10 -0.58175869677157D-09  0.10001046657562D+01
  0.24082450170064D+02  0.34767813628100D-10 -0.43447961894927D-09  0.10001046657562D+01
  0.24377274671764D+02  0.25890276034168D-10 -0.32354055545802D-09  0.10001046657562D+01
  0.24675047418482D+02  0.19222743188885D-10 -0.24021887257142D-09  0.10001046657562D+01
  0.24975797892667D+02  0.14229906315777D-10 -0.17782554595502D-09  0.10001046657562D+01
  0.25279555871594D+02  0.10502211947316D-10 -0.13124192010938D-09  0.10001046657562D+01
  0.25586351430310D+02  0.77275373600028D-11 -0.96568218699300D-10  0.10001046657562D+01
  0.25896214944613D+02  0.56685446267468D-11 -0.70837613552754D-10  0.10001046657562D+01
  0.26209177094059D+02  0.41452449112134D-11 -0.51801538752949D-10  0.10001046657562D+01
  0.26525268864999D+02  0.30218397228943D-11 -0.37762917792783D-10  0.10001046657562D+01
  0.26844521553649D+02  0.21959552232165D-11 -0.27441767608272D-10  0.10001046657562D+01
  0.27166966769186D+02  0.15906990351658D-11 -0.19878347232161D-10  0.10001046657562D+01
  0.27492636436878D+02  0.11485544503323D-11 -0.14352857444222D-10  0.10001046657562D+01
  0.27821562801246D+02  0.82660609043370D-12 -0.10329767423378D-10  0.10001046657562D+01
  0.28153778429259D+02  0.59293135722463D-12 -0.74096197927309D-11  0.10001046657562D+01
  0.28489316213551D+02  0.42393467751013D-12 -0.52975792155796D-11  0.10001046657562D+01
  0.28828209375687D+02  0.30207292830292D-12 -0.37749057352210D-11  0.10001046657562D+01
  0.29170491469444D+02  0.21452121762994D-12 -0.26808535859985D-11  0.10001046657562D+01
  0.29516196384138D+02  0.15184143005442D-12 -0.18977235147905D-11  0.10001046657562D+01
  0.29865358347980D+02  0.10709407536127D-12 -0.13383451248281D-11  0.10001046657562D+01
  0.30218011931459D+02  0.75282201262780D-13 -0.94081014680170D-12  0.10001046657562D+01
  0.30574192050774D+02  0.52686536909522D-13 -0.65820824268412D-12  0.10001046657562D+01
  0.30933933971282D+02  0.36752932376085D-13 -0.45944031999007D-12  0.10001046657562D+01
  0.31297273310995D+02  0.25593656154902D-13 -0.31980283221947D-12  0.10001046657562D+01
  0.31664246044105D+02  0.17710239199643D-13 -0.22153063888516D-12  0.10001046657562D+01
  0.32034888504546D+02  0.12214007576335D-13 -0.15268493934462D-12  0.10001046657562D+01
  0.32409237389591D+02  0.84386385818544D-14 -0.10548975430159D-12  0.10001046657562D+01
  0.32787329763487D+02  0.57738936820996D-14 -0.72178401493497D-13  0.10001046657562D+01
  0.33169203061122D+02  0.39417381237825D-14 -0.49413462687928D-13  0.10001046657562D+01
  0.33554895091733D+02  0.26649263765638D-14 -0.33313666902108D-13  0.10001046657562D+01
  0.33944444042650D+02  0.18320189742544D-14 -0.22763222716818D-13  0.10001046657562D+01
  0.34337888483077D+02  0.12214436386764D-14 -0.15269015706757D-13  0.10001046657562D+01
  0.34735267367908D+02  0.83273460758817D-15 -0.10548007271501D-13  0.10001046657562D+01
  0.35136620041587D+02  0.55521733849143D-15 -0.66640473826327D-14  0.10001046657562D+01
  0.35541986242003D+02  0.38854891539146D-15 -0.49951972354474D-14  0.10001046657562D+01
  0.35951406104423D+02  0.22215395158457D-15 -0.27776490976679D-14  0.10001046657562D+01
  0.36364920165467D+02  0.16651881590565D-15 -0.22196555557523D-14  0.10001046657562D+01
  0.36782569367122D+02  0.11101979445090D-15 -0.11110141533979D-14  0.10001046657562D+01
  0.37204395060793D+02  0.55557652016573D-16 -0.55546874845808D-15  0.10001046657562D+01
  0.37630439011401D+02  0.55513136464728D-16 -0.55515979319057D-15  0.10001046657562D+01
  0.38060743401515D+02  0.55458039618487D-16 -0.55460657479690D-15  0.10001046657562D+01
  0.38495350835530D+02  0.53760364709116D-19 -0.61532145970472D-18  0.10001046657562D+01
  0.38934304343885D+02 -0.86454453853663D-20  0.12720015105974D-18  0.10001046657562D+01
  0.39377647387324D+02  0.21441052601645D-20 -0.49309742041495D-19  0.10001046657562D+01
  0.39825423861197D+02 -0.58005333635910D-21  0.26616429677015D-19  0.10001046657562D+01
  0.40277678099809D+02  0.15893409111606D-21 -0.17769558542349D-19  0.10001046657562D+01
  0.40734454880807D+02 -0.43625118774877D-22  0.13270975555071D-19  0.10001046657562D+01
  0.41195799429615D+02  0.11977578046558D-22 -0.10407616355504D-19  0.10001046657562D+01
  0.41661757423912D+02 -0.32886987938549D-23  0.83230250844361D-20  0.10001046657562D+01
  0.42132374998151D+02  0.90300335896493D-24 -0.67074286609174D-20  0.10001046657562D+01
  0.42607698748132D+02 -0.24794936096225D-24  0.54220469384565D-20  0.10001046657562D+01
  0.43087775735614D+02  0.68083940812998D-25 -0.43886055282097D-20  0.10001046657562D+01
  0.43572653492970D+02 -0.18695373289460D-25  0.35540073512282D-20  0.10001046657562D+01
  0.44062380027899D+02  0.51337084003941D-26 -0.28788534879745D-20  0.10001046657562D+01
  0.44557003828178D+02 -0.14097297784444D-26  0.23321951454665D-20  0.10001046657562D+01
  0.45056573866460D+02  0.38712210217642D-27 -0.18894602531398D-20  0.10001046657562D+01
  0.45561139605125D+02 -0.10630835977582D-27  0.15307855710798D-20  0.10001046657562D+01
  0.46070751001176D+02  0.29194019478265D-28 -0.12402272737590D-20  0.10001046657562D+01
  0.46585458511188D+02 -0.80172882558850D-29  0.10048177500730D-20  0.10001046657562D+01
  0.47105313096300D+02  0.22017492554179D-29 -0.81410374736871D-21  0.10001046657562D+01
  0.47630366227263D+02 -0.60466531328614D-30  0.65957758379909D-21  0.10001046657562D+01
  0.48160669889535D+02  0.16606146392866D-30 -0.53438906894221D-21  0.10001046657562D+01
  0.48696276588431D+02 -0.45606765171014D-31  0.43295811629891D-21  0.10001046657562D+01
  0.49237239354315D+02  0.12525527074961D-31 -0.35078385157546D-21  0.10001046657562D+01
  0.49783611747858D+02 -0.34400838503394D-32  0.28420149206346D-21  0.10001046657562D+01
  0.50335447865337D+02  0.94481827815280D-33 -0.23025986494027D-21  0.10001046657562D+01
  0.50892802343990D+02 -0.25949774774259D-33  0.18655496392888D-21  0.10001046657562D+01
  0.51455730367430D+02  0.71272966075803D-34 -0.15114733978393D-21  0.10001046657562D+01
  0.52024287671104D+02 -0.19575904038793D-34  0.12245803376108D-21  0.10001046657562D+01
  0.52598530547815D+02  0.53768093815941D-35 -0.99215433635543D-22  0.10001046657562D+01
  0.53178515853293D+02 -0.14768386305840D-35  0.80383657753686D-22  0.10001046657562D+01
  0.53764301011826D+02  0.40564581674141D-36 -0.65127062603162D-22  0.10001046657562D+01
  0.54355944021945D+02 -0.11142082822253D-36  0.52765287207656D-22  0.10001046657562D+01
  0.54953503462164D+02  0.30604907769852D-37 -0.42750407715062D-22  0.10001046657562D+01
  0.55557038496786D+02 -0.84066108926419D-38  0.34636080314319D-22  0.10001046657562D+01
  0.56166608881754D+02  0.23091703120931D-38 -0.28062243644736D-22  0.10001046657562D+01
  0.56782274970571D+02 -0.63430195377202D-39  0.22735742794435D-22  0.10001046657562D+01
  0.57404097720277D+02  0.17423745105415D-39 -0.18420485893980D-22  0.10001046657562D+01
  0.58032138697480D+02 -0.47861349049014D-40  0.14924147076958D-22  0.10001046657562D+01
  0.58666460084454D+02  0.13146982192295D-40 -0.12091579491415D-22  0.10001046657562D+01
  0.59307124685299D+02 -0.36125474410294D-41  0.97964691514871D-23  0.10001046657562D+01
  0.59954195932152D+02  0.99211931274197D-42 -0.79370884991405D-23  0.10001046657562D+01
  0.60607737891473D+02 -0.27185190207901D-42  0.64305661185601D-23  0.10001046657562D+01
  0.61267815270388D+02  0.74268818609215D-43 -0.52100531477766D-23  0.10001046657562D+01
  0.61934493423092D+02 -0.21019476964872D-43  0.42211209453430D-23  0.10001046657562D+01
  0.62607838357323D+02  0.42038953929745D-44 -0.34199368494911D-23  0.10001046657562D+01
  0.63287916740896D+02 -0.28025969286496D-44  0.27707926769156D-23  0.10001046657562D+01
  0.63974795908305D+02  0.00000000000000D+00 -0.22448839605232D-23  0.10001046657562D+01
  0.64668543867388D+02 -0.00000000000000D+00  0.18187582600323D-23  0.10001046657562D+01
  0.65369229306062D+02  0.00000000000000D+00 -0.14735277801815D-23  0.10001046657562D+01
  0.66076921599123D+02  0.00000000000000D+00  0.11938068736981D-23  0.10001046657562D+01
  0.66791690815114D+02  0.00000000000000D+00 -0.96718301145383D-24  0.10001046657562D+01
  0.67513607723265D+02  0.00000000000000D+00  0.78355029360706D-24  0.10001046657562D+01
  0.68242743800498D+02  0.00000000000000D+00 -0.63476979567960D-24  0.10001046657562D+01
  0.68979171238503D+02  0.00000000000000D+00  0.51421069802881D-24  0.10001046657562D+01
  0.69722962950888D+02  0.00000000000000D+00 -0.41652368555258D-24  0.10001046657562D+01
  0.70474192580397D+02  0.00000000000000D+00  0.33735279159179D-24  0.10001046657562D+01
  0.71232934506201D+02  0.00000000000000D+00 -0.27318955727047D-24  0.10001046657562D+01
  0.71999263851263D+02  0.00000000000000D+00  0.22117465763005D-24  0.10001046657562D+01
  0.72773256489775D+02  0.00000000000000D+00 -0.17900005822515D-24  0.10001046657562D+01
  0.73554989054673D+02  0.00000000000000D+00  0.14478799893043D-24  0.10001046657562D+01
  0.74344538945220D+02  0.00000000000000D+00 -0.11702047717115D-24  0.10001046657562D+01
  0.75141984334672D+02  0.00000000000000D+00  0.94462839348982D-25  0.10001046657562D+01
  0.75947404178019D+02  0.00000000000000D+00 -0.76114520176244D-25  0.10001046657562D+01
  0.76760878219799D+02  0.00000000000000D+00  0.61160490752374D-25  0.10001046657562D+01
  0.77582487001997D+02  0.00000000000000D+00 -0.48939349756613D-25  0.10001046657562D+01
  0.78412311872017D+02  0.00000000000000D+00  0.38910074193449D-25  0.10001046657562D+01
  0.79250434990737D+02  0.00000000000000D+00 -0.30631727794716D-25  0.10001046657562D+01
  0.80096939340644D+02  0.00000000000000D+00  0.23743027673265D-25  0.10001046657562D+01
  0.80951908734051D+02  0.00000000000000D+00 -0.17951193958949D-25  0.10001046657562D+01
  0.81815427821391D+02  0.00000000000000D+00  0.13024110493382D-25  0.10001046657562D+01
  0.82687582099605D+02  0.00000000000000D+00 -0.87982727576349D-26  0.10001046657562D+01
  0.83568457920601D+02  0.00000000000000D+00  0.52102175081788D-26  0.10001046657562D+01
  0.84458142499807D+02  0.00000000000000D+00 -0.23843103230221D-26  0.10001046657562D+01
  0.85356723924806D+02  0.00000000000000D+00  0.78689361593107D-27  0.10001046657562D+01
  0.86264291164054D+02  0.00000000000000D+00 -0.77912552194513D-27  0.10001046657562D+01
