 -0.86264291164054D+02  0.10000000000000D+01  0.00000000000000D+00 -0.93435613962356D-04
 -0.85356723924806D+02  0.10001049041748D+01  0.00000000000000D+00 -0.21729754735134D-04
 -0.84458142499807D+02  0.10001049041748D+01  0.00000000000000D+00  0.72157581598731D-05
 -0.83568457920601D+02  0.10001049041748D+01  0.00000000000000D+00 -0.37835804960196D-05
 -0.82687582099605D+02  0.10001049041748D+01  0.00000000000000D+00  0.24041285087151D-05
 -0.81815427821391D+02  0.10001049041748D+01  0.00000000000000D+00 -0.17010894453051D-05
 -0.80951908734051D+02  0.10001049041748D+01  0.00000000000000D+00  0.12882327382613D-05
 -0.80096939340644D+02  0.10001049041748D+01  0.46696713383122D-18 -0.10158579470954D-05
 -0.79250434990737D+02  0.10001049041748D+01 -0.85718147109335D-18  0.81928720874203D-06
 -0.78412311872017D+02  0.10001049041748D+01 -0.10669954715759D-17 -0.66868415160570D-06
 -0.77582487001997D+02  0.10001049041748D+01  0.62353122728431D-18  0.54914545444262D-06
 -0.76760878219799D+02  0.10001049041748D+01 -0.38875020172852D-18 -0.45239883661452D-06
 -0.75947404178019D+02  0.10001049041748D+01  0.10861304080415D-18  0.37329240853978D-06
 -0.75141984334672D+02  0.10001049041748D+01 -0.14657438829165D-17 -0.30826677743789D-06
 -0.74344538945220D+02  0.10001049041748D+01 -0.79228222440093D-18  0.25467181785643D-06
 -0.73554989054673D+02  0.10001049041748D+01 -0.86677135075089D-19 -0.21043781828212D-06
 -0.72773256489775D+02  0.10001049041748D+01 -0.12180106565342D-18  0.17390478035395D-06
 -0.71999263851263D+02  0.10001049041748D+01 -0.39851196176253D-17 -0.14372149337305D-06
 -0.71232934506201D+02  0.10001049041748D+01  0.50378785870761D-17  0.11877998673526D-06
 -0.70474192580397D+02  0.10001049041748D+01  0.26005475369053D-18 -0.98168115414410D-07
 -0.69722962950888D+02  0.10001049041748D+01  0.60846356373999D-18  0.81133570972725D-07
 -0.68979171238503D+02  0.10001049041748D+01 -0.97655842967796D-17 -0.67055140107186D-07
 -0.68242743800498D+02  0.10001049041748D+01 -0.73069934123964D-17  0.55419732802875D-07
 -0.67513607723265D+02  0.10001049041748D+01 -0.13674030940765D-18 -0.45803322024085D-07
 -0.66791690815114D+02  0.10001049041748D+01 -0.19746842031308D-18  0.37855574674950D-07
 -0.66076921599123D+02  0.10001049041748D+01 -0.71257275345034D-17 -0.31286916168938D-07
 -0.65369229306062D+02  0.10001049041748D+01 -0.96102174438656D-18  0.25858046370786D-07
 -0.64668543867388D+02  0.10001049041748D+01  0.58446683703491D-17 -0.21371187486352D-07
 -0.63974795908305D+02  0.10001049041748D+01 -0.11427580398939D-16  0.17662886264702D-07
 -0.63287916740896D+02  0.10001049041748D+01  0.41593006935718D-17 -0.14598043662772D-07
 -0.62607838357323D+02  0.10001049041748D+01 -0.12458911668212D-17  0.12065007659601D-07
 -0.61934493423092D+02  0.10001049041748D+01  0.43722736451149D-17 -0.99715027346292D-08
 -0.61267815270388D+02  0.10001049041748D+01  0.23975736997031D-17  0.82412601187798D-08
 -0.60607737891473D+02  0.10001049041748D+01 -0.12241823286327D-17 -0.68112471218740D-08
 -0.59954195932152D+02  0.10001049041748D+01 -0.17666917319053D-17  0.56293680827935D-08
 -0.59307124685299D+02  0.10001049041748D+01  0.63301521489875D-18 -0.46525667762864D-08
 -0.58666460084454D+02  0.10001049041748D+01  0.81913752186687D-17  0.38452592221461D-08
 -0.58032138697480D+02  0.10001049041748D+01  0.12528558621428D-16 -0.31780347242716D-08
 -0.57404097720277D+02  0.10001049041748D+01  0.10175939499680D-16  0.26265860597618D-08
 -0.56782274970571D+02  0.10001049041748D+01 -0.28097025846323D-16 -0.21708241870755D-08
 -0.56166608881754D+02  0.10001049041748D+01 -0.12055350926863D-16  0.17941452767900D-08
 -0.55557038496786D+02  0.10001049041748D+01  0.25470719129661D-16 -0.14828274164103D-08
 -0.54953503462164D+02  0.10001049041748D+01 -0.27356517218354D-19  0.12255289005836D-08
 -0.54355944021945D+02  0.10001049041748D+01  0.50415396884673D-17 -0.10128766714246D-08
 -0.53764301011826D+02  0.10001049041748D+01  0.28595846774966D-17  0.83712364817856D-09
 -0.53178515853293D+02  0.10001049041748D+01 -0.77821640065550D-17 -0.69186700812907D-09
 -0.52598530547815D+02  0.10001049041748D+01 -0.17572108772374D-16  0.57181503976267D-09
 -0.52024287671104D+02  0.10001049041748D+01 -0.90977594088494D-18 -0.47259440805192D-09
 -0.51455730367430D+02  0.10001049041748D+01 -0.41982712401807D-17  0.39059036560651D-09
 -0.50892802343990D+02  0.10001049041748D+01 -0.25441608989544D-16 -0.32281557982294D-09
 -0.50335447865337D+02  0.10001049041748D+01  0.51820851191656D-17  0.26680099796117D-09
 -0.49783611747858D+02  0.10001049041748D+01  0.11587913644251D-16 -0.22050598846857D-09
 -0.49237239354315D+02  0.10001049041748D+01  0.71728032103444D-17  0.18224405318179D-09
 -0.48696276588431D+02  0.10001049041748D+01 -0.15217482910460D-16 -0.15062122382670D-09
 -0.48160669889535D+02  0.10001049041748D+01  0.98065090575856D-17  0.12448558850409D-09
 -0.47630366227263D+02  0.10001049041748D+01  0.11414232185395D-17 -0.10288489504795D-09
 -0.47105313096300D+02  0.10001049041748D+01 -0.44121260696544D-18  0.85032397789675D-10
 -0.46585458511188D+02  0.10001049041748D+01  0.11907152421138D-16 -0.70277554609088D-10
 -0.46070751001176D+02  0.10001049041748D+01 -0.44289658746033D-16  0.58082958581673D-10
 -0.45561139605125D+02  0.10001049041748D+01  0.27118107222204D-16 -0.48004326208551D-10
 -0.45056573866460D+02  0.10001049041748D+01  0.81847205506407D-17  0.39674472041007D-10
 -0.44557003828178D+02  0.10001049041748D+01 -0.53048108460818D-16 -0.32789968656965D-10
 -0.44062380027899D+02  0.10001049041748D+01  0.30348125091493D-16  0.27100020144610D-10
 -0.43572653492970D+02  0.10001049041748D+01 -0.24695495282347D-18 -0.22397287149922D-10
 -0.43087775735614D+02  0.10001049041748D+01 -0.50881209584562D-16  0.18510493485224D-10
 -0.42607698748132D+02  0.10001049041748D+01 -0.17108809874367D-16 -0.15297995509256D-10
 -0.42132374998151D+02  0.10001049041748D+01  0.36899015039831D-16  0.12642841634714D-10
 -0.41661757423912D+02  0.10001049041748D+01 -0.34784317877672D-16 -0.10448195260360D-10
 -0.41195799429615D+02  0.10001049041748D+01 -0.32922602325333D-16  0.86342252791916D-11
 -0.40734454880807D+02  0.10001049041748D+01 -0.78577552450887D-16 -0.71347433169833D-11
 -0.40277678099809D+02  0.10001049041748D+01 -0.98371288023205D-17  0.58951615290737D-11
 -0.39825423861197D+02  0.10001049041748D+01  0.47740034221783D-16 -0.48702582765292D-11
 -0.39377647387324D+02  0.10001049041748D+01 -0.12687172985427D-16  0.40227730001285D-11
 -0.38934304343885D+02  0.10001049041748D+01  0.64649571323503D-16 -0.33217417531872D-11
 -0.38495350835530D+02  0.10001049041748D+01  0.15036277416752D-16  0.27416779783962D-11
 -0.38060743401515D+02  0.10001049041748D+01  0.56966790586004D-16 -0.22613920284964D-11
 -0.37630439011401D+02  0.10001049041748D+01 -0.48575271573503D-16  0.18633779415300D-11
 -0.37204395060793D+02  0.10001049041748D+01  0.59068938591090D-17 -0.15330990600290D-11
 -0.36782569367122D+02  0.10001049041748D+01  0.67794763475336D-16  0.12585294134962D-11
 -0.36364920165467D+02  0.10001049041748D+01  0.65128429488832D-16 -0.10295678155511D-11
 -0.35951406104423D+02  0.10001049041748D+01 -0.60261563462366D-16  0.83791681275772D-12
 -0.35541986242003D+02  0.10001049041748D+01  0.11788090029000D-15 -0.67642912755447D-12
 -0.35136620041587D+02  0.10001049041748D+01  0.40223897290490D-16  0.53923234150446D-12
 -0.34735267367908D+02  0.10001049041748D+01 -0.81194650992970D-17 -0.42111539949596D-12
 -0.34337888483077D+02  0.10001049041748D+01 -0.32582293603884D-16  0.31782234721604D-12
 -0.33944444042650D+02  0.10001049041748D+01 -0.35489552215600D-16 -0.22527114993277D-12
 -0.33554895091733D+02  0.10001049041748D+01 -0.34060012063541D-16  0.14008919350071D-12
 -0.33169203061122D+02  0.10001049041748D+01  0.70376771361473D-16 -0.58891137951454D-13
 -0.32787329763487D+02  0.10001049041748D+01 -0.43769640073423D-16 -0.21514435266418D-13
 -0.32409237389591D+02  0.10001049041748D+01  0.48981857314352D-16  0.10441153556985D-12
 -0.32034888504546D+02  0.10001049041748D+01 -0.47126653327796D-16 -0.19324407525556D-12
 -0.31664246044105D+02  0.10001049041748D+01  0.11415444501300D-15  0.29176392747111D-12
 -0.31297273310995D+02  0.10001049041748D+01  0.11969591984240D-15 -0.40411199235015D-12
 -0.30933933971282D+02  0.10001049041748D+01  0.36324789567319D-16  0.53514050829540D-12
 -0.30574192050774D+02  0.10001049041748D+01 -0.12700425246021D-15 -0.69050266806453D-12
 -0.30218011931459D+02  0.10001049041748D+01 -0.33088243588636D-16  0.87702577405285D-12
 -0.29865358347980D+02  0.10001049041748D+01 -0.10268598286665D-15 -0.11029907456134D-11
 -0.29516196384138D+02  0.10001049041748D+01  0.13387885126946D-16  0.13785592676077D-11
 -0.29170491469444D+02  0.10001049041748D+01  0.39432854544538D-16 -0.17153736113842D-11
 -0.28828209375687D+02  0.10001049041748D+01  0.97851251152622D-16  0.21287281833093D-11
 -0.28489316213551D+02  0.10001049041748D+01 -0.30221123088964D-16 -0.26371400722869D-11
 -0.28153778429259D+02  0.10001049041748D+01 -0.89081270540098D-16  0.32628984149990D-11
 -0.27821562801246D+02  0.10001049041748D+01  0.18265996839276D-15 -0.40337793869027D-11
 -0.27492636436878D+02  0.10001049041748D+01 -0.95297374024756D-16  0.49841289949393D-11
 -0.27166966769186D+02  0.10001049041748D+01  0.10984976401805D-15 -0.61562283049099D-11
 -0.26844521553649D+02  0.10001049041748D+01  0.24944673619108D-16  0.76021714964791D-11
 -0.26525268864999D+02  0.10001049041748D+01 -0.13263408341391D-15 -0.93860336169982D-11
 -0.26209177094059D+02  0.10001049041748D+01  0.15259151306637D-16  0.11587516536571D-10
 -0.25896214944613D+02  0.10001049041748D+01  0.38999157131932D-16 -0.14304218400041D-10
 -0.25586351430310D+02  0.10001049041748D+01 -0.16303183934216D-16  0.17656992187809D-10
 -0.25279555871594D+02  0.10001049041748D+01 -0.13256178121093D-15 -0.21794935647912D-10
 -0.24975797892667D+02  0.10001049041748D+01  0.32477883558245D-16  0.26901850538885D-10
 -0.24675047418482D+02  0.10001049041748D+01 -0.21629433647414D-15 -0.33205119209789D-10
 -0.24377274671764D+02  0.10001049041748D+01  0.33666489158925D-16  0.40984771132457D-10
 -0.24082450170064D+02  0.10001049041748D+01 -0.29793875699902D-15 -0.50587065786312D-10
 -0.23790544722835D+02  0.10001049041748D+01 -0.17025921620701D-17  0.62438526571285D-10
 -0.23501529428550D+02  0.10001049041748D+01  0.91940357461661D-16 -0.77066443504581D-10
 -0.23215375671832D+02  0.10001049041748D+01  0.24812972568956D-15  0.95121160947897D-10
 -0.22932055120625D+02  0.10001049041748D+01 -0.36766504014422D-16 -0.11740504402002D-09
 -0.22651539723391D+02  0.10001049041748D+01  0.70352794704237D-17  0.14491011168793D-09
 -0.22373801706328D+02  0.10001049041748D+01 -0.51913203425505D-16 -0.17885791459005D-09
 -0.22098813570622D+02  0.10001049041748D+01  0.51591946327924D-16  0.22075892502915D-09
 -0.21826548089725D+02  0.10001049041748D+01 -0.11227515683573D-15 -0.27247645806305D-09
 -0.21556978306658D+02  0.10001049041748D+01  0.82174524183517D-16  0.33630850881927D-09
 -0.21290077531345D+02  0.10001049041748D+01  0.42693501257548D-16 -0.41509690129615D-09
 -0.21025819337965D+02  0.10001049041748D+01  0.24196181705611D-15  0.51233972619968D-09
 -0.20764177562342D+02  0.10001049041748D+01  0.48797144574847D-16 -0.63236804681566D-09
 -0.20505126299348D+02  0.10001049041748D+01  0.16569819979844D-15  0.78051015650615D-09
 -0.20248639900345D+02  0.10001049041748D+01 -0.16110436954857D-15 -0.96336882915438D-09
 -0.19994692970638D+02  0.10001049041748D+01 -0.20482586771034D-15  0.11890576301354D-08
 -0.19743260366969D+02  0.10001049041748D+01 -0.38549415724164D-16 -0.14676538873104D-08
 -0.19494317195018D+02  0.10001049041748D+01 -0.22397208133607D-15  0.18115203781477D-08
 -0.19247838806949D+02  0.10001049041748D+01  0.96309287229149D-16 -0.22360817641953D-08
 -0.19003800798959D+02  0.10001049041748D+01  0.24960745407538D-15  0.27602427010720D-08
 -0.18762179008871D+02  0.10001049041748D+01 -0.49728715380704D-16 -0.34078415644956D-08
 -0.18522949513733D+02  0.10001049041748D+01 -0.46426341707129D-15  0.42082732853999D-08
 -0.18286088627459D+02  0.10001049041748D+01  0.61762587901218D-15 -0.51996611460936D-08
 -0.18051572898474D+02  0.10001049041748D+01  0.27440757291936D-15  0.64306884262066D-08
 -0.17819379107400D+02  0.10001049041748D+01  0.13723588106745D-15 -0.79698407873252D-08
 -0.17589484264752D+02  0.10001049041748D+01  0.24909346389507D-15  0.99155190724787D-08
 -0.17361865608666D+02  0.10001049041748D+01 -0.59160497393296D-15 -0.12433518215005D-07
 -0.17136500602639D+02  0.10001049041748D+01  0.54778711253855D-15  0.15821520094050D-07
 -0.16913366933306D+02  0.10001049041748D+01 -0.24260426507682D-15 -0.20700914760141D-07
 -0.16692442508224D+02  0.10001049041748D+01  0.10279842781389D-14  0.28437941779202D-07
 -0.16473705453687D+02  0.10001049041748D+01 -0.82444342558398D-15 -0.42441147485306D-07
 -0.16257134112562D+02  0.10001049041748D+01 -0.14946892676806D-14  0.73439338166281D-07
 -0.16042707042140D+02  0.10001049041748D+01 -0.14427758888928D-14 -0.18145262004055D-06
 -0.15830403012020D+02  0.10001049041748D+01  0.19994300070210D-15 -0.20484640117502D-06
 -0.15620201002000D+02  0.10001049041748D+01  0.34386070117397D-15  0.52586017318390D-07
 -0.15412080200000D+02  0.10001049041748D+01 -0.75235599839363D-15 -0.64731295879028D-06
 -0.15206020000000D+02  0.10001049041748D+01 -0.56719046683822D-15 -0.25674367520878D-06
 -0.15002000000000D+02  0.10001049041748D+01  0.91439207771440D-15 -0.46921503127351D-07
 -0.14800000000000D+02  0.10001049041748D+01 -0.77818415053778D-15 -0.65787827452368D-06
 -0.14600000000000D+02  0.10001049041748D+01 -0.19422480038920D-15  0.53922022402730D-07
 -0.14400000000000D+02  0.10001049041748D+01  0.66613386771465D-15 -0.90542584985087D-06
 -0.14200000000000D+02  0.10001049041748D+01  0.88907796869011D-15 -0.74929772608812D-06
 -0.14000000000000D+02  0.10001049041748D+01  0.73989164387699D-15 -0.53569863212033D-06
 -0.13800000000000D+02  0.10001049041748D+01 -0.27940616315704D-14 -0.13780706922262D-05
 -0.13600000000000D+02  0.10001049041748D+01  0.47647069708844D-15 -0.93161543190945D-06
 -0.13400000000000D+02  0.10001049041748D+01 -0.15316981488494D-15 -0.14619553212469D-05
 -0.13200000000000D+02  0.10001049041748D+01 -0.14121921232059D-15 -0.24482617391186D-05
 -0.13000000000000D+02  0.10001049041748D+01  0.46696185228301D-15 -0.16915081459956D-05
 -0.12800000000000D+02  0.10001049041748D+01  0.59468875619612D-15 -0.28264059892535D-05
 -0.12600000000000D+02  0.10001049041748D+01  0.32317258847573D-14 -0.34248691918037D-05
 -0.12400000000000D+02  0.10001049041748D+01 -0.60753877540156D-15 -0.42870037759712D-05
 -0.12200000000000D+02  0.10001049041748D+01  0.60856664988305D-15 -0.50597900553839D-05
 -0.12000000000000D+02  0.10001049041748D+01  0.44100545405669D-15 -0.61383466345433D-05
 -0.11800000000000D+02  0.10001049041748D+01  0.28400635674193D-14 -0.68881927290931D-05
 -0.11600000000000D+02  0.10001049041748D+01  0.14432898261336D-14 -0.97069096227642D-05
 -0.11400000000000D+02  0.10001049041748D+01 -0.72755590072547D-14 -0.11360454664100D-04
 -0.11200000000000D+02  0.10001049041748D+01 -0.49579680198332D-14 -0.13258151739137D-04
 -0.11000000000000D+02  0.10001049041748D+01 -0.34324394472134D-14 -0.17103406207752D-04
 -0.10800000000000D+02  0.10001049041748D+01  0.63734709566019D-16 -0.20187153495499D-04
 -0.10600000000000D+02  0.10001049041748D+01 -0.61252437956536D-14 -0.24764691261225D-04
 -0.10400000000000D+02  0.10001049041748D+01 -0.43946290118062D-15 -0.30299535865197D-04
 -0.10200000000000D+02  0.10001049041748D+01 -0.88745894991473D-14 -0.37432895624079D-04
 -0.10000000000000D+02  0.10001049041748D+01  0.67291842162766D-14 -0.44891086872667D-04
 -0.98000000000000D+01  0.10001049041748D+01  0.21382103997283D-15 -0.56283879530383D-04
 -0.96000000000000D+01  0.10001049041748D+01  0.12582528318279D-14 -0.67378314270172D-04
 -0.94000000000000D+01  0.10001049041748D+01  0.73027995868384D-14 -0.82942970038857D-04
 -0.92000000000000D+01  0.10001049041748D+01  0.64999457605305D-14 -0.10074466990773D-03
 -0.90000000000000D+01  0.10001049041748D+01  0.10606742230129D-13 -0.12369899195619D-03
 -0.88000000000000D+01  0.10001049041748D+01 -0.62624796502513D-14 -0.15017000259832D-03
 -0.86000000000000D+01  0.10001049041748D+01  0.12598976427565D-13 -0.18432924116496D-03
 -0.84000000000000D+01  0.10001049041748D+01  0.13719479044039D-13 -0.22498767066281D-03
 -0.82000000000000D+01  0.10001049041748D+01 -0.10645807389657D-13 -0.27451085043140D-03
 -0.80000000000000D+01  0.10001049041748D+01  0.10867851994582D-13 -0.33533418900333D-03
 -0.78000000000000D+01  0.10001049041748D+01  0.11595662936927D-14 -0.40915323188528D-03
 -0.76000000000000D+01  0.10001049041748D+01 -0.15950202991071D-13 -0.49954192945734D-03
 -0.74000000000000D+01  0.10001049041748D+01 -0.81334111063443D-14 -0.61080558225513D-03
 -0.72000000000000D+01  0.10001049041748D+01 -0.59129655653137D-13 -0.74583181412891D-03
 -0.70000000000000D+01  0.10001046657562D+01 -0.49820228237990D-13 -0.90903998352587D-03
 -0.68000000000000D+01  0.10001046657562D+01  0.32097781599511D-13 -0.11118829715997D-02
 -0.66000000000000D+01  0.10001046657562D+01  0.34967905307437D-13 -0.13570990413427D-02
 -0.64000000000000D+01  0.10001045465469D+01  0.21743925290949D-12 -0.16558489296585D-02
 -0.62000000000000D+01  0.10001037120819D+01 -0.14691130527811D-12 -0.20208263304085D-02
 -0.60000000000000D+01  0.10001026391983D+01 -0.25704541576840D-12 -0.24663640651852D-02
 -0.58000000000000D+01  0.10001001358032D+01 -0.22737372965334D-12 -0.30096317641437D-02
 -0.56000000000000D+01  0.10000953674316D+01 -0.37770611291399D-12 -0.36702554207295D-02
 -0.54000000000000D+01  0.10000858306885D+01  0.51435402161418D-12 -0.44757816940546D-02
 -0.52000000000000D+01  0.10000674724579D+01 -0.74343864940075D-13 -0.54559246636927D-02
 -0.50000000000000D+01  0.10000333786011D+01  0.16263531320282D-12 -0.66485321149230D-02
 -0.48000000000000D+01  0.99997043609619D+00  0.83870350985407D-12 -0.80951089039445D-02
 -0.46000000000000D+01  0.99985736608505D+00  0.61665374195830D-10 -0.98530407994986D-02
 -0.44000000000000D+01  0.99965941905975D+00  0.64106642216899D-09 -0.11983822099864D-01
 -0.42000000000000D+01  0.99931716918945D+00  0.21172268382941D-08 -0.14560375362635D-01
 -0.40000000000000D+01  0.99874031543732D+00  0.55224091966011D-08 -0.17676139250398D-01
 -0.38000000000000D+01  0.99778908491135D+00  0.12901709922630D-07 -0.21432109177113D-01
 -0.36000000000000D+01  0.99625480175018D+00  0.28762659809445D-07 -0.25952389463782D-01
 -0.34000000000000D+01  0.99383544921875D+00  0.61677162932483D-07 -0.31381085515022D-01
 -0.32000000000000D+01  0.99011260271072D+00  0.12706853169675D-06 -0.37885203957558D-01
 -0.30000000000000D+01  0.98452293872833D+00  0.25154744776046D-06 -0.45660682022572D-01
 -0.28000000000000D+01  0.97635185718536D+00  0.47930450364220D-06 -0.54934918880463D-01
 -0.26000000000000D+01  0.96474057435989D+00  0.87893971567610D-06 -0.65974488854408D-01
 -0.24000000000000D+01  0.94874095916748D+00  0.15536667206106D-05 -0.79088956117630D-01
 -0.22000000000000D+01  0.92741733789444D+00  0.26477443952899D-05 -0.94628244638443D-01
 -0.20000000000000D+01  0.90000832080841D+00  0.43558197830862D-05 -0.11298277974129D+00
 -0.18000000000000D+01  0.86611986160278D+00  0.69143588916631D-05 -0.13455221056938D+00
 -0.16000000000000D+01  0.82591140270233D+00  0.10589071280265D-04 -0.15970730781555D+00
 -0.14000000000000D+01  0.78019821643829D+00  0.15608497051289D-04 -0.18869110941887D+00
 -0.12000000000000D+01  0.73042064905167D+00  0.22078893380240D-04 -0.22151620686054D+00
 -0.10000000000000D+01  0.67846381664276D+00  0.29800163247273D-04 -0.25779268145561D+00
 -0.80000000000000D+00  0.62637740373611D+00  0.38114074413897D-04 -0.29660239815712D+00
 -0.60000000000000D+00  0.57608288526535D+00  0.45712433347944D-04 -0.33638107776642D+00
 -0.40000000000000D+00  0.52915167808533D+00  0.50750404625433D-04 -0.37494039535522D+00
 -0.20000000000000D+00  0.48669877648354D+00  0.51120950956829D-04 -0.40961343050003D+00
  0.00000000000000D+00  0.44938468933105D+00  0.45305539970286D-04 -0.43758192658424D+00
  0.20000000000000D+00  0.41749060153961D+00  0.33144806366181D-04 -0.45627561211586D+00
  0.40000000000000D+00  0.39102539420128D+00  0.16650799807394D-04 -0.46382966637611D+00
  0.60000000000000D+00  0.36983197927475D+00 -0.32400868121840D-06 -0.45940971374512D+00
  0.80000000000000D+00  0.35366943478584D+00 -0.13713460248255D-04 -0.44340938329697D+00
  0.10000000000000D+01  0.34226602315903D+00 -0.24051549189608D-04 -0.41753306984901D+00
  0.12000000000000D+01  0.33540615439415D+00 -0.43369280319894D-04 -0.38340240716934D+00
  0.14000000000000D+01  0.33314219117165D+00 -0.76416356023401D-04 -0.34234777092934D+00
  0.16000000000000D+01  0.33549275994301D+00 -0.92853588284925D-04 -0.29949057102203D+00
  0.18000000000000D+01  0.34230756759644D+00 -0.79112687672023D-04 -0.25764688849449D+00
  0.20000000000000D+01  0.35368224978447D+00 -0.52650331781479D-04 -0.21730294823647D+00
  0.22000000000000D+01  0.36984354257584D+00 -0.27248468541075D-04 -0.18017895519733D+00
  0.24000000000000D+01  0.39104160666466D+00 -0.90265939434175D-05 -0.14710016548634D+00
  0.26000000000000D+01  0.41751044988632D+00  0.15142713891692D-05 -0.11859239637852D+00
  0.28000000000000D+01  0.44940662384033D+00  0.59304056776455D-05 -0.94552807509899D-01
  0.30000000000000D+01  0.48672136664391D+00  0.66328680077277D-05 -0.74763260781765D-01
  0.32000000000000D+01  0.52917385101318D+00  0.55388418331859D-05 -0.58723051100969D-01
  0.34000000000000D+01  0.57610386610031D+00  0.39707870200800D-05 -0.45952763408422D-01
  0.36000000000000D+01  0.62639683485031D+00  0.25561744223523D-05 -0.35889606922865D-01
  0.38000000000000D+01  0.67848110198975D+00  0.15180877426246D-05 -0.28053740039468D-01
  0.40000000000000D+01  0.73043566942215D+00  0.84128663502270D-06 -0.21976239979267D-01
  0.42000000000000D+01  0.78021097183228D+00  0.43946613459411D-06 -0.17293401062489D-01
  0.44000000000000D+01  0.82592213153839D+00  0.21672855154975D-06 -0.13673148117959D-01
  0.46000000000000D+01  0.86612862348557D+00  0.10101516778604D-06 -0.10875620879233D-01
  0.48000000000000D+01  0.90001529455185D+00  0.44107562047202D-07 -0.86980164051056D-02
  0.50000000000000D+01  0.92742317914963D+00  0.17832649135130D-07 -0.69936118088663D-02
  0.52000000000000D+01  0.94874542951584D+00  0.64487242212863D-08 -0.56486460380256D-02
  0.54000000000000D+01  0.96474426984787D+00  0.19350392399531D-08 -0.45807841233909D-02
  0.56000000000000D+01  0.97635483741760D+00  0.34101882429027D-09 -0.37244164850563D-02
  0.58000000000000D+01  0.98452550172806D+00 -0.10616769269278D-09 -0.30370510648936D-02
  0.60000000000000D+01  0.99011451005936D+00 -0.16661300117349D-09 -0.24797134101391D-02
  0.62000000000000D+01  0.99383735656738D+00 -0.12511797153891D-09 -0.20271597895771D-02
  0.64000000000000D+01  0.99625587463379D+00 -0.76279128846668D-10 -0.16579345101491D-02
  0.66000000000000D+01  0.99779021739960D+00 -0.42116136966808D-10 -0.13575915945694D-02
  0.68000000000000D+01  0.99874138832092D+00 -0.21950080641986D-10 -0.11110672494397D-02
  0.70000000000000D+01  0.99931782484055D+00 -0.11322976410655D-10 -0.90993713820353D-03
  0.72000000000000D+01  0.99965965747833D+00 -0.57574648174019D-11 -0.74536103056744D-03
  0.74000000000000D+01  0.99985820055008D+00 -0.30566415284289D-11 -0.61021104920655D-03
  0.76000000000000D+01  0.99997097253799D+00 -0.17367261058096D-11 -0.49997196765617D-03
  0.78000000000000D+01  0.10000336170197D+01 -0.10445390212499D-11 -0.40934520075098D-03
  0.80000000000000D+01  0.10000677108765D+01 -0.64555359755719D-12 -0.33521110890433D-03
  0.82000000000000D+01  0.10000860691071D+01 -0.44707447921684D-12 -0.27462150319479D-03
  0.84000000000000D+01  0.10000953674316D+01 -0.28473111455402D-12 -0.22424208873417D-03
  0.86000000000000D+01  0.10001003742218D+01 -0.21254605876968D-12 -0.18483243184164D-03
  0.88000000000000D+01  0.10001027584076D+01 -0.13501545259413D-12 -0.14991930220276D-03
  0.90000000000000D+01  0.10001038312912D+01 -0.10397033982455D-12 -0.12384411820676D-03
  0.92000000000000D+01  0.10001045465469D+01 -0.56685115179230D-13 -0.10091037984239D-03
  0.94000000000000D+01  0.10001046657562D+01 -0.51561636497987D-13 -0.82450787886046D-04
  0.96000000000000D+01  0.10001046657562D+01 -0.36740159119241D-13 -0.68035325966775D-04
  0.98000000000000D+01  0.10001046657562D+01 -0.23182073732972D-13 -0.55194122978719D-04
  0.10000000000000D+02  0.10001046657562D+01 -0.14753630039671D-13 -0.46004057367099D-04
  0.10200000000000D+02  0.10001049041748D+01 -0.16117766436828D-13 -0.37009962397860D-04
  0.10400000000000D+02  0.10001049041748D+01 -0.34601950228290D-14 -0.30096503905952D-04
  0.10600000000000D+02  0.10001046657562D+01 -0.63457463770982D-14 -0.24645667508594D-04
  0.10800000000000D+02  0.10001046657562D+01 -0.66037716710732D-14 -0.20552435671561D-04
  0.11000000000000D+02  0.10001046657562D+01 -0.49559122708702D-14 -0.16955405953922D-04
  0.11200000000000D+02  0.10001046657562D+01 -0.25771563990528D-14 -0.13274076991365D-04
  0.11400000000000D+02  0.10001046657562D+01  0.58944620458777D-14 -0.11482539775898D-04
  0.11600000000000D+02  0.10001046657562D+01 -0.12865224505634D-14 -0.93407679742086D-05
  0.11800000000000D+02  0.10001046657562D+01  0.20976019197012D-14 -0.71246818151849D-05
  0.12000000000000D+02  0.10001046657562D+01 -0.35414087535700D-15 -0.65730478127080D-05
  0.12200000000000D+02  0.10001046657562D+01  0.25270423300032D-14 -0.48605061238050D-05
  0.12400000000000D+02  0.10001046657562D+01 -0.21592809530961D-14 -0.38777643567300D-05
  0.12600000000000D+02  0.10001046657562D+01 -0.93546530453002D-16 -0.39270234992728D-05
  0.12800000000000D+02  0.10001046657562D+01  0.44614506469217D-15 -0.19963501927123D-05
  0.13000000000000D+02  0.10001046657562D+01 -0.18673334718913D-14 -0.26602388061292D-05
  0.13200000000000D+02  0.10001046657562D+01  0.19120522057647D-15 -0.20750649127876D-05
  0.13400000000000D+02  0.10001046657562D+01 -0.25995165865527D-15 -0.14613949588238D-05
  0.13600000000000D+02  0.10001046657562D+01 -0.10976302916774D-14 -0.13124223414707D-05
  0.13800000000000D+02  0.10001046657562D+01  0.18012856543127D-14 -0.37309530398488D-06
  0.14000000000000D+02  0.10001046657562D+01 -0.11158768636690D-14 -0.15205356476145D-05
  0.14200000000000D+02  0.10001046657562D+01 -0.27627080717530D-15 -0.44191449433129D-06
  0.14400000000000D+02  0.10001046657562D+01  0.12525988869050D-14 -0.68412634846027D-06
  0.14600000000000D+02  0.10001046657562D+01 -0.31867507645987D-15 -0.24115377073031D-06
  0.14800000000000D+02  0.10001046657562D+01 -0.64043425282025D-15 -0.65092073953110D-07
  0.15002000000000D+02  0.10001046657562D+01 -0.68579413769514D-15 -0.70209756586337D-06
  0.15206020000000D+02  0.10001046657562D+01 -0.50563981187436D-15 -0.39519454730907D-06
  0.15412080200000D+02  0.10001046657562D+01 -0.19171909164276D-15 -0.19454455468804D-06
  0.15620201002000D+02  0.10001046657562D+01  0.59545992675504D-15  0.16111130207719D-06
  0.15830403012020D+02  0.10001046657562D+01  0.58338077370605D-16 -0.26123052521143D-06
  0.16042707042140D+02  0.10001046657562D+01  0.11937469583204D-15 -0.12171689434126D-06
  0.16257134112562D+02  0.10001046657562D+01  0.27183759554805D-15 -0.59121267881324D-08
  0.16473705453687D+02  0.10001046657562D+01  0.47261579720593D-15  0.82942854362500D-07
  0.16692442508224D+02  0.10001046657562D+01  0.80889555350197D-16 -0.25334307451885D-06
  0.16913366933306D+02  0.10001046657562D+01  0.86652645762329D-15 -0.29922739486210D-06
  0.17136500602639D+02  0.10001046657562D+01 -0.19981436088196D-16  0.13666004861079D-06
  0.17361865608666D+02  0.10001046657562D+01 -0.14912197677891D-15 -0.86132587284737D-07
  0.17589484264752D+02  0.10001046657562D+01 -0.40586105122348D-15  0.61209298962694D-07
  0.17819379107400D+02  0.10001046657562D+01  0.18449102863160D-15 -0.46215475890676D-07
  0.18051572898474D+02  0.10001046657562D+01 -0.11433111755696D-15  0.36073604547937D-07
  0.18286088627459D+02  0.10001046657562D+01  0.31064367549012D-16 -0.28670777751927D-07
  0.18522949513733D+02  0.10001046657562D+01  0.60249522359625D-15  0.23001245352816D-07
  0.18762179008871D+02  0.10001046657562D+01  0.18934189367629D-15 -0.18543463653486D-07
  0.19003800798959D+02  0.10001046657562D+01  0.66561993047391D-16  0.14985829466241D-07
  0.19247838806949D+02  0.10001046657562D+01 -0.11031557258204D-15 -0.12126286641490D-07
  0.19494317195018D+02  0.10001046657562D+01 -0.23418766925687D-15  0.98182768581978D-08
  0.19743260366969D+02  0.10001046657562D+01 -0.14963599342900D-15 -0.79522628482209D-08
  0.19994692970638D+02  0.10001046657562D+01  0.11812182822394D-15  0.64417964296126D-08
  0.20248639900345D+02  0.10001046657562D+01  0.25477946372109D-15 -0.52187321131214D-08
  0.20505126299348D+02  0.10001046657562D+01 -0.17665270485171D-15  0.42280001721906D-08
  0.20764177562342D+02  0.10001046657562D+01 -0.28655065048609D-16 -0.34254559189151D-08
  0.21025819337965D+02  0.10001046657562D+01  0.12070785951657D-15  0.27752515840973D-08
  0.21290077531345D+02  0.10001046657562D+01  0.15027844144971D-15 -0.22484940576106D-08
  0.21556978306658D+02  0.10001046657562D+01 -0.13630429040926D-15  0.18217122255137D-08
  0.21826548089725D+02  0.10001046657562D+01 -0.97690625912554D-16 -0.14759456989921D-08
  0.22098813570622D+02  0.10001046657562D+01  0.37023509030742D-16  0.11958025680769D-08
  0.22373801706328D+02  0.10001046657562D+01  0.39416770844707D-16 -0.96883623346145D-09
  0.22651539723391D+02  0.10001046657562D+01 -0.12774312988801D-15  0.78494616362335D-09
  0.22932055120625D+02  0.10001046657562D+01 -0.25752615334102D-15 -0.63596122812370D-09
  0.23215375671832D+02  0.10001046657562D+01 -0.30771251135871D-16  0.51525295141630D-09
  0.23501529428550D+02  0.10001046657562D+01  0.31514142044005D-16 -0.41745643053481D-09
  0.23790544722835D+02  0.10001046657562D+01  0.12355889300769D-15  0.33822133982397D-09
  0.24082450170064D+02  0.10001046657562D+01  0.14295408138035D-15 -0.27402599633852D-09
  0.24377274671764D+02  0.10001046657562D+01 -0.16834047937273D-15  0.22201447624770D-09
  0.24675047418482D+02  0.10001046657562D+01  0.31923725487394D-16 -0.17987550338106D-09
  0.24975797892667D+02  0.10001046657562D+01  0.28341858072749D-16  0.14573450779487D-09
  0.25279555871594D+02  0.10001046657562D+01  0.43528671607638D-17 -0.11807350930315D-09
  0.25586351430310D+02  0.10001046657562D+01 -0.94686992487669D-17  0.95662713861522D-10
  0.25896214944613D+02  0.10001046657562D+01 -0.12993161156081D-15 -0.77505737938743D-10
  0.26209177094059D+02  0.10001046657562D+01  0.14328333896882D-15  0.62794644484221D-10
  0.26525268864999D+02  0.10001046657562D+01 -0.10520787788331D-16 -0.50876199086947D-10
  0.26844521553649D+02  0.10001046657562D+01 -0.14061702483465D-15  0.41219656160552D-10
  0.27166966769186D+02  0.10001046657562D+01 -0.11197803355970D-15 -0.33396216347903D-10
  0.27492636436878D+02  0.10001046657562D+01  0.24041187249409D-16  0.27057502072214D-10
  0.27821562801246D+02  0.10001046657562D+01  0.40031157590320D-16 -0.21922002407804D-10
  0.28153778429259D+02  0.10001046657562D+01  0.42709538635265D-16  0.17761320192378D-10
  0.28489316213551D+02  0.10001046657562D+01  0.36489428287719D-16 -0.14390322267133D-10
  0.28828209375687D+02  0.10001046657562D+01  0.77114878752211D-16  0.11658991480590D-10
  0.29170491469444D+02  0.10001046657562D+01 -0.41982714883349D-16 -0.94464271474526D-11
  0.29516196384138D+02  0.10001046657562D+01  0.38083613777623D-16  0.76536511503522D-11
  0.29865358347980D+02  0.10001046657562D+01 -0.26827968659267D-16 -0.62013436920305D-11
  0.30218011931459D+02  0.10001046657562D+01  0.50796801593315D-17  0.50246673141685D-11
  0.30574192050774D+02  0.10001046657562D+01  0.94574550518283D-16 -0.40714393662045D-11
  0.30933933971282D+02  0.10001046657562D+01  0.10335057285800D-15  0.32991831922652D-11
  0.31297273310995D+02  0.10001046657562D+01 -0.96172708129488D-17 -0.26737891414830D-11
  0.31664246044105D+02  0.10001046657562D+01  0.11227517668807D-16  0.21670495259363D-11
  0.32034888504546D+02  0.10001046657562D+01 -0.32917582993376D-16 -0.17567876407082D-11
  0.32409237389591D+02  0.10001046657562D+01 -0.14536345998137D-16  0.14244835779692D-11
  0.32787329763487D+02  0.10001046657562D+01 -0.68385060239969D-17 -0.11556625881953D-11
  0.33169203061122D+02  0.10001046657562D+01 -0.47124651550713D-16  0.93798634224346D-12
  0.33554895091733D+02  0.10001046657562D+01  0.92960310861608D-17 -0.76216713062321D-12
  0.33944444042650D+02  0.10001046657562D+01 -0.50841051620183D-16  0.62004432621263D-12
  0.34337888483077D+02  0.10001046657562D+01  0.25421526698633D-16 -0.50556103357510D-12
  0.34735267367908D+02  0.10001046657562D+01  0.26512761560686D-16  0.41335416534928D-12
  0.35136620041587D+02  0.10001046657562D+01 -0.29703129354493D-16 -0.33956520863361D-12
  0.35541986242003D+02  0.10001046657562D+01  0.52014599224992D-16  0.28059783771690D-12
  0.35951406104423D+02  0.10001046657562D+01 -0.70566506741658D-16 -0.23412058424745D-12
  0.36364920165467D+02  0.10001046657562D+01 -0.33708652209108D-16  0.19775152381492D-12
  0.36782569367122D+02  0.10001046657562D+01 -0.63475995594553D-17 -0.17016795687396D-12
  0.37204395060793D+02  0.10001046657562D+01 -0.84635035781282D-16  0.14975257904386D-12
  0.37630439011401D+02  0.10001046657562D+01  0.13875779413287D-16 -0.13583162643705D-12
  0.38060743401515D+02  0.10001046657562D+01 -0.20604362646453D-16  0.12746451301133D-12
  0.38495350835530D+02  0.10001046657562D+01 -0.22945431018127D-16 -0.12442365117816D-12
  0.38934304343885D+02  0.10001046657562D+01 -0.50981096606611D-16  0.12632635822823D-12
  0.39377647387324D+02  0.10001046657562D+01  0.41582663869339D-16 -0.13336460570872D-12
  0.39825423861197D+02  0.10001046657562D+01  0.23384129564717D-16  0.14540544332822D-12
  0.40277678099809D+02  0.10001046657562D+01 -0.21892347380286D-16 -0.16314879135171D-12
  0.40734454880807D+02  0.10001046657562D+01 -0.46737898292231D-16  0.18693302927721D-12
  0.41195799429615D+02  0.10001046657562D+01 -0.20726082273590D-16 -0.21780651284289D-12
  0.41661757423912D+02  0.10001046657562D+01 -0.35341986503043D-16  0.25662160113918D-12
  0.42132374998151D+02  0.10001046657562D+01 -0.22582541506726D-17 -0.30503773335369D-12
  0.42607698748132D+02  0.10001046657562D+01 -0.29960127753368D-16  0.36451570928353D-12
  0.43087775735614D+02  0.10001046657562D+01  0.19679774899327D-16 -0.43748937307055D-12
  0.43572653492970D+02  0.10001046657562D+01  0.50079106606639D-17  0.52632578200276D-12
  0.44062380027899D+02  0.10001046657562D+01  0.15469953529458D-17 -0.63451983467813D-12
  0.44557003828178D+02  0.10001046657562D+01  0.16314481567022D-16  0.76571534486300D-12
  0.45056573866460D+02  0.10001046657562D+01  0.10559175586199D-16 -0.92498805923796D-12
  0.45561139605125D+02  0.10001046657562D+01 -0.31703877424189D-16  0.11178601447281D-11
  0.46070751001176D+02  0.10001046657562D+01  0.16991985502095D-16 -0.13515762944602D-11
  0.46585458511188D+02  0.10001046657562D+01  0.13037404565504D-16  0.16344440991606D-11
  0.47105313096300D+02  0.10001046657562D+01  0.24586539569049D-17 -0.19769704536626D-11
  0.47630366227263D+02  0.10001046657562D+01  0.11236924366733D-16  0.23914416454052D-11
  0.48160669889535D+02  0.10001046657562D+01  0.36296556238651D-16 -0.28931501291907D-11
  0.48696276588431D+02  0.10001046657562D+01  0.10901377724070D-16  0.35001337765628D-11
  0.49237239354315D+02  0.10001046657562D+01 -0.52992793445690D-18 -0.42347462342329D-11
  0.49783611747858D+02  0.10001046657562D+01  0.17238316579791D-16  0.51235387460435D-11
  0.50335447865337D+02  0.10001046657562D+01 -0.45487563511159D-17 -0.61990716379579D-11
  0.50892802343990D+02  0.10001046657562D+01  0.12182342176044D-16  0.75003588409506D-11
  0.51455730367430D+02  0.10001046657562D+01 -0.17912804614350D-16 -0.90749751463504D-11
  0.52024287671104D+02  0.10001046657562D+01 -0.18334373904815D-16  0.10980099642011D-10
  0.52598530547815D+02  0.10001046657562D+01  0.10785176218799D-16 -0.13285335505320D-10
  0.53178515853293D+02  0.10001046657562D+01 -0.51134431903941D-17  0.16074459471827D-10
  0.53764301011826D+02  0.10001046657562D+01 -0.78908968980751D-17 -0.19449270319272D-10
  0.54355944021945D+02  0.10001046657562D+01  0.13787060156688D-16  0.23532533560688D-10
  0.54953503462164D+02  0.10001046657562D+01  0.44034426377765D-17 -0.28473171737042D-10
  0.55557038496786D+02  0.10001046657562D+01  0.39974913444569D-17  0.34451008018577D-10
  0.56166608881754D+02  0.10001046657562D+01  0.12008543257541D-16 -0.41683979185025D-10
  0.56782274970571D+02  0.10001046657562D+01 -0.54557077804017D-17  0.50435412790595D-10
  0.57404097720277D+02  0.10001046657562D+01  0.45129915429709D-17 -0.61024296726941D-10
  0.58032138697480D+02  0.10001046657562D+01 -0.14125380749535D-17  0.73836235736646D-10
  0.58666460084454D+02  0.10001046657562D+01  0.36695357382756D-17 -0.89338092479352D-10
  0.59307124685299D+02  0.10001046657562D+01 -0.13015256804603D-16  0.10809447087423D-09
  0.59954195932152D+02  0.10001046657562D+01  0.63471640488628D-17 -0.13078879645967D-09
  0.60607737891473D+02  0.10001046657562D+01 -0.20102970426876D-18  0.15824770660533D-09
  0.61267815270388D+02  0.10001046657562D+01  0.11161166203151D-16 -0.19147169960654D-09
  0.61934493423092D+02  0.10001046657562D+01  0.65400369251112D-17  0.23167096019350D-09
  0.62607838357323D+02  0.10001046657562D+01  0.81489904840815D-17 -0.28031013621366D-09
  0.63287916740896D+02  0.10001046657562D+01  0.10365140521190D-16  0.33916114361432D-09
  0.63974795908305D+02  0.10001046657562D+01  0.48063474249001D-17 -0.41036829490082D-09
  0.64668543867388D+02  0.10001046657562D+01 -0.21568171989504D-17  0.49652609801498D-09
  0.65369229306062D+02  0.10001046657562D+01  0.13207440639401D-16 -0.60077465224850D-09
  0.66076921599123D+02  0.10001046657562D+01  0.75423593838922D-17  0.72691508368194D-09
  0.66791690815114D+02  0.10001046657562D+01 -0.56793571521110D-17 -0.87955054350886D-09
  0.67513607723265D+02  0.10001046657562D+01 -0.78925587039257D-17  0.10642602354949D-08
  0.68242743800498D+02  0.10001046657562D+01 -0.45186378778322D-17 -0.12878187405363D-08
  0.68979171238503D+02  0.10001046657562D+01 -0.20273098731412D-17  0.15584790125089D-08
  0.69722962950888D+02  0.10001046657562D+01  0.12208252161166D-17 -0.18863637318844D-08
  0.70474192580397D+02  0.10001046657562D+01  0.57051934147611D-18  0.22840478397512D-08
  0.71232934506201D+02  0.10001046657562D+01  0.14600181387164D-17 -0.27675364222546D-08
  0.71999263851263D+02  0.10001046657562D+01 -0.24920844613612D-17  0.33580878078254D-08
  0.72773256489775D+02  0.10001046657562D+01  0.65377083082893D-18 -0.40859888805755D-08
  0.73554989054673D+02  0.10001046657562D+01 -0.53006105883674D-17  0.49988497785591D-08
  0.74344538945220D+02  0.10001046657562D+01 -0.94799944000314D-18 -0.61806884055216D-08
  0.75141984334672D+02  0.10001046657562D+01 -0.10713875938334D-17  0.77969843914616D-08
  0.75947404178019D+02  0.10001046657562D+01 -0.12401816560407D-17 -0.10205474687552D-07
  0.76760878219799D+02  0.10001046657562D+01  0.19396804683578D-16  0.14267612868935D-07
  0.77582487001997D+02  0.10001046657562D+01  0.16563464585762D-19 -0.22677710376229D-07
  0.78412311872017D+02  0.10001046657562D+01 -0.15712899577292D-16  0.50407493290550D-07
  0.79250434990737D+02  0.10001046657562D+01  0.00000000000000D+00  0.47826475224610D-07
  0.80096939340644D+02  0.10001046657562D+01  0.00000000000000D+00 -0.19869762724056D-07
  0.80951908734051D+02  0.10001046657562D+01  0.00000000000000D+00  0.11297442981117D-07
  0.81815427821391D+02  0.10001046657562D+01  0.00000000000000D+00 -0.70309735811236D-08
  0.82687582099605D+02  0.10001046657562D+01  0.00000000000000D+00  0.43710124408847D-08
  0.83568457920601D+02  0.10001046657562D+01  0.00000000000000D+00 -0.24905777440409D-08
  0.84458142499807D+02  0.10001046657562D+01  0.00000000000000D+00  0.11345159256493D-08
  0.85356723924806D+02  0.10001046657562D+01  0.00000000000000D+00 -0.37442410283361D-09
  0.86264291164054D+02  0.10001046657562D+01  0.00000000000000D+00  0.37072783731773D-09
