 -0.86000000000000D+02  0.50000000000000D+00  0.00000000000000D+00  0.00000000000000D+00
 -0.85747058823219D+02  0.50000000000000D+00  0.00000000000000D+00  0.00000000000000D+00
 -0.85494117646439D+02  0.50000000000000D+00  0.00000000000000D+00  0.00000000000000D+00
 -0.85241176469658D+02  0.50000000000000D+00  0.00000000000000D+00  0.00000000000000D+00
 -0.84988235292879D+02  0.50000000000000D+00  0.00000000000000D+00  0.00000000000000D+00
 -0.84735294116100D+02  0.50000000000000D+00  0.00000000000000D+00  0.00000000000000D+00
 -0.84482352939321D+02  0.50000000000000D+00  0.00000000000000D+00  0.00000000000000D+00
 -0.84229411762543D+02  0.50000000000000D+00  0.00000000000000D+00  0.00000000000000D+00
 -0.83976470585766D+02  0.50000000000000D+00  0.00000000000000D+00  0.00000000000000D+00
 -0.83723529408990D+02  0.50000000000000D+00  0.00000000000000D+00  0.00000000000000D+00
 -0.83470588232215D+02  0.50000000000000D+00  0.00000000000000D+00  0.00000000000000D+00
 -0.83217647055440D+02  0.50000000000000D+00  0.00000000000000D+00  0.00000000000000D+00
 -0.82964705878667D+02  0.50000000000000D+00  0.00000000000000D+00  0.00000000000000D+00
 -0.82711764701895D+02  0.50000000000000D+00  0.00000000000000D+00  0.00000000000000D+00
 -0.82458823525124D+02  0.50000000000000D+00  0.00000000000000D+00  0.00000000000000D+00
 -0.82205882348354D+02  0.50000000000000D+00  0.00000000000000D+00  0.00000000000000D+00
 -0.81952941171587D+02  0.50000000000000D+00  0.00000000000000D+00  0.00000000000000D+00
 -0.81699999994821D+02  0.50000000000000D+00  0.00000000000000D+00  0.00000000000000D+00
 -0.81447058818056D+02  0.50000000000000D+00  0.00000000000000D+00  0.00000000000000D+00
 -0.81194117641295D+02  0.50000000000000D+00  0.00000000000000D+00  0.00000000000000D+00
 -0.80941176464535D+02  0.50000000000000D+00  0.00000000000000D+00  0.00000000000000D+00
 -0.80688235287778D+02  0.50000000000000D+00  0.00000000000000D+00  0.00000000000000D+00
 -0.80435294111024D+02  0.50000000000000D+00  0.00000000000000D+00  0.00000000000000D+00
 -0.80182352934274D+02  0.50000000000000D+00  0.00000000000000D+00  0.00000000000000D+00
 -0.79929411757527D+02  0.50000000000000D+00  0.00000000000000D+00  0.00000000000000D+00
 -0.79676470580783D+02  0.50000000000000D+00  0.00000000000000D+00  0.00000000000000D+00
 -0.79423529404045D+02  0.50000000000000D+00  0.00000000000000D+00  0.00000000000000D+00
 -0.79170588227311D+02  0.50000000000000D+00  0.00000000000000D+00  0.00000000000000D+00
 -0.78917647050582D+02  0.50000000000000D+00  0.00000000000000D+00  0.00000000000000D+00
 -0.78664705873859D+02  0.50000000000000D+00  0.00000000000000D+00  0.00000000000000D+00
 -0.78411764697143D+02  0.50000000000000D+00  0.00000000000000D+00  0.00000000000000D+00
 -0.78158823520434D+02  0.50000000000000D+00  0.00000000000000D+00  0.00000000000000D+00
 -0.77905882343733D+02  0.50000000000000D+00  0.00000000000000D+00  0.00000000000000D+00
 -0.77652941167041D+02  0.50000000000000D+00  0.00000000000000D+00  0.00000000000000D+00
 -0.77399999990358D+02  0.50000000000000D+00  0.00000000000000D+00  0.00000000000000D+00
 -0.77147058813687D+02  0.50000000000000D+00  0.00000000000000D+00  0.00000000000000D+00
 -0.76894117637027D+02  0.50000000000000D+00  0.00000000000000D+00  0.00000000000000D+00
 -0.76641176460380D+02  0.50000000000000D+00  0.00000000000000D+00  0.00000000000000D+00
 -0.76388235283748D+02  0.50000000000000D+00  0.00000000000000D+00  0.00000000000000D+00
 -0.76135294107132D+02  0.50000000000000D+00  0.00000000000000D+00  0.00000000000000D+00
 -0.75882352930533D+02  0.50000000000000D+00  0.00000000000000D+00  0.00000000000000D+00
 -0.75629411753954D+02  0.50000000000000D+00  0.00000000000000D+00  0.00000000000000D+00
 -0.75376470577397D+02  0.50000000000000D+00  0.00000000000000D+00  0.00000000000000D+00
 -0.75123529400864D+02  0.50000000000000D+00  0.00000000000000D+00  0.00000000000000D+00
 -0.74870588224357D+02  0.50000000000000D+00  0.00000000000000D+00  0.00000000000000D+00
 -0.74617647047879D+02  0.50000000000000D+00  0.00000000000000D+00  0.00000000000000D+00
 -0.74364705871434D+02  0.50000000000000D+00  0.00000000000000D+00  0.00000000000000D+00
 -0.74111764695024D+02  0.50000000000000D+00  0.00000000000000D+00  0.00000000000000D+00
 -0.73858823518654D+02  0.50000000000000D+00  0.00000000000000D+00  0.00000000000000D+00
 -0.73605882342327D+02  0.50000000000000D+00  0.00000000000000D+00  0.00000000000000D+00
 -0.73352941166048D+02  0.50000000000000D+00  0.00000000000000D+00  0.00000000000000D+00
 -0.73099999989823D+02  0.50000000000000D+00  0.00000000000000D+00  0.00000000000000D+00
 -0.72847058813657D+02  0.50000000000000D+00  0.00000000000000D+00  0.00000000000000D+00
 -0.72594117637555D+02  0.50000000000000D+00  0.00000000000000D+00  0.00000000000000D+00
 -0.72341176461525D+02  0.50000000000000D+00  0.00000000000000D+00  0.00000000000000D+00
 -0.72088235285575D+02  0.50000000000000D+00  0.00000000000000D+00  0.00000000000000D+00
 -0.71835294109713D+02  0.50000000000000D+00  0.00000000000000D+00  0.00000000000000D+00
 -0.71582352933947D+02  0.50000000000000D+00  0.00000000000000D+00  0.00000000000000D+00
 -0.71329411758289D+02  0.50000000000000D+00  0.00000000000000D+00  0.00000000000000D+00
 -0.71076470582749D+02  0.50000000000000D+00  0.00000000000000D+00  0.00000000000000D+00
 -0.70823529407341D+02  0.50000000000000D+00  0.00000000000000D+00  0.00000000000000D+00
 -0.70570588232077D+02  0.50000000000000D+00  0.00000000000000D+00  0.00000000000000D+00
 -0.70317647056972D+02  0.50000000000000D+00  0.00000000000000D+00  0.00000000000000D+00
 -0.70064705882045D+02  0.50000000000000D+00  0.00000000000000D+00  0.00000000000000D+00
 -0.69811764707313D+02  0.50000000000000D+00  0.00000000000000D+00  0.00000000000000D+00
 -0.69558823532796D+02  0.50000000000000D+00  0.00000000000000D+00  0.00000000000000D+00
 -0.69305882358519D+02  0.50000000000000D+00  0.00000000000000D+00  0.00000000000000D+00
 -0.69052941184505D+02  0.50000000000000D+00  0.00000000000000D+00  0.00000000000000D+00
 -0.68800000010782D+02  0.50000000000000D+00  0.00000000000000D+00  0.00000000000000D+00
 -0.68547058837381D+02  0.50000000000000D+00  0.00000000000000D+00  0.00000000000000D+00
 -0.68294117664337D+02  0.50000000000000D+00  0.00000000000000D+00  0.00000000000000D+00
 -0.68041176491685D+02  0.50000000000000D+00  0.00000000000000D+00  0.00000000000000D+00
 -0.67788235319469D+02  0.50000000000000D+00  0.00000000000000D+00  0.00000000000000D+00
 -0.67535294147733D+02  0.50000000000000D+00  0.00000000000000D+00  0.00000000000000D+00
 -0.67282352976527D+02  0.50000000000000D+00  0.00000000000000D+00  0.00000000000000D+00
 -0.67029411805909D+02  0.50000000000000D+00  0.00000000000000D+00  0.00000000000000D+00
 -0.66776470635939D+02  0.50000000000000D+00  0.00000000000000D+00  0.00000000000000D+00
 -0.66523529466686D+02  0.50000000000000D+00  0.00000000000000D+00  0.00000000000000D+00
 -0.66270588298225D+02  0.50000000000000D+00  0.00000000000000D+00  0.00000000000000D+00
 -0.66017647130639D+02  0.50000000000000D+00  0.00000000000000D+00  0.00000000000000D+00
 -0.65764705964020D+02  0.50000000000000D+00  0.00000000000000D+00  0.00000000000000D+00
 -0.65511764798471D+02  0.50000000000000D+00  0.00000000000000D+00  0.00000000000000D+00
 -0.65258823634104D+02  0.50000000000000D+00  0.00000000000000D+00  0.00000000000000D+00
 -0.65005882471042D+02  0.50000000000000D+00  0.00000000000000D+00  0.00000000000000D+00
 -0.64752941309424D+02  0.50000000000000D+00  0.00000000000000D+00  0.00000000000000D+00
 -0.64500000149401D+02  0.50000000000000D+00  0.00000000000000D+00  0.00000000000000D+00
 -0.64247058991141D+02  0.50000000000000D+00  0.00000000000000D+00  0.00000000000000D+00
 -0.63994117834829D+02  0.50000000000000D+00  0.00000000000000D+00  0.00000000000000D+00
 -0.63741176680670D+02  0.50000000000000D+00  0.00000000000000D+00  0.00000000000000D+00
 -0.63488235528890D+02  0.50000000000000D+00  0.00000000000000D+00  0.00000000000000D+00
 -0.63235294379741D+02  0.50000000000000D+00  0.00000000000000D+00  0.00000000000000D+00
 -0.62982353233498D+02  0.50000000000000D+00  0.00000000000000D+00  0.00000000000000D+00
 -0.62729412090467D+02  0.50000000000000D+00  0.00000000000000D+00  0.00000000000000D+00
 -0.62476470950985D+02  0.50000000000000D+00  0.00000000000000D+00  0.00000000000000D+00
 -0.62223529815427D+02  0.50000000000000D+00  0.00000000000000D+00  0.00000000000000D+00
 -0.61970588684205D+02  0.50000000000000D+00  0.00000000000000D+00  0.00000000000000D+00
 -0.61717647557775D+02  0.50000000000000D+00  0.00000000000000D+00  0.00000000000000D+00
 -0.61464706436641D+02  0.50000000000000D+00  0.00000000000000D+00  0.00000000000000D+00
 -0.61211765321359D+02  0.50000000000000D+00  0.00000000000000D+00  0.00000000000000D+00
 -0.60958824212546D+02  0.50000000000000D+00  0.00000000000000D+00  0.00000000000000D+00
 -0.60705883110881D+02  0.50000000000000D+00  0.00000000000000D+00  0.00000000000000D+00
 -0.60452942017117D+02  0.50000000000000D+00  0.00000000000000D+00  0.00000000000000D+00
 -0.60200000932084D+02  0.50000000000000D+00  0.00000000000000D+00  0.00000000000000D+00
 -0.59947059856701D+02  0.50000000000000D+00  0.00000000000000D+00  0.00000000000000D+00
 -0.59694118791982D+02  0.50000000000000D+00  0.00000000000000D+00  0.00000000000000D+00
 -0.59441177739049D+02  0.50000000000000D+00  0.00000000000000D+00  0.00000000000000D+00
 -0.59188236699142D+02  0.50000000000000D+00  0.00000000000000D+00  0.00000000000000D+00
 -0.58935295673630D+02  0.50000000000000D+00  0.00000000000000D+00  0.00000000000000D+00
 -0.58682354664028D+02  0.50000000000000D+00  0.00000000000000D+00  0.00000000000000D+00
 -0.58429413672008D+02  0.50000000000000D+00  0.00000000000000D+00  0.00000000000000D+00
 -0.58176472699421D+02  0.50000000000000D+00  0.00000000000000D+00  0.00000000000000D+00
 -0.57923531748309D+02  0.50000000000000D+00  0.00000000000000D+00  0.00000000000000D+00
 -0.57670590820931D+02  0.50000000000000D+00  0.00000000000000D+00  0.00000000000000D+00
 -0.57417649919783D+02  0.50000000000000D+00  0.00000000000000D+00  0.00000000000000D+00
 -0.57164709047624D+02  0.50000000000000D+00  0.00000000000000D+00  0.00000000000000D+00
 -0.56911768207503D+02  0.50000000000000D+00  0.00000000000000D+00  0.00000000000000D+00
 -0.56658827402789D+02  0.50000000000000D+00  0.00000000000000D+00  0.00000000000000D+00
 -0.56405886637206D+02  0.50000000000000D+00  0.00000000000000D+00  0.00000000000000D+00
 -0.56152945914869D+02  0.50000000000000D+00  0.00000000000000D+00  0.00000000000000D+00
 -0.55900005240326D+02  0.50000000000000D+00  0.00000000000000D+00  0.00000000000000D+00
 -0.55647064618605D+02  0.50000000000000D+00  0.00000000000000D+00  0.00000000000000D+00
 -0.55394124055259D+02  0.50000000000000D+00  0.00000000000000D+00  0.00000000000000D+00
 -0.55141183556430D+02  0.50000000000000D+00  0.00000000000000D+00  0.00000000000000D+00
 -0.54888243128900D+02  0.50000000000000D+00  0.00000000000000D+00  0.00000000000000D+00
 -0.54635302780170D+02  0.50000000000000D+00  0.00000000000000D+00  0.00000000000000D+00
 -0.54382362518526D+02  0.50000000000000D+00  0.00000000000000D+00  0.00000000000000D+00
 -0.54129422353128D+02  0.50000000000000D+00  0.00000000000000D+00  0.00000000000000D+00
 -0.53876482294096D+02  0.50000000000000D+00  0.00000000000000D+00  0.00000000000000D+00
 -0.53623542352618D+02  0.50000000000000D+00  0.00000000000000D+00  0.00000000000000D+00
 -0.53370602541057D+02  0.50000000000000D+00  0.00000000000000D+00  0.00000000000000D+00
 -0.53117662873075D+02  0.50000000000000D+00  0.00000000000000D+00  0.00000000000000D+00
 -0.52864723363773D+02  0.50000000000000D+00  0.00000000000000D+00  0.00000000000000D+00
 -0.52611784029837D+02  0.50000000000000D+00  0.00000000000000D+00  0.00000000000000D+00
 -0.52358844889712D+02  0.50000000000000D+00  0.00000000000000D+00  0.00000000000000D+00
 -0.52105905963779D+02  0.50000000000000D+00  0.00000000000000D+00  0.00000000000000D+00
 -0.51852967274564D+02  0.50000000000000D+00  0.00000000000000D+00  0.00000000000000D+00
 -0.51600028846961D+02  0.50000000000000D+00  0.00000000000000D+00  0.00000000000000D+00
 -0.51347090708483D+02  0.50000000000000D+00  0.00000000000000D+00  0.00000000000000D+00
 -0.51094152889536D+02  0.50000000000000D+00  0.00000000000000D+00  0.00000000000000D+00
 -0.50841215423721D+02  0.50000000000000D+00  0.00000000000000D+00  0.00000000000000D+00
 -0.50588278348175D+02  0.50000000000000D+00  0.00000000000000D+00  0.00000000000000D+00
 -0.50335341703940D+02  0.50000000000000D+00  0.00000000000000D+00  0.00000000000000D+00
 -0.50082405536371D+02  0.50000000000000D+00  0.00000000000000D+00  0.00000000000000D+00
 -0.49829469895596D+02  0.50000000000000D+00  0.00000000000000D+00  0.00000000000000D+00
 -0.49576534837011D+02  0.50000000000000D+00  0.00000000000000D+00  0.00000000000000D+00
 -0.49323600421836D+02  0.50000000000000D+00  0.00000000000000D+00  0.00000000000000D+00
 -0.49070666717730D+02  0.50000000000000D+00  0.00000000000000D+00  0.00000000000000D+00
 -0.48817733799463D+02  0.50000000000000D+00  0.00000000000000D+00  0.00000000000000D+00
 -0.48564801749669D+02  0.50000000000000D+00  0.00000000000000D+00  0.00000000000000D+00
 -0.48311870659666D+02  0.50000000000000D+00  0.00000000000000D+00  0.00000000000000D+00
 -0.48058940630374D+02  0.50000000000000D+00  0.00000000000000D+00  0.00000000000000D+00
 -0.47806011773322D+02  0.50000000000000D+00  0.00000000000000D+00  0.00000000000000D+00
 -0.47553084211761D+02  0.50000000000000D+00  0.00000000000000D+00  0.00000000000000D+00
 -0.47300158081898D+02  0.50000000000000D+00  0.00000000000000D+00  0.00000000000000D+00
 -0.47047233534255D+02  0.50000000000000D+00  0.00000000000000D+00  0.00000000000000D+00
 -0.46794310735175D+02  0.50000000000000D+00  0.00000000000000D+00  0.00000000000000D+00
 -0.46541389868480D+02  0.50000000000000D+00  0.00000000000000D+00  0.00000000000000D+00
 -0.46288471137309D+02  0.50000000000000D+00  0.00000000000000D+00  0.00000000000000D+00
 -0.46035554766145D+02  0.50000000000000D+00  0.00000000000000D+00  0.00000000000000D+00
 -0.45782641003055D+02  0.50000000000000D+00  0.00000000000000D+00  0.00000000000000D+00
 -0.45529730122165D+02  0.50000000000000D+00  0.00000000000000D+00  0.00000000000000D+00
 -0.45276822426394D+02  0.50000000000000D+00  0.00000000000000D+00  0.00000000000000D+00
 -0.45023918250476D+02  0.50000000000000D+00  0.00000000000000D+00  0.00000000000000D+00
 -0.44771017964291D+02  0.50000000000000D+00  0.00000000000000D+00  0.00000000000000D+00
 -0.44518121976554D+02  0.50000000000000D+00  0.00000000000000D+00  0.00000000000000D+00
 -0.44265230738882D+02  0.50000000000000D+00  0.00000000000000D+00  0.00000000000000D+00
 -0.44012344750289D+02  0.50000000000000D+00  0.00000000000000D+00  0.00000000000000D+00
 -0.43759464562148D+02  0.50000000000000D+00  0.00000000000000D+00  0.00000000000000D+00
 -0.43506590783669D+02  0.50000000000000D+00  0.00000000000000D+00  0.00000000000000D+00
 -0.43253724087952D+02  0.50000000000000D+00  0.00000000000000D+00  0.00000000000000D+00
 -0.43000865218664D+02  0.50000000000000D+00  0.00000000000000D+00  0.00000000000000D+00
 -0.42748014997408D+02  0.50000000000000D+00  0.00000000000000D+00  0.00000000000000D+00
 -0.42495174331868D+02  0.50000000000000D+00  0.00000000000000D+00  0.00000000000000D+00
 -0.42242344224778D+02  0.50000000000000D+00  0.00000000000000D+00  0.00000000000000D+00
 -0.41989525783838D+02  0.50000000000000D+00  0.00000000000000D+00  0.00000000000000D+00
 -0.41736720232636D+02  0.50000000000000D+00  0.00000000000000D+00  0.00000000000000D+00
 -0.41483928922708D+02  0.50000000000000D+00  0.00000000000000D+00  0.00000000000000D+00
 -0.41231153346829D+02  0.50000000000000D+00  0.00000000000000D+00  0.00000000000000D+00
 -0.40978395153667D+02  0.50000000000000D+00  0.00000000000000D+00  0.00000000000000D+00
 -0.40725656163938D+02  0.50000000000000D+00  0.00000000000000D+00  0.00000000000000D+00
 -0.40472938388200D+02  0.50000000000000D+00  0.00000000000000D+00  0.00000000000000D+00
 -0.40220244046462D+02  0.50000000000000D+00  0.00000000000000D+00  0.00000000000000D+00
 -0.39967575589767D+02  0.50000000000000D+00  0.00000000000000D+00  0.00000000000000D+00
 -0.39714935723957D+02  0.50000000000000D+00  0.00000000000000D+00  0.00000000000000D+00
 -0.39462327435808D+02  0.50000000000000D+00  0.00000000000000D+00  0.00000000000000D+00
 -0.39209754021786D+02  0.50000000000000D+00  0.00000000000000D+00  0.00000000000000D+00
 -0.38957219119635D+02  0.50000000000000D+00  0.00000000000000D+00  0.00000000000000D+00
 -0.38704726743090D+02  0.50000000000000D+00  0.00000000000000D+00  0.00000000000000D+00
 -0.38452281319972D+02  0.50000000000000D+00  0.00000000000000D+00  0.00000000000000D+00
 -0.38199887733979D+02  0.50000000000000D+00  0.00000000000000D+00  0.00000000000000D+00
 -0.37947551370489D+02  0.50000000000000D+00  0.00000000000000D+00  0.00000000000000D+00
 -0.37695278166721D+02  0.50000000000000D+00  0.00000000000000D+00  0.00000000000000D+00
 -0.37443074666596D+02  0.50000000000000D+00  0.00000000000000D+00  0.00000000000000D+00
 -0.37190948080697D+02  0.50000000000000D+00  0.00000000000000D+00  0.00000000000000D+00
 -0.36938906351695D+02  0.50000000000000D+00  0.00000000000000D+00  0.00000000000000D+00
 -0.36686958225662D+02  0.50000000000000D+00  0.00000000000000D+00  0.00000000000000D+00
 -0.36435113329655D+02  0.50000000000000D+00  0.00000000000000D+00  0.00000000000000D+00
 -0.36183382256002D+02  0.50000000000000D+00  0.00000000000000D+00  0.00000000000000D+00
 -0.35931776653663D+02  0.50000000000000D+00  0.00000000000000D+00  0.29605948205663D-15
 -0.35680309327066D+02  0.50000000000000D+00  0.00000000000000D+00  0.29605948205663D-15
 -0.35428994342748D+02  0.50000000000000D+00  0.00000000000000D+00  0.29605948205663D-15
 -0.35177847144100D+02  0.50000000000000D+00  0.00000000000000D+00  0.29605948205663D-15
 -0.34926884674447D+02  0.50000000000000D+00  0.00000000000000D+00  0.44408920985006D-15
 -0.34676125508589D+02  0.50000000000000D+00  0.00000000000000D+00  0.59211896411327D-15
 -0.34425589992812D+02  0.50000000000000D+00  0.00000000000000D+00  0.59211896411327D-15
 -0.34175300393214D+02  0.50000000000000D+00  0.00000000000000D+00  0.74014866543692D-15
 -0.33925281051989D+02  0.50000000000000D+00  0.00000000000000D+00  0.88817841970013D-15
 -0.33675558551077D+02  0.50000000000000D+00  0.00000000000000D+00  0.11842379282265D-14
 -0.33426161882259D+02  0.50000000000000D+00  0.00000000000000D+00  0.16283271380766D-14
 -0.33177122622438D+02  0.50000000000000D+00  0.00000000000000D+00  0.19243866466030D-14
 -0.32928475112397D+02  0.50000000000000D+00  0.00000000000000D+00  0.25165054518976D-14
 -0.32680256636823D+02  0.50000000000000D+00  0.00000000000000D+00  0.32566542761532D-14
 -0.32432507602812D+02  0.50000000000000D+00  0.00000000000000D+00  0.42928625030561D-14
 -0.32185271713396D+02  0.50000000000000D+00  0.00000000000000D+00  0.51810409227562D-14
 -0.31938596131896D+02  0.50000000000000D+00  0.00000000000000D+00  0.66613381477509D-14
 -0.31692531632123D+02  0.50000000000000D+00  0.00000000000000D+00  0.85857250061122D-14
 -0.31447132728535D+02  0.50000000000000D+00  0.00000000000000D+00  0.11102230246252D-13
 -0.31202457779635D+02  0.50000000000000D+00  0.00000000000000D+00  0.14062824696241D-13
 -0.30958569056931D+02  0.50000000000000D+00  0.00000000000000D+00  0.17911597565931D-13
 -0.30715532770978D+02  0.50000000000000D+00  0.00000000000000D+00  0.22944609740275D-13
 -0.30473419045264D+02  0.50000000000000D+00  0.00000000000000D+00  0.29161856984110D-13
 -0.30232301828102D+02  0.50000000000000D+00  0.00000000000000D+00  0.37155462761411D-13
 -0.29992258732424D+02  0.50000000000000D+00  0.00000000000000D+00  0.47221487110101D-13
 -0.29753370793365D+02  0.50000000000000D+00  0.00000000000000D+00  0.59804015851896D-13
 -0.29515722134068D+02  0.50000000000000D+00  0.00000000000000D+00  0.75939254884361D-13
 -0.29279399531160D+02  0.50000000000000D+00  0.00000000000000D+00  0.96219331059601D-13
 -0.29044491873128D+02  0.50000000000000D+00  0.00000000000000D+00  0.12168044349892D-12
 -0.28811089507236D+02  0.50000000000000D+00  0.00000000000000D+00  0.15365486660812D-12
 -0.28579283473903D+02  0.50000000000000D+00  0.00000000000000D+00  0.19377092974875D-12
 -0.28349164631451D+02  0.50000000000000D+00  0.00000000000000D+00  0.24380497620768D-12
 -0.28120822678864D+02  0.50000000000000D+00  0.00000000000000D+00  0.30627353409494D-12
 -0.27894345089435D+02  0.50000000000000D+00  0.00000000000000D+00  0.38428518722190D-12
 -0.27669815973750D+02  0.50000000000000D+00  0.00000000000000D+00  0.48094861426762D-12
 -0.27447314896020D+02  0.50000000000000D+00  0.00000000000000D+00  0.60070465312048D-12
 -0.27226915672910D+02  0.50000000000000D+00  0.00000000000000D+00  0.74903044921040D-12
 -0.27008685188364D+02  0.50000000000000D+00  0.00000000000000D+00  0.93169916226543D-12
 -0.26792682260934D+02  0.50000000000000D+00  0.00000000000000D+00  0.11562603088530D-11
 -0.26578956601543D+02  0.50000000000000D+00  0.00000000000000D+00  0.14317436125566D-11
 -0.26367547898956D+02  0.50000000000000D+00  0.00000000000000D+00  0.17688073228328D-11
 -0.26158485067506D+02  0.50000000000000D+00  0.00000000000000D+00  0.21801820331707D-11
 -0.25951785686667D+02  0.50000000000000D+00  0.00000000000000D+00  0.26808184578481D-11
 -0.25747455655231D+02  0.50000000000000D+00  0.00000000000000D+00  0.32884805989397D-11
 -0.25545489074406D+02  0.50000000000000D+00  0.00000000000000D+00  0.40244843048376D-11
 -0.25345868364717D+02  0.50000000000000D+00  0.00000000000000D+00  0.49136992218146D-11
 -0.25148564611834D+02  0.50000000000000D+00  0.00000000000000D+00  0.59854343703591D-11
 -0.24953538126989D+02  0.50000000000000D+00  0.00000000000000D+00  0.72741812573440D-11
 -0.24760739199260D+02  0.50000000000000D+00  0.00000000000000D+00  0.88209439752518D-11
 -0.24570109010094D+02  0.50000000000000D+00  0.00000000000000D+00  0.10673535839889D-10
 -0.24381580675549D+02  0.50000000000000D+00  0.00000000000000D+00  0.12887912959059D-10
 -0.24195080378959D+02  0.50000000000000D+00  0.00000000000000D+00  0.15530243757667D-10
 -0.24010528556112D+02  0.50000000000000D+00  0.00000000000000D+00  0.18677948077084D-10
 -0.23827841096424D+02  0.50000000000000D+00  0.00000000000000D+00  0.22421767567615D-10
 -0.23646930526601D+02  0.50000000000000D+00  0.00000000000000D+00  0.26868285374348D-10
 -0.23467707147660D+02  0.50000000000000D+00  0.00000000000000D+00  0.32142139644309D-10
 -0.23290080101276D+02  0.50000000000000D+00  0.00000000000000D+00  0.38389885020917D-10
 -0.23113958347033D+02  0.50000000000000D+00  0.00000000000000D+00  0.45783082186501D-10
 -0.22939251537666D+02  0.50000000000000D+00  0.00000000000000D+00  0.54522903553123D-10
 -0.22765870784688D+02  0.50000000000000D+00  0.00000000000000D+00  0.64845163960658D-10
 -0.22593729311471D+02  0.50000000000000D+00  0.00000000000000D+00  0.77026086897636D-10
 -0.22422742994875D+02  0.50000000000000D+00  0.00000000000000D+00  0.91389416867482D-10
 -0.22252830799762D+02  0.50000000000000D+00  0.00000000000000D+00  0.10831498892250D-09
 -0.22083915113201D+02  0.50000000000000D+00  0.00000000000000D+00  0.12824719064497D-09
 -0.21915921986878D+02  0.50000000000000D+00  0.00000000000000D+00  0.15170724398939D-09
 -0.21748781297307D+02  0.50000000000000D+00  0.00000000000000D+00  0.17930575080261D-09
 -0.21582426833932D+02  0.50000000000000D+00  0.00000000000000D+00  0.21175861064648D-09
 -0.21416796325245D+02  0.50000000000000D+00  0.00000000000000D+00  0.24990409741577D-09
 -0.21251831412743D+02  0.50000000000000D+00  0.00000000000000D+00  0.29472499440963D-09
 -0.21087477581967D+02  0.50000000000000D+00  0.00000000000000D+00  0.34737204779312D-09
 -0.20923684059108D+02  0.50000000000000D+00  0.00000000000000D+00  0.40919431731901D-09
 -0.20760403680844D+02  0.50000000000000D+00  0.00000000000000D+00  0.48177167810692D-09
 -0.20597592744143D+02  0.50000000000000D+00  0.00000000000000D+00  0.56695564909504D-09
 -0.20435210841909D+02  0.50000000000000D+00  0.00000000000000D+00  0.66691541178443D-09
 -0.20273220689455D+02  0.50000000000000D+00  0.00000000000000D+00  0.78419165605581D-09
 -0.20111587945998D+02  0.50000000000000D+00  0.00000000000000D+00  0.92176105637165D-09
 -0.19950281034635D+02  0.50000000000000D+00  0.00000000000000D+00  0.10831112673415D-08
 -0.19789270963585D+02  0.50000000000000D+00  0.00000000000000D+00  0.12723272435622D-08
 -0.19628531150908D+02  0.50000000000000D+00  0.00000000000000D+00  0.14941948789371D-08
 -0.19468037254409D+02  0.50000000000000D+00  0.00000000000000D+00  0.17543202446291D-08
 -0.19307767007992D+02  0.50000000000000D+00  0.00000000000000D+00  0.20592703098288D-08
 -0.19147700065370D+02  0.50000000000000D+00  0.00000000000000D+00  0.24167376988515D-08
 -0.18987817851743D+02  0.50000000000000D+00  0.00000000000000D+00  0.28357340919882D-08
 -0.18828103423786D+02  0.50000000000000D+00  0.00000000000000D+00  0.33268143795340D-08
 -0.18668541338107D+02  0.50000000000000D+00  0.00000000000000D+00  0.39023437814478D-08
 -0.18509117528171D+02  0.50000000000000D+00  0.00000000000000D+00  0.45768047129968D-08
 -0.18349819189549D+02  0.50000000000000D+00  0.00000000000000D+00  0.53671631583541D-08
 -0.18190634673281D+02  0.50000000000000D+00  0.00000000000000D+00  0.62932898892143D-08
 -0.18031553387039D+02  0.50000000000000D+00  0.00000000000000D+00  0.73784622856010D-08
 -0.17872565703766D+02  0.49999997019768D+00  0.00000000000000D+00  0.86499447604638D-08
 -0.17713662877390D+02  0.49999997019768D+00  0.00000000000000D+00  0.10139673101150D-07
 -0.17554836965240D+02  0.49999997019768D+00  0.00000000000000D+00  0.11885054718164D-07
 -0.17396080756733D+02  0.49999997019768D+00  0.00000000000000D+00  0.13929903452947D-07
 -0.17237387707947D+02  0.49999997019768D+00  0.00000000000000D+00  0.16325543583662D-07
 -0.17078751881665D+02  0.49999997019768D+00  0.00000000000000D+00  0.19132084361217D-07
 -0.16920167892509D+02  0.49999994039536D+00  0.00000000000000D+00  0.22419939682550D-07
 -0.16761630856778D+02  0.49999994039536D+00  0.00000000000000D+00  0.26271580466641D-07
 -0.16603136346654D+02  0.49999994039536D+00  0.00000000000000D+00  0.30783606774776D-07
 -0.16444680348401D+02  0.49999994039536D+00  0.00000000000000D+00  0.36069163655839D-07
 -0.16286259224274D+02  0.49999991059303D+00  0.00000000000000D+00  0.42260776211833D-07
 -0.16127869677810D+02  0.49999991059303D+00  0.00000000000000D+00  0.49513676714241D-07
 -0.15969508722229D+02  0.49999988079071D+00  0.00000000000000D+00  0.58009678838289D-07
 -0.15811173651692D+02  0.49999985098839D+00  0.00000000000000D+00  0.67961742900025D-07
 -0.15652862015155D+02  0.49999985098839D+00  0.00000000000000D+00  0.79619304926837D-07
 -0.15494571592609D+02  0.49999982118607D+00  0.00000000000000D+00  0.93274522328102D-07
 -0.15336300373496D+02  0.49999979138374D+00  0.00000000000000D+00  0.10926959248536D-06
 -0.15178046537100D+02  0.49999973177910D+00  0.00000000000000D+00  0.12800533966129D-06
 -0.15019808434753D+02  0.49999970197678D+00  0.00000000000000D+00  0.14995121944139D-06
 -0.14861584573679D+02  0.49999964237213D+00  0.00000000000000D+00  0.17565712084888D-06
 -0.14703373602345D+02  0.49999958276749D+00  0.00000000000000D+00  0.20576707981945D-06
 -0.14545174297159D+02  0.49999952316284D+00  0.00000000000000D+00  0.24103547957566D-06
 -0.14386985550424D+02  0.49999943375587D+00  0.00000000000000D+00  0.28234586579856D-06
 -0.14228806359405D+02  0.49999934434891D+00  0.00000000000000D+00  0.33073317240451D-06
 -0.14070635816418D+02  0.49999922513962D+00  0.00000000000000D+00  0.38740955687899D-06
 -0.13912473099860D+02  0.49999910593033D+00  0.00000000000000D+00  0.45379479729490D-06
 -0.13754317466064D+02  0.49999892711639D+00  0.00000000000000D+00  0.53155179102760D-06
 -0.13596168241930D+02  0.49999874830246D+00  0.00000000000000D+00  0.62262836308946D-06
 -0.13438024818248D+02  0.49999853968620D+00  0.00000000000000D+00  0.72930578198793D-06
 -0.13279886643644D+02  0.49999830126762D+00  0.00000000000000D+00  0.85425620000024D-06
 -0.13121753219106D+02  0.49999800324440D+00  0.00000000000000D+00  0.10006093589254D-05
 -0.12963624093016D+02  0.49999764561653D+00  0.00000000000000D+00  0.11720309203156D-05
 -0.12805498856659D+02  0.49999725818634D+00  0.00000000000000D+00  0.13728147223446D-05
 -0.12647377140154D+02  0.49999678134918D+00  0.00000000000000D+00  0.16079894749055D-05
 -0.12489258608769D+02  0.49999624490738D+00  0.00000000000000D+00  0.18834456341210D-05
 -0.12331142959584D+02  0.49999558925629D+00  0.00000000000000D+00  0.22060821720515D-05
 -0.12173029918473D+02  0.49999484419823D+00  0.00000000000000D+00  0.25839801764960D-05
 -0.12014919237369D+02  0.49999395012856D+00  0.00000000000000D+00  0.30266037356341D-05
 -0.11856810691789D+02  0.49999290704727D+00  0.00000000000000D+00  0.35450389077596D-05
 -0.11698704078594D+02  0.49999168515205D+00  0.00000000000000D+00  0.41522698666085D-05
 -0.11540599213962D+02  0.49999028444290D+00  0.00000000000000D+00  0.48635047278367D-05
 -0.11382495931550D+02  0.49998861551285D+00  0.00000000000000D+00  0.56965559451783D-05
 -0.11224394080836D+02  0.49998664855957D+00  0.00000000000000D+00  0.66722864175972D-05
 -0.11066293525613D+02  0.49998438358307D+00  0.00000000000000D+00  0.78151333582355D-05
 -0.10908194142629D+02  0.49998170137405D+00  0.00000000000000D+00  0.91537176558631D-05
 -0.10750095820357D+02  0.49997854232788D+00  0.00000000000000D+00  0.10721561920946D-04
 -0.10591998457876D+02  0.49997487664223D+00  0.00000000000000D+00  0.12557929949253D-04
 -0.10433901963868D+02  0.49997058510780D+00  0.00000000000000D+00  0.14708811249875D-04
 -0.10275806255699D+02  0.49996554851532D+00  0.00000000000000D+00  0.17228067008546D-04
 -0.10117711258599D+02  0.49995964765549D+00  0.00000000000000D+00  0.20178787963232D-04
 -0.99596169049089D+01  0.49995273351669D+00  0.00000000000000D+00  0.23634862373001D-04
 -0.98015231334089D+01  0.49994462728500D+00  0.00000000000000D+00  0.27682835934684D-04
 -0.96434298887019D+01  0.49993515014648D+00  0.00000000000000D+00  0.32424071832793D-04
 -0.94853371206621D+01  0.49992403388023D+00  0.00000000000000D+00  0.37977286410751D-04
 -0.93272447839327D+01  0.49991104006767D+00  0.00000000000000D+00  0.44481534132501D-04
 -0.91691528374725D+01  0.49989581108093D+00  0.00000000000000D+00  0.52099661843386D-04
 -0.90110612441452D+01  0.49987795948982D+00  0.00000000000000D+00  0.61022405134281D-04
 -0.88529699703480D+01  0.49985706806183D+00  0.00000000000000D+00  0.71473157731816D-04
 -0.86948789856756D+01  0.49983260035515D+00  0.00000000000000D+00  0.83713537605945D-04
 -0.85367882626156D+01  0.49980393052101D+00  0.00000000000000D+00  0.98049953521695D-04
 -0.83786977762735D+01  0.49977034330368D+00  0.00000000000000D+00  0.11484124843264D-03
 -0.82206075041236D+01  0.49973103404045D+00  0.00000000000000D+00  0.13450768892653D-03
 -0.80625174257837D+01  0.49968495965004D+00  0.00000000000000D+00  0.15754142077640D-03
 -0.79044275228110D+01  0.49963101744652D+00  0.00000000000000D+00  0.18451879441272D-03
 -0.77463377785178D+01  0.49956786632538D+00  0.00000000000000D+00  0.21611474221572D-03
 -0.75882481778040D+01  0.49949389696121D+00  0.00000000000000D+00  0.25311959325336D-03
 -0.74301587070067D+01  0.49940726161003D+00  0.00000000000000D+00  0.29645877657458D-03
 -0.72720693537630D+01  0.49930581450462D+00  0.00000000000000D+00  0.34721588599496D-03
 -0.71139801068865D+01  0.49918702244759D+00  0.00000000000000D+00  0.40665961569175D-03
 -0.69558909562551D+01  0.49904790520668D+00  0.00000000000000D+00  0.47627527965233D-03
 -0.67978018927101D+01  0.49888500571251D+00  0.00000000000000D+00  0.55780168622732D-03
 -0.66397129079644D+01  0.49869430065155D+00  0.00000000000000D+00  0.65327424090356D-03
 -0.64816239945192D+01  0.49847102165222D+00  0.00000000000000D+00  0.76507509220392D-03
 -0.63235351455895D+01  0.49820962548256D+00  0.00000000000000D+00  0.89599232887849D-03
 -0.61654463550359D+01  0.49790361523628D+00  0.00000000000000D+00  0.10492880828679D-02
 -0.60073576173033D+01  0.49754545092583D+00  0.00000000000000D+00  0.12287789722905D-02
 -0.58492689273651D+01  0.49712628126144D+00  0.00000000000000D+00  0.14389291172847D-02
 -0.56911802806732D+01  0.49663573503494D+00  0.00000000000000D+00  0.16849593957886D-02
 -0.55330916731121D+01  0.49606183171272D+00  0.00000000000000D+00  0.19729728810489D-02
 -0.53750031009580D+01  0.49539044499397D+00  0.00000000000000D+00  0.23101032711565D-02
 -0.52169145608417D+01  0.49460521340370D+00  0.00000000000000D+00  0.27046843897551D-02
 -0.50588260497142D+01  0.49368709325790D+00  0.00000000000000D+00  0.31664483249187D-02
 -0.49007375648170D+01  0.49261388182640D+00  0.00000000000000D+00  0.37067551165819D-02
 -0.47426491036540D+01  0.49135977029800D+00  0.00000000000000D+00  0.43388558551669D-02
 -0.45845606639665D+01  0.48989492654800D+00  0.00000000000000D+00  0.50781969912350D-02
 -0.44264722437108D+01  0.48818469047546D+00  0.00000000000000D+00  0.59427698142827D-02
 -0.42683838410379D+01  0.48618900775909D+00  0.00000000000000D+00  0.69535090588033D-02
 -0.41102954542745D+01  0.48386177420616D+00  0.00000000000000D+00  0.81347469240427D-02
 -0.39522070819066D+01  0.48114991188049D+00  0.00000000000000D+00  0.95147266983986D-02
 -0.37941187225643D+01  0.47799250483513D+00  0.00000000000000D+00  0.11126179248095D-01
 -0.36360303750080D+01  0.47432008385658D+00  0.00000000000000D+00  0.13006970286369D-01
 -0.34779420381162D+01  0.47005358338356D+00  0.00000000000000D+00  0.15200807712972D-01
 -0.33198537108740D+01  0.46510365605354D+00  0.00000000000000D+00  0.17758011817932D-01
 -0.31617653923631D+01  0.45936980843544D+00  0.00000000000000D+00  0.20736353471875D-01
 -0.30036770817526D+01  0.45273998379707D+00  0.00000000000000D+00  0.24201907217503D-01
 -0.28455887782908D+01  0.44509020447731D+00  0.00000000000000D+00  0.28229944407940D-01
 -0.26875004812973D+01  0.43628504872322D+00  0.00000000000000D+00  0.32905779778957D-01
 -0.25294121901566D+01  0.42617818713188D+00  0.00000000000000D+00  0.38325544446707D-01
 -0.23713239043117D+01  0.41461431980133D+00  0.00000000000000D+00  0.44596809893847D-01
 -0.22132356232587D+01  0.40143179893494D+00  0.00000000000000D+00  0.51838938146830D-01
 -0.20551473465415D+01  0.38646671175957D+00  0.00000000000000D+00  0.60183040797710D-01
 -0.18970590737475D+01  0.36955830454826D+00  0.00000000000000D+00  0.69771394133568D-01
 -0.17389708045035D+01  0.35055628418922D+00  0.00000000000000D+00  0.80756098031998D-01
 -0.15808825384715D+01  0.32932946085930D+00  0.00000000000000D+00  0.93296766281128D-01
 -0.14227942753460D+01  0.30577608942986D+00  0.00000000000000D+00  0.10755702108145D+00
 -0.12647060148502D+01  0.27983516454697D+00  0.00000000000000D+00  0.12369956821203D+00
 -0.11066177567341D+01  0.25149801373482D+00  0.00000000000000D+00  0.14187967777252D+00
 -0.94852950077104D+00  0.22081935405731D+00  0.00000000000000D+00  0.16223704814911D+00
 -0.79044124675623D+00  0.18792606890202D+00  0.00000000000000D+00  0.18488602340221D+00
 -0.63235299450425D+00  0.15302281081676D+00  0.00000000000000D+00  0.20990465581417D+00
 -0.47426474384733D+00  0.11639266461134D+00  0.00000000000000D+00  0.23732310533524D+00
 -0.31617649463371D+00  0.78392155468464D-01  0.00000000000000D+00  0.26711222529411D+00
 -0.15808824672601D+00  0.39439957588911D-01  0.00000000000000D+00  0.29917377233505D+00
  0.14210854715202D-13 -0.35527136788005D-14  0.00000000000000D+00  0.33333334326744D+00
  0.15808824672604D+00 -0.39439957588911D-01  0.00000000000000D+00  0.36933773756027D+00
  0.31617649463375D+00 -0.78392155468464D-01  0.00000000000000D+00  0.40685772895813D+00
  0.47426474384737D+00 -0.11639266461134D+00  0.00000000000000D+00  0.44549682736397D+00
  0.63235299450427D+00 -0.15302281081676D+00  0.00000000000000D+00  0.48480612039566D+00
  0.79044124675626D+00 -0.18792606890202D+00  0.00000000000000D+00  0.52430433034897D+00
  0.94852950077109D+00 -0.22081935405731D+00  0.00000000000000D+00  0.56350082159042D+00
  0.11066177567341D+01 -0.25149801373482D+00  0.00000000000000D+00  0.60191977024078D+00
  0.12647060148503D+01 -0.27983516454697D+00  0.00000000000000D+00  0.63912278413773D+00
  0.14227942753460D+01 -0.30577608942986D+00  0.00000000000000D+00  0.67472779750824D+00
  0.15808825384716D+01 -0.32932946085930D+00  0.00000000000000D+00  0.70842260122299D+00
  0.17389708045035D+01 -0.35055628418922D+00  0.00000000000000D+00  0.73997211456299D+00
  0.18970590737476D+01 -0.36955830454826D+00  0.00000000000000D+00  0.76921993494034D+00
  0.20551473465415D+01 -0.38646671175957D+00  0.00000000000000D+00  0.79608458280563D+00
  0.22132356232587D+01 -0.40143179893494D+00  0.00000000000000D+00  0.82055151462555D+00
  0.23713239043117D+01 -0.41461431980133D+00  0.00000000000000D+00  0.84266293048859D+00
  0.25294121901566D+01 -0.42617818713188D+00  0.00000000000000D+00  0.86250638961792D+00
  0.26875004812973D+01 -0.43628504872322D+00  0.00000000000000D+00  0.88020294904709D+00
  0.28455887782908D+01 -0.44509020447731D+00  0.00000000000000D+00  0.89589673280716D+00
  0.30036770817527D+01 -0.45273998379707D+00  0.00000000000000D+00  0.90974539518356D+00
  0.31617653923631D+01 -0.45936980843544D+00  0.00000000000000D+00  0.92191237211227D+00
  0.33198537108740D+01 -0.46510365605354D+00  0.00000000000000D+00  0.93256074190140D+00
  0.34779420381162D+01 -0.47005358338356D+00  0.00000000000000D+00  0.94184863567352D+00
  0.36360303750080D+01 -0.47432008385658D+00  0.00000000000000D+00  0.94992601871490D+00
  0.37941187225643D+01 -0.47799250483513D+00  0.00000000000000D+00  0.95693278312683D+00
  0.39522070819066D+01 -0.48114991188049D+00  0.00000000000000D+00  0.96299731731415D+00
  0.41102954542745D+01 -0.48386177420616D+00  0.00000000000000D+00  0.96823620796204D+00
  0.42683838410380D+01 -0.48618900775909D+00  0.00000000000000D+00  0.97275429964066D+00
  0.44264722437109D+01 -0.48818469047546D+00  0.00000000000000D+00  0.97664529085159D+00
  0.45845606639665D+01 -0.48989492654800D+00  0.00000000000000D+00  0.97999203205109D+00
  0.47426491036540D+01 -0.49135977029800D+00  0.00000000000000D+00  0.98286759853363D+00
  0.49007375648171D+01 -0.49261388182640D+00  0.00000000000000D+00  0.98533606529236D+00
  0.50588260497143D+01 -0.49368709325790D+00  0.00000000000000D+00  0.98745340108871D+00
  0.52169145608417D+01 -0.49460521340370D+00  0.00000000000000D+00  0.98926836252213D+00
  0.53750031009581D+01 -0.49539044499397D+00  0.00000000000000D+00  0.99082320928574D+00
  0.55330916731121D+01 -0.49606183171272D+00  0.00000000000000D+00  0.99215453863144D+00
  0.56911802806732D+01 -0.49663573503494D+00  0.00000000000000D+00  0.99329406023026D+00
  0.58492689273652D+01 -0.49712628126144D+00  0.00000000000000D+00  0.99426901340485D+00
  0.60073576173033D+01 -0.49754545092583D+00  0.00000000000000D+00  0.99510294198990D+00
  0.61654463550359D+01 -0.49790361523628D+00  0.00000000000000D+00  0.99581599235535D+00
  0.63235351455895D+01 -0.49820962548256D+00  0.00000000000000D+00  0.99642562866211D+00
  0.64816239945192D+01 -0.49847102165222D+00  0.00000000000000D+00  0.99694669246674D+00
  0.66397129079644D+01 -0.49869430065155D+00  0.00000000000000D+00  0.99739199876785D+00
  0.67978018927102D+01 -0.49888500571251D+00  0.00000000000000D+00  0.99777251482010D+00
  0.69558909562552D+01 -0.49904790520668D+00  0.00000000000000D+00  0.99809759855270D+00
  0.71139801068865D+01 -0.49918702244759D+00  0.00000000000000D+00  0.99837535619736D+00
  0.72720693537631D+01 -0.49930581450462D+00  0.00000000000000D+00  0.99861258268356D+00
  0.74301587070067D+01 -0.49940726161003D+00  0.00000000000000D+00  0.99881523847580D+00
  0.75882481778040D+01 -0.49949389696121D+00  0.00000000000000D+00  0.99898827075958D+00
  0.77463377785178D+01 -0.49956786632538D+00  0.00000000000000D+00  0.99913609027863D+00
  0.79044275228111D+01 -0.49963101744652D+00  0.00000000000000D+00  0.99926233291626D+00
  0.80625174257837D+01 -0.49968495965004D+00  0.00000000000000D+00  0.99937015771866D+00
  0.82206075041236D+01 -0.49973103404045D+00  0.00000000000000D+00  0.99946218729019D+00
  0.83786977762735D+01 -0.49977034330368D+00  0.00000000000000D+00  0.99954080581665D+00
  0.85367882626156D+01 -0.49980393052101D+00  0.00000000000000D+00  0.99960792064667D+00
  0.86948789856756D+01 -0.49983260035515D+00  0.00000000000000D+00  0.99966520071030D+00
  0.88529699703481D+01 -0.49985706806183D+00  0.00000000000000D+00  0.99971419572830D+00
  0.90110612441452D+01 -0.49987795948982D+00  0.00000000000000D+00  0.99975597858429D+00
  0.91691528374725D+01 -0.49989581108093D+00  0.00000000000000D+00  0.99979162216187D+00
  0.93272447839327D+01 -0.49991104006767D+00  0.00000000000000D+00  0.99982208013535D+00
  0.94853371206621D+01 -0.49992403388023D+00  0.00000000000000D+00  0.99984812736511D+00
  0.96434298887020D+01 -0.49993515014648D+00  0.00000000000000D+00  0.99987030029297D+00
  0.98015231334089D+01 -0.49994462728500D+00  0.00000000000000D+00  0.99988925457001D+00
  0.99596169049089D+01 -0.49995273351669D+00  0.00000000000000D+00  0.99990546703339D+00
  0.10117711258599D+02 -0.49995964765549D+00  0.00000000000000D+00  0.99991929531097D+00
  0.10275806255699D+02 -0.49996554851532D+00  0.00000000000000D+00  0.99993109703064D+00
  0.10433901963868D+02 -0.49997058510780D+00  0.00000000000000D+00  0.99994117021561D+00
  0.10591998457876D+02 -0.49997487664223D+00  0.00000000000000D+00  0.99994975328445D+00
  0.10750095820357D+02 -0.49997854232788D+00  0.00000000000000D+00  0.99995714426041D+00
  0.10908194142629D+02 -0.49998170137405D+00  0.00000000000000D+00  0.99996340274811D+00
  0.11066293525613D+02 -0.49998438358307D+00  0.00000000000000D+00  0.99996876716614D+00
  0.11224394080836D+02 -0.49998664855957D+00  0.00000000000000D+00  0.99997329711914D+00
  0.11382495931550D+02 -0.49998861551285D+00  0.00000000000000D+00  0.99997723102570D+00
  0.11540599213962D+02 -0.49999028444290D+00  0.00000000000000D+00  0.99998056888580D+00
  0.11698704078594D+02 -0.49999168515205D+00  0.00000000000000D+00  0.99998337030411D+00
  0.11856810691789D+02 -0.49999290704727D+00  0.00000000000000D+00  0.99998581409454D+00
  0.12014919237369D+02 -0.49999395012856D+00  0.00000000000000D+00  0.99998790025711D+00
  0.12173029918473D+02 -0.49999484419823D+00  0.00000000000000D+00  0.99998968839645D+00
  0.12331142959584D+02 -0.49999558925629D+00  0.00000000000000D+00  0.99999117851257D+00
  0.12489258608769D+02 -0.49999624490738D+00  0.00000000000000D+00  0.99999248981476D+00
  0.12647377140154D+02 -0.49999678134918D+00  0.00000000000000D+00  0.99999356269836D+00
  0.12805498856659D+02 -0.49999725818634D+00  0.00000000000000D+00  0.99999451637268D+00
  0.12963624093016D+02 -0.49999764561653D+00  0.00000000000000D+00  0.99999529123306D+00
  0.13121753219106D+02 -0.49999800324440D+00  0.00000000000000D+00  0.99999600648880D+00
  0.13279886643644D+02 -0.49999830126762D+00  0.00000000000000D+00  0.99999660253525D+00
  0.13438024818248D+02 -0.49999853968620D+00  0.00000000000000D+00  0.99999707937241D+00
  0.13596168241930D+02 -0.49999874830246D+00  0.00000000000000D+00  0.99999749660492D+00
  0.13754317466064D+02 -0.49999892711639D+00  0.00000000000000D+00  0.99999785423279D+00
  0.13912473099860D+02 -0.49999910593033D+00  0.00000000000000D+00  0.99999821186066D+00
  0.14070635816418D+02 -0.49999922513962D+00  0.00000000000000D+00  0.99999845027924D+00
  0.14228806359405D+02 -0.49999934434891D+00  0.00000000000000D+00  0.99999868869781D+00
  0.14386985550424D+02 -0.49999943375587D+00  0.00000000000000D+00  0.99999886751175D+00
  0.14545174297159D+02 -0.49999952316284D+00  0.00000000000000D+00  0.99999904632568D+00
  0.14703373602345D+02 -0.49999958276749D+00  0.00000000000000D+00  0.99999916553497D+00
  0.14861584573679D+02 -0.49999964237213D+00  0.00000000000000D+00  0.99999928474426D+00
  0.15019808434753D+02 -0.49999970197678D+00  0.00000000000000D+00  0.99999940395355D+00
  0.15178046537100D+02 -0.49999973177910D+00  0.00000000000000D+00  0.99999946355820D+00
  0.15336300373496D+02 -0.49999979138374D+00  0.00000000000000D+00  0.99999958276749D+00
  0.15494571592609D+02 -0.49999982118607D+00  0.00000000000000D+00  0.99999964237213D+00
  0.15652862015155D+02 -0.49999985098839D+00  0.00000000000000D+00  0.99999970197678D+00
  0.15811173651692D+02 -0.49999985098839D+00  0.00000000000000D+00  0.99999970197678D+00
  0.15969508722229D+02 -0.49999988079071D+00  0.00000000000000D+00  0.99999976158142D+00
  0.16127869677810D+02 -0.49999991059303D+00  0.00000000000000D+00  0.99999982118607D+00
  0.16286259224274D+02 -0.49999991059303D+00  0.00000000000000D+00  0.99999982118607D+00
  0.16444680348401D+02 -0.49999994039536D+00  0.00000000000000D+00  0.99999988079071D+00
  0.16603136346654D+02 -0.49999994039536D+00  0.00000000000000D+00  0.99999988079071D+00
  0.16761630856778D+02 -0.49999994039536D+00  0.00000000000000D+00  0.99999988079071D+00
  0.16920167892509D+02 -0.49999994039536D+00  0.00000000000000D+00  0.99999988079071D+00
  0.17078751881665D+02 -0.49999997019768D+00  0.00000000000000D+00  0.99999994039536D+00
  0.17237387707947D+02 -0.49999997019768D+00  0.00000000000000D+00  0.99999994039536D+00
  0.17396080756733D+02 -0.49999997019768D+00  0.00000000000000D+00  0.99999994039536D+00
  0.17554836965240D+02 -0.49999997019768D+00  0.00000000000000D+00  0.99999994039536D+00
  0.17713662877390D+02 -0.49999997019768D+00  0.00000000000000D+00  0.99999994039536D+00
  0.17872565703766D+02 -0.49999997019768D+00  0.00000000000000D+00  0.99999994039536D+00
  0.18031553387039D+02 -0.50000000000000D+00  0.00000000000000D+00  0.10000000000000D+01
  0.18190634673281D+02 -0.50000000000000D+00  0.00000000000000D+00  0.10000000000000D+01
  0.18349819189549D+02 -0.50000000000000D+00  0.00000000000000D+00  0.10000000000000D+01
  0.18509117528171D+02 -0.50000000000000D+00  0.00000000000000D+00  0.10000000000000D+01
  0.18668541338107D+02 -0.50000000000000D+00  0.00000000000000D+00  0.10000000000000D+01
  0.18828103423786D+02 -0.50000000000000D+00  0.00000000000000D+00  0.10000000000000D+01
  0.18987817851743D+02 -0.50000000000000D+00  0.00000000000000D+00  0.10000000000000D+01
  0.19147700065370D+02 -0.50000000000000D+00  0.00000000000000D+00  0.10000000000000D+01
  0.19307767007992D+02 -0.50000000000000D+00  0.00000000000000D+00  0.10000000000000D+01
  0.19468037254409D+02 -0.50000000000000D+00  0.00000000000000D+00  0.10000000000000D+01
  0.19628531150908D+02 -0.50000000000000D+00  0.00000000000000D+00  0.10000000000000D+01
  0.19789270963585D+02 -0.50000000000000D+00  0.00000000000000D+00  0.10000000000000D+01
  0.19950281034635D+02 -0.50000000000000D+00  0.00000000000000D+00  0.10000000000000D+01
  0.20111587945998D+02 -0.50000000000000D+00  0.00000000000000D+00  0.10000000000000D+01
  0.20273220689455D+02 -0.50000000000000D+00  0.00000000000000D+00  0.10000000000000D+01
  0.20435210841909D+02 -0.50000000000000D+00  0.00000000000000D+00  0.10000000000000D+01
  0.20597592744143D+02 -0.50000000000000D+00  0.00000000000000D+00  0.10000000000000D+01
  0.20760403680844D+02 -0.50000000000000D+00  0.00000000000000D+00  0.10000000000000D+01
  0.20923684059108D+02 -0.50000000000000D+00  0.00000000000000D+00  0.10000000000000D+01
  0.21087477581967D+02 -0.50000000000000D+00  0.00000000000000D+00  0.10000000000000D+01
  0.21251831412743D+02 -0.50000000000000D+00  0.00000000000000D+00  0.10000000000000D+01
  0.21416796325245D+02 -0.50000000000000D+00  0.00000000000000D+00  0.10000000000000D+01
  0.21582426833932D+02 -0.50000000000000D+00  0.00000000000000D+00  0.10000000000000D+01
  0.21748781297307D+02 -0.50000000000000D+00  0.00000000000000D+00  0.10000000000000D+01
  0.21915921986878D+02 -0.50000000000000D+00  0.00000000000000D+00  0.10000000000000D+01
  0.22083915113201D+02 -0.50000000000000D+00  0.00000000000000D+00  0.10000000000000D+01
  0.22252830799762D+02 -0.50000000000000D+00  0.00000000000000D+00  0.10000000000000D+01
  0.22422742994875D+02 -0.50000000000000D+00  0.00000000000000D+00  0.10000000000000D+01
  0.22593729311471D+02 -0.50000000000000D+00  0.00000000000000D+00  0.10000000000000D+01
  0.22765870784688D+02 -0.50000000000000D+00  0.00000000000000D+00  0.10000000000000D+01
  0.22939251537666D+02 -0.50000000000000D+00  0.00000000000000D+00  0.10000000000000D+01
  0.23113958347033D+02 -0.50000000000000D+00  0.00000000000000D+00  0.10000000000000D+01
  0.23290080101276D+02 -0.50000000000000D+00  0.00000000000000D+00  0.10000000000000D+01
  0.23467707147660D+02 -0.50000000000000D+00  0.00000000000000D+00  0.10000000000000D+01
  0.23646930526601D+02 -0.50000000000000D+00  0.00000000000000D+00  0.10000000000000D+01
  0.23827841096424D+02 -0.50000000000000D+00  0.00000000000000D+00  0.10000000000000D+01
  0.24010528556113D+02 -0.50000000000000D+00  0.00000000000000D+00  0.10000000000000D+01
  0.24195080378959D+02 -0.50000000000000D+00  0.00000000000000D+00  0.10000000000000D+01
  0.24381580675549D+02 -0.50000000000000D+00  0.00000000000000D+00  0.10000000000000D+01
  0.24570109010094D+02 -0.50000000000000D+00  0.00000000000000D+00  0.10000000000000D+01
  0.24760739199260D+02 -0.50000000000000D+00  0.00000000000000D+00  0.10000000000000D+01
  0.24953538126989D+02 -0.50000000000000D+00  0.00000000000000D+00  0.10000000000000D+01
  0.25148564611834D+02 -0.50000000000000D+00  0.00000000000000D+00  0.10000000000000D+01
  0.25345868364717D+02 -0.50000000000000D+00  0.00000000000000D+00  0.10000000000000D+01
  0.25545489074406D+02 -0.50000000000000D+00  0.00000000000000D+00  0.10000000000000D+01
  0.25747455655231D+02 -0.50000000000000D+00  0.00000000000000D+00  0.10000000000000D+01
  0.25951785686667D+02 -0.50000000000000D+00  0.00000000000000D+00  0.10000000000000D+01
  0.26158485067506D+02 -0.50000000000000D+00  0.00000000000000D+00  0.10000000000000D+01
  0.26367547898956D+02 -0.50000000000000D+00  0.00000000000000D+00  0.10000000000000D+01
  0.26578956601543D+02 -0.50000000000000D+00  0.00000000000000D+00  0.10000000000000D+01
  0.26792682260934D+02 -0.50000000000000D+00  0.00000000000000D+00  0.10000000000000D+01
  0.27008685188364D+02 -0.50000000000000D+00  0.00000000000000D+00  0.10000000000000D+01
  0.27226915672910D+02 -0.50000000000000D+00  0.00000000000000D+00  0.10000000000000D+01
  0.27447314896020D+02 -0.50000000000000D+00  0.00000000000000D+00  0.10000000000000D+01
  0.27669815973750D+02 -0.50000000000000D+00  0.00000000000000D+00  0.10000000000000D+01
  0.27894345089435D+02 -0.50000000000000D+00  0.00000000000000D+00  0.10000000000000D+01
  0.28120822678864D+02 -0.50000000000000D+00  0.00000000000000D+00  0.10000000000000D+01
  0.28349164631451D+02 -0.50000000000000D+00  0.00000000000000D+00  0.10000000000000D+01
  0.28579283473903D+02 -0.50000000000000D+00  0.00000000000000D+00  0.10000000000000D+01
  0.28811089507236D+02 -0.50000000000000D+00  0.00000000000000D+00  0.10000000000000D+01
  0.29044491873128D+02 -0.50000000000000D+00  0.00000000000000D+00  0.10000000000000D+01
  0.29279399531160D+02 -0.50000000000000D+00  0.00000000000000D+00  0.10000000000000D+01
  0.29515722134068D+02 -0.50000000000000D+00  0.00000000000000D+00  0.10000000000000D+01
  0.29753370793365D+02 -0.50000000000000D+00  0.00000000000000D+00  0.10000000000000D+01
  0.29992258732424D+02 -0.50000000000000D+00  0.00000000000000D+00  0.10000000000000D+01
  0.30232301828102D+02 -0.50000000000000D+00  0.00000000000000D+00  0.10000000000000D+01
  0.30473419045264D+02 -0.50000000000000D+00  0.00000000000000D+00  0.10000000000000D+01
  0.30715532770978D+02 -0.50000000000000D+00  0.00000000000000D+00  0.10000000000000D+01
  0.30958569056931D+02 -0.50000000000000D+00  0.00000000000000D+00  0.10000000000000D+01
  0.31202457779635D+02 -0.50000000000000D+00  0.00000000000000D+00  0.10000000000000D+01
  0.31447132728535D+02 -0.50000000000000D+00  0.00000000000000D+00  0.10000000000000D+01
  0.31692531632123D+02 -0.50000000000000D+00  0.00000000000000D+00  0.10000000000000D+01
  0.31938596131896D+02 -0.50000000000000D+00  0.00000000000000D+00  0.10000000000000D+01
  0.32185271713396D+02 -0.50000000000000D+00  0.00000000000000D+00  0.10000000000000D+01
  0.32432507602812D+02 -0.50000000000000D+00  0.00000000000000D+00  0.10000000000000D+01
  0.32680256636823D+02 -0.50000000000000D+00  0.00000000000000D+00  0.10000000000000D+01
  0.32928475112397D+02 -0.50000000000000D+00  0.00000000000000D+00  0.10000000000000D+01
  0.33177122622438D+02 -0.50000000000000D+00  0.00000000000000D+00  0.10000000000000D+01
  0.33426161882259D+02 -0.50000000000000D+00  0.00000000000000D+00  0.10000000000000D+01
  0.33675558551077D+02 -0.50000000000000D+00  0.00000000000000D+00  0.10000000000000D+01
  0.33925281051989D+02 -0.50000000000000D+00  0.00000000000000D+00  0.10000000000000D+01
  0.34175300393214D+02 -0.50000000000000D+00  0.00000000000000D+00  0.10000000000000D+01
  0.34425589992812D+02 -0.50000000000000D+00  0.00000000000000D+00  0.10000000000000D+01
  0.34676125508589D+02 -0.50000000000000D+00  0.00000000000000D+00  0.10000000000000D+01
  0.34926884674447D+02 -0.50000000000000D+00  0.00000000000000D+00  0.10000000000000D+01
  0.35177847144100D+02 -0.50000000000000D+00  0.00000000000000D+00  0.10000000000000D+01
  0.35428994342748D+02 -0.50000000000000D+00  0.00000000000000D+00  0.10000000000000D+01
  0.35680309327066D+02 -0.50000000000000D+00  0.00000000000000D+00  0.10000000000000D+01
  0.35931776653663D+02 -0.50000000000000D+00  0.00000000000000D+00  0.10000000000000D+01
  0.36183382256002D+02 -0.50000000000000D+00  0.00000000000000D+00  0.10000000000000D+01
  0.36435113329655D+02 -0.50000000000000D+00  0.00000000000000D+00  0.10000000000000D+01
  0.36686958225662D+02 -0.50000000000000D+00  0.00000000000000D+00  0.10000000000000D+01
  0.36938906351695D+02 -0.50000000000000D+00  0.00000000000000D+00  0.10000000000000D+01
  0.37190948080697D+02 -0.50000000000000D+00  0.00000000000000D+00  0.10000000000000D+01
  0.37443074666596D+02 -0.50000000000000D+00  0.00000000000000D+00  0.10000000000000D+01
  0.37695278166721D+02 -0.50000000000000D+00  0.00000000000000D+00  0.10000000000000D+01
  0.37947551370489D+02 -0.50000000000000D+00  0.00000000000000D+00  0.10000000000000D+01
  0.38199887733979D+02 -0.50000000000000D+00  0.00000000000000D+00  0.10000000000000D+01
  0.38452281319972D+02 -0.50000000000000D+00  0.00000000000000D+00  0.10000000000000D+01
  0.38704726743090D+02 -0.50000000000000D+00  0.00000000000000D+00  0.10000000000000D+01
  0.38957219119635D+02 -0.50000000000000D+00  0.00000000000000D+00  0.10000000000000D+01
  0.39209754021786D+02 -0.50000000000000D+00  0.00000000000000D+00  0.10000000000000D+01
  0.39462327435808D+02 -0.50000000000000D+00  0.00000000000000D+00  0.10000000000000D+01
  0.39714935723957D+02 -0.50000000000000D+00  0.00000000000000D+00  0.10000000000000D+01
  0.39967575589767D+02 -0.50000000000000D+00  0.00000000000000D+00  0.10000000000000D+01
  0.40220244046462D+02 -0.50000000000000D+00  0.00000000000000D+00  0.10000000000000D+01
  0.40472938388200D+02 -0.50000000000000D+00  0.00000000000000D+00  0.10000000000000D+01
  0.40725656163938D+02 -0.50000000000000D+00  0.00000000000000D+00  0.10000000000000D+01
  0.40978395153667D+02 -0.50000000000000D+00  0.00000000000000D+00  0.10000000000000D+01
  0.41231153346829D+02 -0.50000000000000D+00  0.00000000000000D+00  0.10000000000000D+01
  0.41483928922708D+02 -0.50000000000000D+00  0.00000000000000D+00  0.10000000000000D+01
  0.41736720232636D+02 -0.50000000000000D+00  0.00000000000000D+00  0.10000000000000D+01
  0.41989525783838D+02 -0.50000000000000D+00  0.00000000000000D+00  0.10000000000000D+01
  0.42242344224778D+02 -0.50000000000000D+00  0.00000000000000D+00  0.10000000000000D+01
  0.42495174331868D+02 -0.50000000000000D+00  0.00000000000000D+00  0.10000000000000D+01
  0.42748014997408D+02 -0.50000000000000D+00  0.00000000000000D+00  0.10000000000000D+01
  0.43000865218664D+02 -0.50000000000000D+00  0.00000000000000D+00  0.10000000000000D+01
  0.43253724087952D+02 -0.50000000000000D+00  0.00000000000000D+00  0.10000000000000D+01
  0.43506590783669D+02 -0.50000000000000D+00  0.00000000000000D+00  0.10000000000000D+01
  0.43759464562148D+02 -0.50000000000000D+00  0.00000000000000D+00  0.10000000000000D+01
  0.44012344750289D+02 -0.50000000000000D+00  0.00000000000000D+00  0.10000000000000D+01
  0.44265230738882D+02 -0.50000000000000D+00  0.00000000000000D+00  0.10000000000000D+01
  0.44518121976554D+02 -0.50000000000000D+00  0.00000000000000D+00  0.10000000000000D+01
  0.44771017964291D+02 -0.50000000000000D+00  0.00000000000000D+00  0.10000000000000D+01
  0.45023918250476D+02 -0.50000000000000D+00  0.00000000000000D+00  0.10000000000000D+01
  0.45276822426394D+02 -0.50000000000000D+00  0.00000000000000D+00  0.10000000000000D+01
  0.45529730122165D+02 -0.50000000000000D+00  0.00000000000000D+00  0.10000000000000D+01
  0.45782641003055D+02 -0.50000000000000D+00  0.00000000000000D+00  0.10000000000000D+01
  0.46035554766145D+02 -0.50000000000000D+00  0.00000000000000D+00  0.10000000000000D+01
  0.46288471137309D+02 -0.50000000000000D+00  0.00000000000000D+00  0.10000000000000D+01
  0.46541389868480D+02 -0.50000000000000D+00  0.00000000000000D+00  0.10000000000000D+01
  0.46794310735175D+02 -0.50000000000000D+00  0.00000000000000D+00  0.10000000000000D+01
  0.47047233534255D+02 -0.50000000000000D+00  0.00000000000000D+00  0.10000000000000D+01
  0.47300158081898D+02 -0.50000000000000D+00  0.00000000000000D+00  0.10000000000000D+01
  0.47553084211761D+02 -0.50000000000000D+00  0.00000000000000D+00  0.10000000000000D+01
  0.47806011773322D+02 -0.50000000000000D+00  0.00000000000000D+00  0.10000000000000D+01
  0.48058940630375D+02 -0.50000000000000D+00  0.00000000000000D+00  0.10000000000000D+01
  0.48311870659666D+02 -0.50000000000000D+00  0.00000000000000D+00  0.10000000000000D+01
  0.48564801749669D+02 -0.50000000000000D+00  0.00000000000000D+00  0.10000000000000D+01
  0.48817733799463D+02 -0.50000000000000D+00  0.00000000000000D+00  0.10000000000000D+01
  0.49070666717730D+02 -0.50000000000000D+00  0.00000000000000D+00  0.10000000000000D+01
  0.49323600421836D+02 -0.50000000000000D+00  0.00000000000000D+00  0.10000000000000D+01
  0.49576534837011D+02 -0.50000000000000D+00  0.00000000000000D+00  0.10000000000000D+01
  0.49829469895596D+02 -0.50000000000000D+00  0.00000000000000D+00  0.10000000000000D+01
  0.50082405536371D+02 -0.50000000000000D+00  0.00000000000000D+00  0.10000000000000D+01
  0.50335341703940D+02 -0.50000000000000D+00  0.00000000000000D+00  0.10000000000000D+01
  0.50588278348175D+02 -0.50000000000000D+00  0.00000000000000D+00  0.10000000000000D+01
  0.50841215423721D+02 -0.50000000000000D+00  0.00000000000000D+00  0.10000000000000D+01
  0.51094152889536D+02 -0.50000000000000D+00  0.00000000000000D+00  0.10000000000000D+01
  0.51347090708483D+02 -0.50000000000000D+00  0.00000000000000D+00  0.10000000000000D+01
  0.51600028846961D+02 -0.50000000000000D+00  0.00000000000000D+00  0.10000000000000D+01
  0.51852967274564D+02 -0.50000000000000D+00  0.00000000000000D+00  0.10000000000000D+01
  0.52105905963779D+02 -0.50000000000000D+00  0.00000000000000D+00  0.10000000000000D+01
  0.52358844889712D+02 -0.50000000000000D+00  0.00000000000000D+00  0.10000000000000D+01
  0.52611784029837D+02 -0.50000000000000D+00  0.00000000000000D+00  0.10000000000000D+01
  0.52864723363773D+02 -0.50000000000000D+00  0.00000000000000D+00  0.10000000000000D+01
  0.53117662873075D+02 -0.50000000000000D+00  0.00000000000000D+00  0.10000000000000D+01
  0.53370602541057D+02 -0.50000000000000D+00  0.00000000000000D+00  0.10000000000000D+01
  0.53623542352618D+02 -0.50000000000000D+00  0.00000000000000D+00  0.10000000000000D+01
  0.53876482294096D+02 -0.50000000000000D+00  0.00000000000000D+00  0.10000000000000D+01
  0.54129422353128D+02 -0.50000000000000D+00  0.00000000000000D+00  0.10000000000000D+01
  0.54382362518526D+02 -0.50000000000000D+00  0.00000000000000D+00  0.10000000000000D+01
  0.54635302780170D+02 -0.50000000000000D+00  0.00000000000000D+00  0.10000000000000D+01
  0.54888243128900D+02 -0.50000000000000D+00  0.00000000000000D+00  0.10000000000000D+01
  0.55141183556429D+02 -0.50000000000000D+00  0.00000000000000D+00  0.10000000000000D+01
  0.55394124055259D+02 -0.50000000000000D+00  0.00000000000000D+00  0.10000000000000D+01
  0.55647064618605D+02 -0.50000000000000D+00  0.00000000000000D+00  0.10000000000000D+01
  0.55900005240326D+02 -0.50000000000000D+00  0.00000000000000D+00  0.10000000000000D+01
  0.56152945914869D+02 -0.50000000000000D+00  0.00000000000000D+00  0.10000000000000D+01
  0.56405886637206D+02 -0.50000000000000D+00  0.00000000000000D+00  0.10000000000000D+01
  0.56658827402789D+02 -0.50000000000000D+00  0.00000000000000D+00  0.10000000000000D+01
  0.56911768207503D+02 -0.50000000000000D+00  0.00000000000000D+00  0.10000000000000D+01
  0.57164709047624D+02 -0.50000000000000D+00  0.00000000000000D+00  0.10000000000000D+01
  0.57417649919783D+02 -0.50000000000000D+00  0.00000000000000D+00  0.10000000000000D+01
  0.57670590820931D+02 -0.50000000000000D+00  0.00000000000000D+00  0.10000000000000D+01
  0.57923531748309D+02 -0.50000000000000D+00  0.00000000000000D+00  0.10000000000000D+01
  0.58176472699421D+02 -0.50000000000000D+00  0.00000000000000D+00  0.10000000000000D+01
  0.58429413672008D+02 -0.50000000000000D+00  0.00000000000000D+00  0.10000000000000D+01
  0.58682354664028D+02 -0.50000000000000D+00  0.00000000000000D+00  0.10000000000000D+01
  0.58935295673630D+02 -0.50000000000000D+00  0.00000000000000D+00  0.10000000000000D+01
  0.59188236699142D+02 -0.50000000000000D+00  0.00000000000000D+00  0.10000000000000D+01
  0.59441177739049D+02 -0.50000000000000D+00  0.00000000000000D+00  0.10000000000000D+01
  0.59694118791982D+02 -0.50000000000000D+00  0.00000000000000D+00  0.10000000000000D+01
  0.59947059856700D+02 -0.50000000000000D+00  0.00000000000000D+00  0.10000000000000D+01
  0.60200000932084D+02 -0.50000000000000D+00  0.00000000000000D+00  0.10000000000000D+01
  0.60452942017117D+02 -0.50000000000000D+00  0.00000000000000D+00  0.10000000000000D+01
  0.60705883110881D+02 -0.50000000000000D+00  0.00000000000000D+00  0.10000000000000D+01
  0.60958824212546D+02 -0.50000000000000D+00  0.00000000000000D+00  0.10000000000000D+01
  0.61211765321359D+02 -0.50000000000000D+00  0.00000000000000D+00  0.10000000000000D+01
  0.61464706436641D+02 -0.50000000000000D+00  0.00000000000000D+00  0.10000000000000D+01
  0.61717647557775D+02 -0.50000000000000D+00  0.00000000000000D+00  0.10000000000000D+01
  0.61970588684205D+02 -0.50000000000000D+00  0.00000000000000D+00  0.10000000000000D+01
  0.62223529815427D+02 -0.50000000000000D+00  0.00000000000000D+00  0.10000000000000D+01
  0.62476470950985D+02 -0.50000000000000D+00  0.00000000000000D+00  0.10000000000000D+01
  0.62729412090466D+02 -0.50000000000000D+00  0.00000000000000D+00  0.10000000000000D+01
  0.62982353233498D+02 -0.50000000000000D+00  0.00000000000000D+00  0.10000000000000D+01
  0.63235294379741D+02 -0.50000000000000D+00  0.00000000000000D+00  0.10000000000000D+01
  0.63488235528890D+02 -0.50000000000000D+00  0.00000000000000D+00  0.10000000000000D+01
  0.63741176680670D+02 -0.50000000000000D+00  0.00000000000000D+00  0.10000000000000D+01
  0.63994117834829D+02 -0.50000000000000D+00  0.00000000000000D+00  0.10000000000000D+01
  0.64247058991141D+02 -0.50000000000000D+00  0.00000000000000D+00  0.10000000000000D+01
  0.64500000149401D+02 -0.50000000000000D+00  0.00000000000000D+00  0.10000000000000D+01
  0.64752941309424D+02 -0.50000000000000D+00  0.00000000000000D+00  0.10000000000000D+01
  0.65005882471042D+02 -0.50000000000000D+00  0.00000000000000D+00  0.10000000000000D+01
  0.65258823634104D+02 -0.50000000000000D+00  0.00000000000000D+00  0.10000000000000D+01
  0.65511764798471D+02 -0.50000000000000D+00  0.00000000000000D+00  0.10000000000000D+01
  0.65764705964020D+02 -0.50000000000000D+00  0.00000000000000D+00  0.10000000000000D+01
  0.66017647130639D+02 -0.50000000000000D+00  0.00000000000000D+00  0.10000000000000D+01
  0.66270588298225D+02 -0.50000000000000D+00  0.00000000000000D+00  0.10000000000000D+01
  0.66523529466686D+02 -0.50000000000000D+00  0.00000000000000D+00  0.10000000000000D+01
  0.66776470635939D+02 -0.50000000000000D+00  0.00000000000000D+00  0.10000000000000D+01
  0.67029411805909D+02 -0.50000000000000D+00  0.00000000000000D+00  0.10000000000000D+01
  0.67282352976527D+02 -0.50000000000000D+00  0.00000000000000D+00  0.10000000000000D+01
  0.67535294147733D+02 -0.50000000000000D+00  0.00000000000000D+00  0.10000000000000D+01
  0.67788235319469D+02 -0.50000000000000D+00  0.00000000000000D+00  0.10000000000000D+01
  0.68041176491685D+02 -0.50000000000000D+00  0.00000000000000D+00  0.10000000000000D+01
  0.68294117664337D+02 -0.50000000000000D+00  0.00000000000000D+00  0.10000000000000D+01
  0.68547058837382D+02 -0.50000000000000D+00  0.00000000000000D+00  0.10000000000000D+01
  0.68800000010782D+02 -0.50000000000000D+00  0.00000000000000D+00  0.10000000000000D+01
  0.69052941184505D+02 -0.50000000000000D+00  0.00000000000000D+00  0.10000000000000D+01
  0.69305882358519D+02 -0.50000000000000D+00  0.00000000000000D+00  0.10000000000000D+01
  0.69558823532796D+02 -0.50000000000000D+00  0.00000000000000D+00  0.10000000000000D+01
  0.69811764707313D+02 -0.50000000000000D+00  0.00000000000000D+00  0.10000000000000D+01
  0.70064705882045D+02 -0.50000000000000D+00  0.00000000000000D+00  0.10000000000000D+01
  0.70317647056972D+02 -0.50000000000000D+00  0.00000000000000D+00  0.10000000000000D+01
  0.70570588232077D+02 -0.50000000000000D+00  0.00000000000000D+00  0.10000000000000D+01
  0.70823529407341D+02 -0.50000000000000D+00  0.00000000000000D+00  0.10000000000000D+01
  0.71076470582749D+02 -0.50000000000000D+00  0.00000000000000D+00  0.10000000000000D+01
  0.71329411758289D+02 -0.50000000000000D+00  0.00000000000000D+00  0.10000000000000D+01
  0.71582352933947D+02 -0.50000000000000D+00  0.00000000000000D+00  0.10000000000000D+01
  0.71835294109713D+02 -0.50000000000000D+00  0.00000000000000D+00  0.10000000000000D+01
  0.72088235285575D+02 -0.50000000000000D+00  0.00000000000000D+00  0.10000000000000D+01
  0.72341176461525D+02 -0.50000000000000D+00  0.00000000000000D+00  0.10000000000000D+01
  0.72594117637555D+02 -0.50000000000000D+00  0.00000000000000D+00  0.10000000000000D+01
  0.72847058813657D+02 -0.50000000000000D+00  0.00000000000000D+00  0.10000000000000D+01
  0.73099999989823D+02 -0.50000000000000D+00  0.00000000000000D+00  0.10000000000000D+01
  0.73352941166048D+02 -0.50000000000000D+00  0.00000000000000D+00  0.10000000000000D+01
  0.73605882342327D+02 -0.50000000000000D+00  0.00000000000000D+00  0.10000000000000D+01
  0.73858823518654D+02 -0.50000000000000D+00  0.00000000000000D+00  0.10000000000000D+01
  0.74111764695024D+02 -0.50000000000000D+00  0.00000000000000D+00  0.10000000000000D+01
  0.74364705871434D+02 -0.50000000000000D+00  0.00000000000000D+00  0.10000000000000D+01
  0.74617647047879D+02 -0.50000000000000D+00  0.00000000000000D+00  0.10000000000000D+01
  0.74870588224357D+02 -0.50000000000000D+00  0.00000000000000D+00  0.10000000000000D+01
  0.75123529400864D+02 -0.50000000000000D+00  0.00000000000000D+00  0.10000000000000D+01
  0.75376470577397D+02 -0.50000000000000D+00  0.00000000000000D+00  0.10000000000000D+01
  0.75629411753954D+02 -0.50000000000000D+00  0.00000000000000D+00  0.10000000000000D+01
  0.75882352930533D+02 -0.50000000000000D+00  0.00000000000000D+00  0.10000000000000D+01
  0.76135294107132D+02 -0.50000000000000D+00  0.00000000000000D+00  0.10000000000000D+01
  0.76388235283748D+02 -0.50000000000000D+00  0.00000000000000D+00  0.10000000000000D+01
  0.76641176460380D+02 -0.50000000000000D+00  0.00000000000000D+00  0.10000000000000D+01
  0.76894117637027D+02 -0.50000000000000D+00  0.00000000000000D+00  0.10000000000000D+01
  0.77147058813687D+02 -0.50000000000000D+00  0.00000000000000D+00  0.10000000000000D+01
  0.77399999990358D+02 -0.50000000000000D+00  0.00000000000000D+00  0.10000000000000D+01
  0.77652941167041D+02 -0.50000000000000D+00  0.00000000000000D+00  0.10000000000000D+01
  0.77905882343733D+02 -0.50000000000000D+00  0.00000000000000D+00  0.10000000000000D+01
  0.78158823520434D+02 -0.50000000000000D+00  0.00000000000000D+00  0.10000000000000D+01
  0.78411764697143D+02 -0.50000000000000D+00  0.00000000000000D+00  0.10000000000000D+01
  0.78664705873859D+02 -0.50000000000000D+00  0.00000000000000D+00  0.10000000000000D+01
  0.78917647050582D+02 -0.50000000000000D+00  0.00000000000000D+00  0.10000000000000D+01
  0.79170588227311D+02 -0.50000000000000D+00  0.00000000000000D+00  0.10000000000000D+01
  0.79423529404045D+02 -0.50000000000000D+00  0.00000000000000D+00  0.10000000000000D+01
  0.79676470580783D+02 -0.50000000000000D+00  0.00000000000000D+00  0.10000000000000D+01
  0.79929411757527D+02 -0.50000000000000D+00  0.00000000000000D+00  0.10000000000000D+01
  0.80182352934274D+02 -0.50000000000000D+00  0.00000000000000D+00  0.10000000000000D+01
  0.80435294111024D+02 -0.50000000000000D+00  0.00000000000000D+00  0.10000000000000D+01
  0.80688235287778D+02 -0.50000000000000D+00  0.00000000000000D+00  0.10000000000000D+01
  0.80941176464535D+02 -0.50000000000000D+00  0.00000000000000D+00  0.10000000000000D+01
  0.81194117641295D+02 -0.50000000000000D+00  0.00000000000000D+00  0.10000000000000D+01
  0.81447058818056D+02 -0.50000000000000D+00  0.00000000000000D+00  0.10000000000000D+01
  0.81699999994821D+02 -0.50000000000000D+00  0.00000000000000D+00  0.10000000000000D+01
  0.81952941171587D+02 -0.50000000000000D+00  0.00000000000000D+00  0.10000000000000D+01
  0.82205882348354D+02 -0.50000000000000D+00  0.00000000000000D+00  0.10000000000000D+01
  0.82458823525124D+02 -0.50000000000000D+00  0.00000000000000D+00  0.10000000000000D+01
  0.82711764701895D+02 -0.50000000000000D+00  0.00000000000000D+00  0.10000000000000D+01
  0.82964705878667D+02 -0.50000000000000D+00  0.00000000000000D+00  0.10000000000000D+01
  0.83217647055440D+02 -0.50000000000000D+00  0.00000000000000D+00  0.10000000000000D+01
  0.83470588232215D+02 -0.50000000000000D+00  0.00000000000000D+00  0.10000000000000D+01
  0.83723529408990D+02 -0.50000000000000D+00  0.00000000000000D+00  0.10000000000000D+01
  0.83976470585766D+02 -0.50000000000000D+00  0.00000000000000D+00  0.10000000000000D+01
  0.84229411762543D+02 -0.50000000000000D+00  0.00000000000000D+00  0.10000000000000D+01
  0.84482352939321D+02 -0.50000000000000D+00  0.00000000000000D+00  0.10000000000000D+01
  0.84735294116100D+02 -0.50000000000000D+00  0.00000000000000D+00  0.10000000000000D+01
  0.84988235292879D+02 -0.50000000000000D+00  0.00000000000000D+00  0.10000000000000D+01
  0.85241176469658D+02 -0.50000000000000D+00  0.00000000000000D+00  0.10000000000000D+01
  0.85494117646439D+02 -0.50000000000000D+00  0.00000000000000D+00  0.10000000000000D+01
  0.85747058823219D+02 -0.50000000000000D+00  0.00000000000000D+00  0.10000000000000D+01
  0.86000000000000D+02 -0.50000000000000D+00  0.00000000000000D+00  0.10000000000000D+01
