-8.600000000000000000e+01
-8.590119421226822283e+01
-8.580238837320291623e+01
-8.570358247863291012e+01
-8.560477652404807714e+01
-8.550597050457182036e+01
-8.540716441493131583e+01
-8.530835824942526813e+01
-8.520955200188915057e+01
-8.511074566565753230e+01
-8.501193923352337833e+01
-8.491313269769409544e+01
-8.481432604974385470e+01
-8.471551928056227609e+01
-8.461671238029866515e+01
-8.451790533830200047e+01
-8.441909814305581961e+01
-8.432029078210794637e+01
-8.422148324199442015e+01
-8.412267550815739980e+01
-8.402386756485617525e+01
-8.392505939507115897e+01
-8.382625098039991940e+01
-8.372744230094492934e+01
-8.362863333519204900e+01
-8.352982405987918924e+01
-8.343101444985437354e+01
-8.333220447792218977e+01
-8.323339411467786420e+01
-8.313458332832767894e+01
-8.303577208449509328e+01
-8.293696034601083511e+01
-8.283814807268620939e+01
-8.273933522106777616e+01
-8.264052174417226126e+01
-8.254170759119995182e+01
-8.244289270722475749e+01
-8.234407703285916114e+01
-8.224526050389205523e+01
-8.214644305089701959e+01
-8.204762459880907954e+01
-8.194880506646687479e+01
-8.184998436611797956e+01
-8.175116240288380709e+01
-8.165233907418148362e+01
-8.155351426909859924e+01
-8.145468786771742487e+01
-8.135585974038438906e+01
-8.125702974692040925e+01
-8.115819773576721730e+01
-8.105936354306470548e+01
-8.096052699165353772e+01
-8.086168788999715673e+01
-8.076284603101665027e+01
-8.066400119083135678e+01
-8.056515312739793444e+01
-8.046630157903935299e+01
-8.036744626285539539e+01
-8.026858687300480710e+01
-8.016972307884906002e+01
-8.007085452294667505e+01
-7.997198081888606680e+01
-7.987310154894409209e+01
-7.977421626155653200e+01
-7.967532446858548667e+01
-7.957642564236761018e+01
-7.947751921252596219e+01
-7.937860456252666097e+01
-7.927968102596051381e+01
-7.918074788252775420e+01
-7.908180435370302064e+01
-7.898284959805528160e+01
-7.888388270619628884e+01
-7.878490269532844081e+01
-7.868590850336161679e+01
-7.858689898256547224e+01
-7.848787289272218004e+01
-7.838882889374136198e+01
-7.828976553769686575e+01
-7.819068126024201604e+01
-7.809157437135696966e+01
-7.799244304537906203e+01
-7.789328531026345104e+01
-7.779409903601849408e+01
-7.769488192225639978e+01
-7.759563148479659844e+01
-7.749634504125529588e+01
-7.739701969555149219e+01
-7.729765232125535590e+01
-7.719823954370217223e+01
-7.709877772079040881e+01
-7.699926292238001224e+01
-7.689969090820314079e+01
-7.680005710419676745e+01
-7.670035657716442756e+01
-7.660058400767182718e+01
-7.650073366108023265e+01
-7.640079935662078015e+01
-7.630077443441376772e+01
-7.620065172033868350e+01
-7.610042348866440420e+01
-7.600008142235427044e+01
-7.589961657096851866e+01
-7.579901930609661065e+01
-7.569827927426548797e+01
-7.559738534728664661e+01
-7.549632557002611577e+01
-7.539508710560677684e+01
-7.529365617808424815e+01
-7.519201801267421104e+01
-7.509015677365360375e+01
-7.498805550010946774e+01
-7.488569603976927169e+01
-7.478305898121610085e+01
-7.468012358487051472e+01
-7.457686771321090191e+01
-7.447326776080460320e+01
-7.436929858483381395e+01
-7.426493343692395399e+01
-7.416014389721645728e+01
-7.405489981177311165e+01
-7.394916923455345170e+01
-7.384291837536783021e+01
-7.373611155537581396e+01
-7.362871117186605829e+01
-7.352067767421809208e+01
-7.341196955310050498e+01
-7.330254334509803016e+01
-7.319235365507375946e+01
-7.308135319865149881e+01
-7.296949286723862826e+01
-7.285672181798808822e+01
-7.274298759100912548e+01
-7.262823625596658417e+01
-7.251241258994775762e+01
-7.239546028811273004e+01
-7.227732220817230768e+01
-7.215794064915043293e+01
-7.203725766418861554e+01
-7.191521540634039411e+01
-7.179175650539910691e+01
-7.166682447281975499e+01
-7.154036413076394751e+01
-7.141232206024881179e+01
-7.128264706235982828e+01
-7.115129062553792494e+01
-7.101820739112699243e+01
-7.088335560871526297e+01
-7.074669757237634826e+01
-7.060820002875048829e+01
-7.046783454803940572e+01
-7.032557784943561785e+01
-7.018141207327442999e+01
-7.003532499326799154e+01
-6.988731016352491565e+01
-6.973736699662728711e+01
-6.958550077076520779e+01
-6.943172256574577261e+01
-6.927604912951710503e+01
-6.911850267860073416e+01
-6.895911063743142222e+01
-6.879790532299628580e+01
-6.863492358229478896e+01
-6.847020639097027583e+01
-6.830379842197609719e+01
-6.813574759333323527e+01
-6.796610460392970765e+01
-6.779492246593238747e+01
-6.762225604177183413e+01
-6.744816159286547474e+01
-6.727269634631720407e+01
-6.709591808481948760e+01
-6.691788476393925578e+01
-6.673865415992969474e+01
-6.655828355021603215e+01
-6.637682942778087636e+01
-6.619434724984522234e+01
-6.601089122051901370e+01
-6.582651410648531964e+01
-6.564126708428776169e+01
-6.545519961740633619e+01
-6.526835936102622782e+01
-6.508079209221718031e+01
-6.489254166313688188e+01
-6.470364997483738989e+01
-6.451415696927857368e+01
-6.432410063722358018e+01
-6.413351703979887475e+01
-6.394244034163506996e+01
-6.375090285365649834e+01
-6.355893508375000067e+01
-6.336656579370986719e+01
-6.317382206102330855e+01
-6.298072934422312130e+01
-6.278731155069029057e+01
-6.259359110593635478e+01
-6.239958902353185977e+01
-6.220532497497300994e+01
-6.201081735889290769e+01
-6.181608336912634627e+01
-6.162113906122910123e+01
-6.142599941713359613e+01
-6.123067840769390102e+01
-6.103518905293488928e+01
-6.083954347987373978e+01
-6.064375297782713403e+01
-6.044782805115658419e+01
-6.025177846943628168e+01
-6.005561331505463585e+01
-5.985934102828296943e+01
-5.966296944986208928e+01
-5.946650586117182513e+01
-5.926995702205925909e+01
-5.907332920640951812e+01
-5.887662823554892810e+01
-5.867985950957404384e+01
-5.848302803670235051e+01
-5.828613846074134131e+01
-5.808919508677240628e+01
-5.789220190514484443e+01
-5.769516261387340705e+01
-5.749808063953049952e+01
-5.730095915672107765e+01
-5.710380110622545402e+01
-5.690660921189136445e+01
-5.670938599635354649e+01
-5.651213379565515993e+01
-5.631485477284174834e+01
-5.611755093059488786e+01
-5.592022412296896050e+01
-5.572287606629093659e+01
-5.552550834927971835e+01
-5.532812244243807243e+01
-5.513071970676723765e+01
-5.493330140185085497e+01
-5.473586869335231597e+01
-5.453842265996654248e+01
-5.434096429986458077e+01
-5.414349453666704903e+01
-5.394601422497990484e+01
-5.374852415552376783e+01
-5.355102505988603667e+01
-5.335351761492291445e+01
-5.315600244683669473e+01
-5.295848013495173490e+01
-5.276095121521115772e+01
-5.256341618341449617e+01
-5.236587549821533827e+01
-5.216832958389639430e+01
-5.197077883293843570e+01
-5.177322360839821158e+01
-5.157566424610938327e+01
-5.137810105671954375e+01
-5.118053432757542964e+01
-5.098296432446756654e+01
-5.078539129324470736e+01
-5.058781546130775553e+01
-5.039023703899209750e+01
-5.019265622084663647e+01
-4.999507318681722268e+01
-4.979748810334152864e+01
-4.959990112436206289e+01
-4.940231239226333315e+01
-4.920472203873885775e+01
-4.900713018559325462e+01
-4.880953694548424693e+01
-4.861194242260905440e+01
-4.841434671333937700e+01
-4.821674990680877926e+01
-4.801915208545598546e+01
-4.782155332552751048e+01
-4.762395369754251107e+01
-4.742635326672288443e+01
-4.722875209339096614e+01
-4.703115023333749889e+01
-4.683354773816189720e+01
-4.663594465558706048e+01
-4.643834102975053213e+01
-4.624073690147371707e+01
-4.604313230851108329e+01
-4.584552728578038483e+01
-4.564792186557589559e+01
-4.545031607776537896e+01
-4.525270994997242724e+01
-4.505510350774504502e+01
-4.485749677471156360e+01
-4.465988977272488114e+01
-4.446228252199583864e+01
-4.426467504121661278e+01
-4.406706734767479361e+01
-4.386945945735891428e+01
-4.367185138505608677e+01
-4.347424314444224080e+01
-4.327663474816566236e+01
-4.307902620792411597e+01
-4.288141753453640348e+01
-4.268380873800827402e+01
-4.248619982759361591e+01
-4.228859081185088087e+01
-4.209098169869542261e+01
-4.189337249544774266e+01
-4.169576320887822618e+01
-4.149815384524848838e+01
-4.130054441034960178e+01
-4.110293490953741014e+01
-4.090532534776531293e+01
-4.070771572961445628e+01
-4.051010605932169995e+01
-4.031249634080553079e+01
-4.011488657768995836e+01
-3.991727677332663404e+01
-3.971966693081534316e+01
-3.952205705302293381e+01
-3.932444714260079621e+01
-3.912683720200107729e+01
-3.892922723349163761e+01
-3.873161723916991406e+01
-3.853400722097571673e+01
-3.833639718070307367e+01
-3.813878712001120874e+01
-3.794117704043463846e+01
-3.774356694339257245e+01
-3.754595683019754659e+01
-3.734834670206348051e+01
-3.715073656011303882e+01
-3.695312640538455895e+01
-3.675551623883830388e+01
-3.655790606136240228e+01
-3.636029587377822025e+01
-3.616268567684540614e+01
-3.596507547126653037e+01
-3.576746525769134166e+01
-3.556985503672076732e+01
-3.537224480891059386e+01
-3.517463457477481370e+01
-3.497702433478880835e+01
-3.477941408939221901e+01
-3.458180383899166088e+01
-3.438419358396319581e+01
-3.418658332465461314e+01
-3.398897306138755425e+01
-3.379136279445951629e+01
-3.359375252414562851e+01
-3.339614225070033626e+01
-3.319853197435897130e+01
-3.300092169533916575e+01
-3.280331141384221638e+01
-3.260570113005428539e+01
-3.240809084414755148e+01
-3.221048055628122597e+01
-3.201287026660258306e+01
-3.181525997524782667e+01
-3.161764968234290052e+01
-3.142003938800431229e+01
-3.122242909233981578e+01
-3.102481879544903620e+01
-3.082720849742413094e+01
-3.062959819835034381e+01
-3.043198789830648820e+01
-3.023437759736547292e+01
-3.003676729559471426e+01
-2.983915699305658364e+01
-2.964154668980873453e+01
-2.944393638590450024e+01
-2.924632608139321377e+01
-2.904871577632049906e+01
-2.885110547072854814e+01
-2.865349516465636981e+01
-2.845588485814008095e+01
-2.825827455121304155e+01
-2.806066424390611047e+01
-2.786305393624783733e+01
-2.766544362826464720e+01
-2.746783331998094724e+01
-2.727022301141930427e+01
-2.707261270260062958e+01
-2.687500239354422860e+01
-2.667739208426797148e+01
-2.647978177478836415e+01
-2.628217146512071167e+01
-2.608456115527913965e+01
-2.588695084527670787e+01
-2.568934053512550975e+01
-2.549173022483672923e+01
-2.529411991442071184e+01
-2.509650960388701435e+01
-2.489889929324446882e+01
-2.470128898250126070e+01
-2.450367867166496438e+01
-2.430606836074257160e+01
-2.410845804974055540e+01
-2.391084773866489854e+01
-2.371323742752112196e+01
-2.351562711631436287e+01
-2.331801680504933927e+01
-2.312040649373044232e+01
-2.292279618236170791e+01
-2.272518587094689479e+01
-2.252757555948947044e+01
-2.232996524799260385e+01
-2.213235493645930063e+01
-2.193474462489227506e+01
-2.173713431329404955e+01
-2.153952400166700443e+01
-2.134191369001328553e+01
-2.114430337833489659e+01
-2.094669306663367081e+01
-2.074908275491138454e+01
-2.055147244316957256e+01
-2.035386213140969858e+01
-2.015625181963314105e+01
-1.995864150784115054e+01
-1.976103119603487812e+01
-1.956342088421541803e+01
-1.936581057238373660e+01
-1.916820026054075754e+01
-1.897058994868733350e+01
-1.877297963682424609e+01
-1.857536932495223425e+01
-1.837775901307195170e+01
-1.818014870118403792e+01
-1.798253838928904713e+01
-1.778492807738753356e+01
-1.758731776547996617e+01
-1.738970745356679970e+01
-1.719209714164847469e+01
-1.699448682972536062e+01
-1.679687651779782698e+01
-1.659926620586620061e+01
-1.640165589393077994e+01
-1.620404558199189182e+01
-1.600643527004973521e+01
-1.580882495810462274e+01
-1.561121464615671073e+01
-1.541360433420625498e+01
-1.521599402225342601e+01
-1.501838371029840857e+01
-1.482077339834137319e+01
-1.462316308638246198e+01
-1.442555277442180284e+01
-1.422794246245955208e+01
-1.403033215049582338e+01
-1.383272183853073045e+01
-1.363511152656435854e+01
-1.343750121459682134e+01
-1.323989090262818991e+01
-1.304228059065856371e+01
-1.284467027868801381e+01
-1.264705996671661126e+01
-1.244944965474441290e+01
-1.225183934277146136e+01
-1.205422903079784192e+01
-1.185661871882359719e+01
-1.165900840684878403e+01
-1.146139809487343086e+01
-1.126378778289758031e+01
-1.106617747092127502e+01
-1.086856715894454339e+01
-1.067095684696739966e+01
-1.047334653498991486e+01
-1.027573622301208900e+01
-1.007812591103393629e+01
-9.880515599055527787e+00
-9.682905287076835066e+00
-9.485294975097886550e+00
-9.287684663118739081e+00
-9.090074351139350028e+00
-8.892464039159776235e+00
-8.694853727180046121e+00
-8.497243415200117056e+00
-8.299633103220045882e+00
-8.102022791239846811e+00
-7.904412479259491420e+00
-7.706802167279036553e+00
-7.509191855298439577e+00
-7.311581543317771548e+00
-7.113971231337004042e+00
-6.916360919356122849e+00
-6.718750607375170603e+00
-6.521140295394147302e+00
-6.323529983413052946e+00
-6.125919671431873326e+00
-5.928309359450665283e+00
-5.730699047469400398e+00
-5.533088735488050247e+00
-5.335478423506671675e+00
-5.137868111525264680e+00
-4.940257799543800843e+00
-4.742647487562294373e+00
-4.545037175580773692e+00
-4.347426863599196167e+00
-4.149816551617604432e+00
-3.952206239635998486e+00
-3.754595927654335696e+00
-3.556985615672672907e+00
-3.359375303690981696e+00
-3.161764991709276273e+00
-2.964154679727528219e+00
-2.766544367745780164e+00
-2.568934055764003688e+00
-2.371323743782227211e+00
-2.173713431800436524e+00
-1.976103119818645837e+00
-1.778492807836812517e+00
-1.580882495854993408e+00
-1.383272183873160088e+00
-1.185661871891326768e+00
-9.880515599094650270e-01
-7.904412479276032855e-01
-5.928309359457273331e-01
-3.952206239638513807e-01
-1.976103119819470066e-01
-7.105427357601001859e-14
1.976103119818191090e-01
3.952206239637092722e-01
5.928309359455852245e-01
7.904412479274611769e-01
9.880515599093229184e-01
1.185661871891184660e+00
1.383272183873032191e+00
1.580882495854851300e+00
1.778492807836684619e+00
1.976103119818517939e+00
2.173713431800308626e+00
2.371323743782099314e+00
2.568934055763875790e+00
2.766544367745652266e+00
2.964154679727400321e+00
3.161764991709134165e+00
3.359375303690853798e+00
3.556985615672545009e+00
3.754595927654193588e+00
3.952206239635856377e+00
4.149816551617476534e+00
4.347426863599068270e+00
4.545037175580631583e+00
4.742647487562166475e+00
4.940257799543672945e+00
5.137868111525122572e+00
5.335478423506543777e+00
5.533088735487922349e+00
5.730699047469258289e+00
5.928309359450537386e+00
6.125919671431745428e+00
6.323529983412910838e+00
6.521140295394005193e+00
6.718750607375028494e+00
6.916360919355994952e+00
7.113971231336847723e+00
7.311581543317643650e+00
7.509191855298311680e+00
7.706802167278894444e+00
7.904412479259363522e+00
8.102022791239718913e+00
8.299633103219917984e+00
8.497243415199989158e+00
8.694853727179904013e+00
8.892464039159648337e+00
9.090074351139222131e+00
9.287684663118596973e+00
9.485294975097758652e+00
9.682905287076707168e+00
9.880515599055385678e+00
1.007812591103380839e+01
1.027573622301196110e+01
1.047334653498978696e+01
1.067095684696727176e+01
1.086856715894440129e+01
1.106617747092113291e+01
1.126378778289745242e+01
1.146139809487330297e+01
1.165900840684867035e+01
1.185661871882346929e+01
1.205422903079772823e+01
1.225183934277131925e+01
1.244944965474427079e+01
1.264705996671646915e+01
1.284467027868788591e+01
1.304228059065843581e+01
1.323989090262806201e+01
1.343750121459667923e+01
1.363511152656423064e+01
1.383272183853058834e+01
1.403033215049569549e+01
1.422794246245942418e+01
1.442555277442167494e+01
1.462316308638231988e+01
1.482077339834123109e+01
1.501838371029826646e+01
1.521599402225329811e+01
1.541360433420611287e+01
1.561121464615659704e+01
1.580882495810448063e+01
1.600643527004963573e+01
1.620404558199177814e+01
1.640165589393068046e+01
1.659926620586608692e+01
1.679687651779769908e+01
1.699448682972521851e+01
1.719209714164833258e+01
1.738970745356665759e+01
1.758731776547980985e+01
1.778492807738739145e+01
1.798253838928893344e+01
1.818014870118392423e+01
1.837775901307183801e+01
1.857536932495212056e+01
1.877297963682413240e+01
1.897058994868720561e+01
1.916820026054061543e+01
1.936581057238358028e+01
1.956342088421527592e+01
1.976103119603473601e+01
1.995864150784099422e+01
2.015625181963298473e+01
2.035386213140954226e+01
2.055147244316940203e+01
2.074908275491124243e+01
2.094669306663354291e+01
2.114430337833474027e+01
2.134191369001312921e+01
2.153952400166683390e+01
2.173713431329387902e+01
2.193474462489209031e+01
2.213235493645910879e+01
2.232996524799243332e+01
2.252757555948927859e+01
2.272518587094671716e+01
2.292279618236152317e+01
2.312040649373025758e+01
2.331801680504918295e+01
2.351562711631419234e+01
2.371323742752093722e+01
2.391084773866471380e+01
2.410845804974039197e+01
2.430606836074241528e+01
2.450367867166480096e+01
2.470128898250109728e+01
2.489889929324431250e+01
2.509650960388684382e+01
2.529411991442054841e+01
2.549173022483657292e+01
2.568934053512533922e+01
2.588695084527651602e+01
2.608456115527893360e+01
2.628217146512052693e+01
2.647978177478817940e+01
2.667739208426776543e+01
2.687500239354403675e+01
2.707261270260045194e+01
2.727022301141911953e+01
2.746783331998074118e+01
2.766544362826445536e+01
2.786305393624766680e+01
2.806066424390591862e+01
2.825827455121284970e+01
2.845588485813989621e+01
2.865349516465620638e+01
2.885110547072837051e+01
2.904871577632032142e+01
2.924632608139303613e+01
2.944393638590430839e+01
2.964154668980854979e+01
2.983915699305642022e+01
3.003676729559457215e+01
3.023437759736532371e+01
3.043198789830634610e+01
3.062959819835019459e+01
3.082720849742398173e+01
3.102481879544887988e+01
3.122242909233968078e+01
3.142003938800415597e+01
3.161764968234274420e+01
3.181525997524767035e+01
3.201287026660243384e+01
3.221048055628109807e+01
3.240809084414740937e+01
3.260570113005415749e+01
3.280331141384208138e+01
3.300092169533903075e+01
3.319853197435882919e+01
3.339614225070019415e+01
3.359375252414551483e+01
3.379136279445940261e+01
3.398897306138742636e+01
3.418658332465449234e+01
3.438419358396308212e+01
3.458180383899156141e+01
3.477941408939210532e+01
3.497702433478870887e+01
3.517463457477471422e+01
3.537224480891048017e+01
3.556985503672065363e+01
3.576746525769122798e+01
3.596507547126643090e+01
3.616268567684529955e+01
3.636029587377812788e+01
3.655790606136228860e+01
3.675551623883821151e+01
3.695312640538446658e+01
3.715073656011294645e+01
3.734834670206339524e+01
3.754595683019745422e+01
3.774356694339248008e+01
3.794117704043453898e+01
3.813878712001111637e+01
3.833639718070297420e+01
3.853400722097561015e+01
3.873161723916980748e+01
3.892922723349153102e+01
3.912683720200098492e+01
3.932444714260068963e+01
3.952205705302283434e+01
3.971966693081525079e+01
3.991727677332653457e+01
4.011488657768985888e+01
4.031249634080543842e+01
4.051010605932160047e+01
4.070771572961434970e+01
4.090532534776521345e+01
4.110293490953731066e+01
4.130054441034947388e+01
4.149815384524839601e+01
4.169576320887810539e+01
4.189337249544760766e+01
4.209098169869528761e+01
4.228859081185075297e+01
4.248619982759348090e+01
4.268380873800813902e+01
4.288141753453626848e+01
4.307902620792398807e+01
4.327663474816552025e+01
4.347424314444211291e+01
4.367185138505595887e+01
4.386945945735877217e+01
4.406706734767467992e+01
4.426467504121649199e+01
4.446228252199571784e+01
4.465988977272476745e+01
4.485749677471144992e+01
4.505510350774491712e+01
4.525270994997231355e+01
4.545031607776525107e+01
4.564792186557579612e+01
4.584552728578026404e+01
4.604313230851096250e+01
4.624073690147361049e+01
4.643834102975037581e+01
4.663594465558691127e+01
4.683354773816174088e+01
4.703115023333737099e+01
4.722875209339085245e+01
4.742635326672277074e+01
4.762395369754239027e+01
4.782155332552736127e+01
4.801915208545582914e+01
4.821674990680864425e+01
4.841434671333925621e+01
4.861194242260890519e+01
4.880953694548412614e+01
4.900713018559312673e+01
4.920472203873873696e+01
4.940231239226321236e+01
4.959990112436193499e+01
4.979748810334140785e+01
4.999507318681710899e+01
5.019265622084651568e+01
5.039023703899195539e+01
5.058781546130762763e+01
5.078539129324457235e+01
5.098296432446744575e+01
5.118053432757528753e+01
5.137810105671940164e+01
5.157566424610928379e+01
5.177322360839809789e+01
5.197077883293829359e+01
5.216832958389628061e+01
5.236587549821524590e+01
5.256341618341437538e+01
5.276095121521103692e+01
5.295848013495159989e+01
5.315600244683656683e+01
5.335351761492279365e+01
5.355102505988588746e+01
5.374852415552362572e+01
5.394601422497976273e+01
5.414349453666687850e+01
5.434096429986439603e+01
5.453842265996635774e+01
5.473586869335215965e+01
5.493330140185068444e+01
5.513071970676708133e+01
5.532812244243791611e+01
5.552550834927953360e+01
5.572287606629078027e+01
5.592022412296878997e+01
5.611755093059474575e+01
5.631485477284158492e+01
5.651213379565498940e+01
5.670938599635337596e+01
5.690660921189117971e+01
5.710380110622529060e+01
5.730095915672092133e+01
5.749808063953031478e+01
5.769516261387323652e+01
5.789220190514467390e+01
5.808919508677223575e+01
5.828613846074117077e+01
5.848302803670219419e+01
5.867985950957390173e+01
5.887662823554876468e+01
5.907332920640934049e+01
5.926995702205908856e+01
5.946650586117166881e+01
5.966296944986191875e+01
5.985934102828278469e+01
6.005561331505444400e+01
6.025177846943608984e+01
6.044782805115639235e+01
6.064375297782692087e+01
6.083954347987355504e+01
6.103518905293469743e+01
6.123067840769371628e+01
6.142599941713342560e+01
6.162113906122891649e+01
6.181608336912614732e+01
6.201081735889272295e+01
6.220532497497282520e+01
6.239958902353168924e+01
6.259359110593618425e+01
6.278731155069013425e+01
6.298072934422296498e+01
6.317382206102314512e+01
6.336656579370969666e+01
6.355893508374984435e+01
6.375090285365635623e+01
6.394244034163489232e+01
6.413351703979870422e+01
6.432410063722340965e+01
6.451415696927838894e+01
6.470364997483721936e+01
6.489254166313668293e+01
6.508079209221699557e+01
6.526835936102602886e+01
6.545519961740615145e+01
6.564126708428753432e+01
6.582651410648512069e+01
6.601089122051882896e+01
6.619434724984500917e+01
6.637682942778067741e+01
6.655828355021580478e+01
6.673865415992949579e+01
6.691788476393907104e+01
6.709591808481928865e+01
6.727269634631701933e+01
6.744816159286526158e+01
6.762225604177166360e+01
6.779492246593221694e+01
6.796610460392952291e+01
6.813574759333303632e+01
6.830379842197592666e+01
6.847020639097010530e+01
6.863492358229461843e+01
6.879790532299608685e+01
6.895911063743125169e+01
6.911850267860057784e+01
6.927604912951693450e+01
6.943172256574561629e+01
6.958550077076503726e+01
6.973736699662711658e+01
6.988731016352474512e+01
7.003532499326783523e+01
7.018141207327425946e+01
7.032557784943546153e+01
7.046783454803923519e+01
7.060820002875033197e+01
7.074669757237617773e+01
7.088335560871510665e+01
7.101820739112685033e+01
7.115129062553776862e+01
7.128264706235970039e+01
7.141232206024866969e+01
7.154036413076380541e+01
7.166682447281962709e+01
7.179175650539897902e+01
7.191521540634028042e+01
7.203725766418850185e+01
7.215794064915033346e+01
7.227732220817222242e+01
7.239546028811261635e+01
7.251241258994764394e+01
7.262823625596649890e+01
7.274298759100904022e+01
7.285672181798801716e+01
7.296949286723852879e+01
7.308135319865144197e+01
7.319235365507367419e+01
7.330254334509794489e+01
7.341196955310041972e+01
7.352067767421806366e+01
7.362871117186600145e+01
7.373611155537574291e+01
7.384291837536778758e+01
7.394916923455340907e+01
7.405489981177308323e+01
7.416014389721641464e+01
7.426493343692391136e+01
7.436929858483375710e+01
7.447326776080453214e+01
7.457686771321084507e+01
7.468012358487044366e+01
7.478305898121604400e+01
7.488569603976918643e+01
7.498805550010942511e+01
7.509015677365357533e+01
7.519201801267413998e+01
7.529365617808417710e+01
7.539508710560673421e+01
7.549632557002604472e+01
7.559738534728657555e+01
7.569827927426541692e+01
7.579901930609656802e+01
7.589961657096844760e+01
7.600008142235418518e+01
7.610042348866434736e+01
7.620065172033864087e+01
7.630077443441373930e+01
7.640079935662075172e+01
7.650073366108020423e+01
7.660058400767181297e+01
7.670035657716437072e+01
7.680005710419675324e+01
7.689969090820309816e+01
7.699926292237998382e+01
7.709877772079039460e+01
7.719823954370215802e+01
7.729765232125532748e+01
7.739701969555147798e+01
7.749634504125529588e+01
7.759563148479657002e+01
7.769488192225639978e+01
7.779409903601847986e+01
7.789328531026342262e+01
7.799244304537901940e+01
7.809157437135692703e+01
7.819068126024197340e+01
7.828976553769683733e+01
7.838882889374133356e+01
7.848787289272212320e+01
7.858689898256545803e+01
7.868590850336158837e+01
7.878490269532844081e+01
7.888388270619628884e+01
7.898284959805528160e+01
7.908180435370300643e+01
7.918074788252772578e+01
7.927968102596048539e+01
7.937860456252664676e+01
7.947751921252591956e+01
7.957642564236758176e+01
7.967532446858547246e+01
7.977421626155651779e+01
7.987310154894410630e+01
7.997198081888606680e+01
8.007085452294666084e+01
8.016972307884904581e+01
8.026858687300480710e+01
8.036744626285542381e+01
8.046630157903933878e+01
8.056515312739793444e+01
8.066400119083135678e+01
8.076284603101663606e+01
8.086168788999714252e+01
8.096052699165349509e+01
8.105936354306467706e+01
8.115819773576717466e+01
8.125702974692038083e+01
8.135585974038437485e+01
8.145468786771741065e+01
8.155351426909857082e+01
8.165233907418146941e+01
8.175116240288380709e+01
8.184998436611795114e+01
8.194880506646683216e+01
8.204762459880905112e+01
8.214644305089700538e+01
8.224526050389204102e+01
8.234407703285916114e+01
8.244289270722472907e+01
8.254170759119992340e+01
8.264052174417224705e+01
8.273933522106779037e+01
8.283814807268620939e+01
8.293696034601086353e+01
8.303577208449510749e+01
8.313458332832769315e+01
8.323339411467787841e+01
8.333220447792223240e+01
8.343101444985435933e+01
8.352982405987921766e+01
8.362863333519206321e+01
8.372744230094494355e+01
8.382625098039991940e+01
8.392505939507117318e+01
8.402386756485617525e+01
8.412267550815741401e+01
8.422148324199446279e+01
8.432029078210797479e+01
8.441909814305583382e+01
8.451790533830205732e+01
8.461671238029867936e+01
8.471551928056229031e+01
8.481432604974386891e+01
8.491313269769409544e+01
8.501193923352343518e+01
8.511074566565756072e+01
8.520955200188919321e+01
8.530835824942531076e+01
8.540716441493134425e+01
8.550597050457184878e+01
8.560477652404810556e+01
8.570358247863293855e+01
8.580238837320294465e+01
8.590119421226825125e+01
8.600000000000002842e+01
