-8.600000000000000000e+01
-8.577067197850666957e+01
-8.554134417378317323e+01
-8.531201659467519960e+01
-8.508268925038935038e+01
-8.485336215050787700e+01
-8.462403530500399995e+01
-8.439470872425786752e+01
-8.416538241907313989e+01
-8.393605640069431217e+01
-8.370673068082459167e+01
-8.347740527164474145e+01
-8.324808018583246394e+01
-8.301875543658269407e+01
-8.278943103762871658e+01
-8.256010700326410756e+01
-8.233078334836555712e+01
-8.210146008841670096e+01
-8.187213723953287570e+01
-8.164281481848679789e+01
-8.141349284273549358e+01
-8.118417133044810896e+01
-8.095485030053497155e+01
-8.072552977267784513e+01
-8.049620976736133571e+01
-8.026689030590569018e+01
-8.003757141050081714e+01
-7.980825310424171448e+01
-7.957893541116547453e+01
-7.934961835628958227e+01
-7.912030196565193307e+01
-7.889098626635244216e+01
-7.866167128659628816e+01
-7.843235705573900418e+01
-7.820304360433333102e+01
-7.797373096417801719e+01
-7.774441916836865119e+01
-7.751510825135041216e+01
-7.728579824897313699e+01
-7.705648919854850476e+01
-7.682718113890967970e+01
-7.659787411047317107e+01
-7.636856815530346410e+01
-7.613926331718002416e+01
-7.590995964166725685e+01
-7.568065717618716803e+01
-7.545135597009496564e+01
-7.522205607475784461e+01
-7.499275754363691249e+01
-7.476346043237235506e+01
-7.453416479887226842e+01
-7.430487070340487321e+01
-7.407557820869460841e+01
-7.384628738002214732e+01
-7.361699828532827894e+01
-7.338771099532232256e+01
-7.315842558359457826e+01
-7.292914212673363750e+01
-7.269986070444829807e+01
-7.247058139969439594e+01
-7.224130429880692361e+01
-7.201202949163730693e+01
-7.178275707169642317e+01
-7.155348713630324653e+01
-7.132421978673966123e+01
-7.109495512841137099e+01
-7.086569327101550186e+01
-7.063643432871479888e+01
-7.040717842031898499e+01
-7.017792566947336752e+01
-6.994867620485516113e+01
-6.971943016037758412e+01
-6.949018767540228225e+01
-6.926094889496035023e+01
-6.903171396998213538e+01
-6.880248305753643479e+01
-6.857325632107918523e+01
-6.834403393071228550e+01
-6.811481606345266471e+01
-6.788560290351237825e+01
-6.765639464258973135e+01
-6.742719148017222608e+01
-6.719799362385157337e+01
-6.696880128965138113e+01
-6.673961470236791627e+01
-6.651043409592455191e+01
-6.628125971374028325e+01
-6.605209180911312217e+01
-6.582293064561858387e+01
-6.559377649752420325e+01
-6.536462965022056437e+01
-6.513549040066932605e+01
-6.490635905786925264e+01
-6.467723594334054837e+01
-6.444812139162857534e+01
-6.421901575082736713e+01
-6.398991938312389038e+01
-6.376083266536389971e+01
-6.353175598963995441e+01
-6.330268976390269131e+01
-6.307363441259614945e+01
-6.284459037731794950e+01
-6.261555811750544365e+01
-6.238653811114868120e+01
-6.215753085553120627e+01
-6.192853686799979585e+01
-6.169955668676406901e+01
-6.147059087172726777e+01
-6.124164000534910457e+01
-6.101270469354207648e+01
-6.078378556660230458e+01
-6.055488328017626998e+01
-6.032599851626453358e+01
-6.009713198426405967e+01
-5.986828442205018064e+01
-5.963945659709987979e+01
-5.941064930765765695e+01
-5.918186338394551882e+01
-5.895309968941860745e+01
-5.872435912206807984e+01
-5.849564261577265256e+01
-5.826695114170077261e+01
-5.803828570976469337e+01
-5.780964737012851629e+01
-5.758103721477174020e+01
-5.735245637911017980e+01
-5.712390604367602975e+01
-5.689538743585904967e+01
-5.666690183171054684e+01
-5.643845055781230258e+01
-5.621003499321216168e+01
-5.598165657142844509e+01
-5.575331678252500467e+01
-5.552501717525913705e+01
-5.529675935930406183e+01
-5.506854500754829473e+01
-5.484037585847379148e+01
-5.461225371861482358e+01
-5.438418046509985970e+01
-5.415615804827812951e+01
-5.392818849443303719e+01
-5.370027390858441407e+01
-5.347241647738135839e+01
-5.324461847208760190e+01
-5.301688225166121526e+01
-5.278921026593032906e+01
-5.256160505886648338e+01
-5.233406927195718339e+01
-5.210660564767898251e+01
-5.187921703307251420e+01
-5.165190638342034646e+01
-5.142467676602889526e+01
-5.119753136411485173e+01
-5.097047348079691886e+01
-5.074350654319292175e+01
-5.051663410662242626e+01
-5.028985985891463173e+01
-5.006318762482074902e+01
-4.983662137053008934e+01
-4.961016520828840015e+01
-4.938382340111670032e+01
-4.915760036762828378e+01
-4.893150068694124144e+01
-4.870552910368310506e+01
-4.847969053308366227e+01
-4.825399006615153041e+01
-4.802843297492904640e+01
-4.780302471781967455e+01
-4.757777094498097625e+01
-4.735267750377561669e+01
-4.712775044427178983e+01
-4.690299602478356888e+01
-4.667842071744060206e+01
-4.645403121377558620e+01
-4.622983443031660755e+01
-4.600583751417043032e+01
-4.578204784858144194e+01
-4.555847305844950057e+01
-4.533512101578890707e+01
-4.511199984510861327e+01
-4.488911792869303952e+01
-4.466648391176055810e+01
-4.444410670747565462e+01
-4.422199550178866900e+01
-4.400015975807554014e+01
-4.377860922154819434e+01
-4.355735392340433521e+01
-4.333640418468364430e+01
-4.311577061979566139e+01
-4.289546413968273697e+01
-4.267549595457963107e+01
-4.245587757632971204e+01
-4.223662082021593989e+01
-4.201773780626311350e+01
-4.179924095996657485e+01
-4.158114301240085098e+01
-4.136345699966065581e+01
-4.114619626158549437e+01
-4.092937443971817402e+01
-4.071300547444690920e+01
-4.049710360128012354e+01
-4.028168334620313118e+01
-4.006675952006582975e+01
-3.985234721195119789e+01
-3.963846178147527155e+01
-3.942511884997055915e+01
-3.921233429050679575e+01
-3.900012421670505347e+01
-3.878850497030413891e+01
-3.857749310744154059e+01
-3.836710538361515432e+01
-3.815735873729656902e+01
-3.794827027217167625e+01
-3.773985723799049197e+01
-3.753213701001414648e+01
-3.732512706705431071e+01
-3.711884496810790779e+01
-3.691330832759825853e+01
-3.670853478924271940e+01
-3.650454199857637150e+01
-3.630134757417099678e+01
-3.609896907759939211e+01
-3.589742398220532493e+01
-3.569672964075088828e+01
-3.549690325202403329e+01
-3.529796182650041203e+01
-3.509992215116515979e+01
-3.490280075361116729e+01
-3.470661386554161254e+01
-3.451137738581476810e+01
-3.431710684317930316e+01
-3.412381735885742273e+01
-3.393152360914163523e+01
-3.374023978817855607e+01
-3.354997957111928031e+01
-3.336075607782090202e+01
-3.317258183728780807e+01
-3.298546875304305104e+01
-3.279942806962098700e+01
-3.261447034037141890e+01
-3.243060539676216791e+01
-3.224784231936303058e+01
-3.206618941068713013e+01
-3.188565417005808200e+01
-3.170624327066091297e+01
-3.152796253892368128e+01
-3.135081693636324474e+01
-3.117481054401422114e+01
-3.099994654954413420e+01
-3.082622723714076329e+01
-3.065365398023963905e+01
-3.048222723714076210e+01
-3.031194654954413181e+01
-3.014281054401422466e+01
-2.997481693636324707e+01
-2.980796253892368242e+01
-2.964224327066091291e+01
-2.947765417005808786e+01
-2.931418941068713480e+01
-2.915184231936302695e+01
-2.899060539676216308e+01
-2.883047034037141287e+01
-2.867142806962098689e+01
-2.851346875304304262e+01
-2.835658183728779846e+01
-2.820075607782089833e+01
-2.804597957111926831e+01
-2.789223978817854999e+01
-2.773952360914162085e+01
-2.758781735885741426e+01
-2.743710684317929349e+01
-2.728737738581475725e+01
-2.713861386554160049e+01
-2.699080075361114694e+01
-2.684392215116513825e+01
-2.669796182650039640e+01
-2.655290325202400936e+01
-2.640872964075087026e+01
-2.626542398220530572e+01
-2.612296907759937881e+01
-2.598134757417098939e+01
-2.584054199857635581e+01
-2.570053478924270252e+01
-2.556130832759822624e+01
-2.542284496810788141e+01
-2.528512706705428315e+01
-2.514813701001412483e+01
-2.501185723799047622e+01
-2.487627027217165931e+01
-2.474135873729654378e+01
-2.460710538361513500e+01
-2.447349310744152717e+01
-2.434050497030413140e+01
-2.420812421670504477e+01
-2.407633429050678586e+01
-2.394511884997053386e+01
-2.381446178147525217e+01
-2.368434721195117731e+01
-2.355475952006580087e+01
-2.342568334620310111e+01
-2.329710360128009228e+01
-2.316900547444688385e+01
-2.304137443971814747e+01
-2.291419626158545952e+01
-2.278745699966063398e+01
-2.266114301240082796e+01
-2.253524095996655774e+01
-2.240973780626308098e+01
-2.228462082021590618e+01
-2.215987757632968425e+01
-2.203549595457960208e+01
-2.191146413968270679e+01
-2.178777061979563712e+01
-2.166440418468361884e+01
-2.154135392340430144e+01
-2.141860922154816649e+01
-2.129615975807551820e+01
-2.117399550178863876e+01
-2.105210670747563029e+01
-2.093048391176053258e+01
-2.080911792869301280e+01
-2.068799984510859247e+01
-2.056712101578887086e+01
-2.044647305844947027e+01
-2.032604784858141045e+01
-2.020583751417042606e+01
-2.008583443031659499e+01
-1.996603121377556533e+01
-1.984642071744058001e+01
-1.972699602478354564e+01
-1.960775044427175828e+01
-1.948867750377559105e+01
-1.936977094498095653e+01
-1.925102471781964653e+01
-1.913243297492901718e+01
-1.901399006615150711e+01
-1.889569053308365199e+01
-1.877752910368307937e+01
-1.865950068694122876e+01
-1.854160036762826280e+01
-1.842382340111667816e+01
-1.830616520828839100e+01
-1.818862137053007189e+01
-1.807118762482073748e+01
-1.795385985891461189e+01
-1.783663410662241233e+01
-1.771950654319289242e+01
-1.760247348079688834e+01
-1.748553136411483422e+01
-1.736867676602885524e+01
-1.725190638342031946e+01
-1.713521703307249311e+01
-1.701860564767896733e+01
-1.690206927195715991e+01
-1.678560505886646581e+01
-1.666921026593028898e+01
-1.655288225166118821e+01
-1.643661847208757365e+01
-1.632041647738132895e+01
-1.620427390858438343e+01
-1.608818849443299825e+01
-1.597215804827808938e+01
-1.585618046509982548e+01
-1.574025371861478106e+01
-1.562437585847375487e+01
-1.550854500754827825e+01
-1.539275935930403705e+01
-1.527701717525910396e+01
-1.516131678252496329e+01
-1.504565657142839541e+01
-1.493003499321211791e+01
-1.481445055781226472e+01
-1.469890183171050069e+01
-1.458338743585899522e+01
-1.446790604367596700e+01
-1.435245637911010874e+01
-1.423703721477168926e+01
-1.412164737012847127e+01
-1.400628570976464005e+01
-1.389095114170072520e+01
-1.377564261577261107e+01
-1.366035912206803005e+01
-1.354509968941856357e+01
-1.342986338394547374e+01
-1.331464930765760357e+01
-1.319945659709982522e+01
-1.308428442205013198e+01
-1.296913198426400982e+01
-1.285399851626449674e+01
-1.273888328017621063e+01
-1.262378556660225115e+01
-1.250870469354201475e+01
-1.239364000534904164e+01
-1.227859087172721786e+01
-1.216355668676401081e+01
-1.204853686799972934e+01
-1.193353085553114568e+01
-1.181853811114861230e+01
-1.170355811750538066e+01
-1.158859037731788533e+01
-1.147363441259609829e+01
-1.135868976390263185e+01
-1.124375598963989376e+01
-1.112883266536383076e+01
-1.101391938312383445e+01
-1.089901575082730290e+01
-1.078412139162851702e+01
-1.066923594334049596e+01
-1.055435905786917772e+01
-1.043949040066925704e+01
-1.032462965022050128e+01
-1.020977649752414607e+01
-1.009493064561853259e+01
-9.980091809113076806e+00
-9.865259713740243797e+00
-9.750434095924518374e+00
-9.635614702367888640e+00
-9.520801289651345201e+00
-9.405993623851557572e+00
-9.291191480172201977e+00
-9.176394642589698947e+00
-9.061602903512337548e+00
-8.946816063452629919e+00
-8.832033930712256620e+00
-8.717256321079162262e+00
-8.602483057536403521e+00
-8.487713969982095819e+00
-8.372948894960316579e+00
-8.258187675402240302e+00
-8.143430160377548077e+00
-8.028676204855131004e+00
-7.913925669473329094e+00
-7.799178420318938265e+00
-7.684434328714772278e+00
-7.569693271015466962e+00
-7.454955128411327792e+00
-7.340219786739609731e+00
-7.225487136303200941e+00
-7.110757071696369280e+00
-6.996029491637258957e+00
-6.881304298806881548e+00
-6.766581399694345578e+00
-6.651860704448239403e+00
-6.537142126733584746e+00
-6.422425583594517207e+00
-6.307710995322253211e+00
-6.192998285328215502e+00
-6.078287380022075581e+00
-5.963578208694542582e+00
-5.848870703404799087e+00
-5.734164798872200208e+00
-5.619460432372292757e+00
-5.504757543636856099e+00
-5.390056074757779925e+00
-5.275355970094906866e+00
-5.160657176187100958e+00
-5.045959641667195683e+00
-4.931263317179968908e+00
-4.816568155303400545e+00
-4.701874110473127644e+00
-4.587181138909627975e+00
-4.472489198548458944e+00
-4.357798248973082877e+00
-4.243108251350378168e+00
-4.128419168368623104e+00
-4.013730964177980809e+00
-3.899043604333286339e+00
-3.784357055738951203e+00
-3.669671286596241089e+00
-3.554986266352386792e+00
-3.440301965651883620e+00
-3.325618356289538724e+00
-3.210935411165422693e+00
-3.096253104241668552e+00
-2.981571410500762909e+00
-2.866890305905656078e+00
-2.752209767361279091e+00
-2.637529772677794426e+00
-2.522850300534912549e+00
-2.408171330448055869e+00
-2.293492842735446402e+00
-2.178814818486756621e+00
-2.064137239532811918e+00
-1.949460088416657300e+00
-1.834783348365505162e+00
-1.720107003264047307e+00
-1.605431037628676449e+00
-1.490755436582645643e+00
-1.376080185832421421e+00
-1.261405271644690629e+00
-1.146730680824546766e+00
-1.032056400694244758e+00
-9.173824190730925920e-01
-8.027087242578119231e-01
-6.880353050039502705e-01
-5.733621505078332348e-01
-4.586892503893125195e-01
-3.440165946751676529e-01
-2.293441737831187766e-01
-1.146719785066068198e-01
4.263256414560601115e-14
1.146719785067205066e-01
2.293441737832324634e-01
3.440165946752671289e-01
4.586892503893977846e-01
5.733621505079327108e-01
6.880353050040497465e-01
8.027087242579113990e-01
9.173824190731778572e-01
1.032056400694358445e+00
1.146730680824646242e+00
1.261405271644804316e+00
1.376080185832506686e+00
1.490755436582759330e+00
1.605431037628761715e+00
1.720107003264146783e+00
1.834783348365590427e+00
1.949460088416742565e+00
2.064137239532897183e+00
2.178814818486841887e+00
2.293492842735531667e+00
2.408171330448155345e+00
2.522850300535012025e+00
2.637529772677893902e+00
2.752209767361392778e+00
2.866890305905755554e+00
2.981571410500862385e+00
3.096253104241768028e+00
3.210935411165536379e+00
3.325618356289623989e+00
3.440301965651983096e+00
3.554986266352486268e+00
3.669671286596354776e+00
3.784357055739050679e+00
3.899043604333371604e+00
4.013730964178080285e+00
4.128419168368722580e+00
4.243108251350463433e+00
4.357798248973182353e+00
4.472489198548544209e+00
4.587181138909727451e+00
4.701874110473212909e+00
4.816568155303500021e+00
4.931263317180068384e+00
5.045959641667295159e+00
5.160657176187200434e+00
5.275355970094992131e+00
5.390056074757893612e+00
5.504757543636955575e+00
5.619460432372392233e+00
5.734164798872299684e+00
5.848870703404912774e+00
5.963578208694656269e+00
6.078287380022175057e+00
6.192998285328314978e+00
6.307710995322338476e+00
6.422425583594616683e+00
6.537142126733698433e+00
6.651860704448353090e+00
6.766581399694459265e+00
6.881304298806966813e+00
6.996029491637372644e+00
7.110757071696468756e+00
7.225487136303314628e+00
7.340219786739723418e+00
7.454955128411427268e+00
7.569693271015566438e+00
7.684434328714857543e+00
7.799178420319037741e+00
7.913925669473428570e+00
8.028676204855230480e+00
8.143430160377633342e+00
8.258187675402353989e+00
8.372948894960416055e+00
8.487713969982209505e+00
8.602483057536502997e+00
8.717256321079261738e+00
8.832033930712356096e+00
8.946816063452729395e+00
9.061602903512437024e+00
9.176394642589798423e+00
9.291191480172287243e+00
9.405993623851642838e+00
9.520801289651444677e+00
9.635614702367973905e+00
9.750434095924603639e+00
9.865259713740329062e+00
9.980091809113162071e+00
1.009493064561860365e+01
1.020977649752424554e+01
1.032462965022060075e+01
1.043949040066934231e+01
1.055435905786927719e+01
1.066923594334058123e+01
1.078412139162860228e+01
1.089901575082738816e+01
1.101391938312391972e+01
1.112883266536391602e+01
1.124375598963996481e+01
1.135868976390273133e+01
1.147363441259618355e+01
1.158859037731797059e+01
1.170355811750548014e+01
1.181853811114871178e+01
1.193353085553124515e+01
1.204853686799981460e+01
1.216355668676411028e+01
1.227859087172730312e+01
1.239364000534914112e+01
1.250870469354211423e+01
1.262378556660233642e+01
1.273888328017631011e+01
1.285399851626458201e+01
1.296913198426409508e+01
1.308428442205021724e+01
1.319945659709991048e+01
1.331464930765770305e+01
1.342986338394555901e+01
1.354509968941866305e+01
1.366035912206811531e+01
1.377564261577269633e+01
1.389095114170081047e+01
1.400628570976473952e+01
1.412164737012857074e+01
1.423703721477178874e+01
1.435245637911020822e+01
1.446790604367606647e+01
1.458338743585908048e+01
1.469890183171058595e+01
1.481445055781236420e+01
1.493003499321221739e+01
1.504565657142848067e+01
1.516131678252506276e+01
1.527701717525920344e+01
1.539275935930412231e+01
1.550854500754836351e+01
1.562437585847384014e+01
1.574025371861488054e+01
1.585618046509992496e+01
1.597215804827817465e+01
1.608818849443308352e+01
1.620427390858446870e+01
1.632041647738142842e+01
1.643661847208765892e+01
1.655288225166127347e+01
1.666921026593038846e+01
1.678560505886655108e+01
1.690206927195724518e+01
1.701860564767905259e+01
1.713521703307257837e+01
1.725190638342040472e+01
1.736867676602895472e+01
1.748553136411491948e+01
1.760247348079698781e+01
1.771950654319299190e+01
1.783663410662249760e+01
1.795385985891471137e+01
1.807118762482082275e+01
1.818862137053017136e+01
1.830616520828846205e+01
1.842382340111677763e+01
1.854160036762834807e+01
1.865950068694131403e+01
1.877752910368317885e+01
1.889569053308372304e+01
1.901399006615160658e+01
1.913243297492911665e+01
1.925102471781974600e+01
1.936977094498104179e+01
1.948867750377569052e+01
1.960775044427185776e+01
1.972699602478364511e+01
1.984642071744067948e+01
1.996603121377566481e+01
2.008583443031669447e+01
2.020583751417051133e+01
2.032604784858150992e+01
2.044647305844955554e+01
2.056712101578897034e+01
2.068799984510869194e+01
2.080911792869309807e+01
2.093048391176061784e+01
2.105210670747571555e+01
2.117399550178872403e+01
2.129615975807558925e+01
2.141860922154825175e+01
2.154135392340440092e+01
2.166440418468368989e+01
2.178777061979573659e+01
2.191146413968280626e+01
2.203549595457968735e+01
2.215987757632977662e+01
2.228462082021599144e+01
2.240973780626318046e+01
2.253524095996664300e+01
2.266114301240092743e+01
2.278745699966071925e+01
2.291419626158555900e+01
2.304137443971823984e+01
2.316900547444696201e+01
2.329710360128017044e+01
2.342568334620318637e+01
2.355475952006588614e+01
2.368434721195126258e+01
2.381446178147533033e+01
2.394511884997061202e+01
2.407633429050684981e+01
2.420812421670511583e+01
2.434050497030419535e+01
2.447349310744158402e+01
2.460710538361519184e+01
2.474135873729662194e+01
2.487627027217172326e+01
2.501185723799054017e+01
2.514813701001418167e+01
2.528512706705434709e+01
2.542284496810793826e+01
2.556130832759828309e+01
2.570053478924276646e+01
2.584054199857642686e+01
2.598134757417105334e+01
2.612296907759944986e+01
2.626542398220537677e+01
2.640872964075093421e+01
2.655290325202406621e+01
2.669796182650044614e+01
2.684392215116520219e+01
2.699080075361121089e+01
2.713861386554164312e+01
2.728737738581482120e+01
2.743710684317936455e+01
2.758781735885747821e+01
2.773952360914167059e+01
2.789223978817859972e+01
2.804597957111933226e+01
2.820075607782094096e+01
2.835658183728786241e+01
2.851346875304311368e+01
2.867142806962102952e+01
2.883047034037146261e+01
2.899060539676223414e+01
2.915184231936308379e+01
2.931418941068720585e+01
2.947765417005815891e+01
2.964224327066101239e+01
2.980796253892378900e+01
2.997481693636335365e+01
3.014281054401435256e+01
3.031194654954424550e+01
3.048222723714087579e+01
3.065365398023975274e+01
3.082622723714086987e+01
3.099994654954423368e+01
3.117481054401430640e+01
3.135081693636333000e+01
3.152796253892377365e+01
3.170624327066100534e+01
3.188565417005817437e+01
3.206618941068722961e+01
3.224784231936313006e+01
3.243060539676228871e+01
3.261447034037153969e+01
3.279942806962111490e+01
3.298546875304317894e+01
3.317258183728795018e+01
3.336075607782102281e+01
3.354997957111942242e+01
3.374023978817869818e+01
3.393152360914176313e+01
3.412381735885755063e+01
3.431710684317943105e+01
3.451137738581489600e+01
3.470661386554174044e+01
3.490280075361128809e+01
3.509992215116528769e+01
3.529796182650052572e+01
3.549690325202412566e+01
3.569672964075097354e+01
3.589742398220541020e+01
3.609896907759947737e+01
3.630134757417108915e+01
3.650454199857647097e+01
3.670853478924281887e+01
3.691330832759835801e+01
3.711884496810800727e+01
3.732512706705439598e+01
3.753213701001423885e+01
3.773985723799057723e+01
3.794827027217176862e+01
3.815735873729664718e+01
3.836710538361523959e+01
3.857749310744162585e+01
3.878850497030423128e+01
3.900012421670514584e+01
3.921233429050687391e+01
3.942511884997061600e+01
3.963846178147532839e+01
3.985234721195125474e+01
4.006675952006588659e+01
4.028168334620319513e+01
4.049710360128017328e+01
4.071300547444695894e+01
4.092937443971823086e+01
4.114619626158554411e+01
4.136345699966069844e+01
4.158114301240091493e+01
4.179924095996665301e+01
4.201773780626319876e+01
4.223662082021604647e+01
4.245587757632981152e+01
4.267549595457973055e+01
4.289546413968284355e+01
4.311577061979576797e+01
4.333640418468374378e+01
4.355735392340443468e+01
4.377860922154829382e+01
4.400015975807562540e+01
4.422199550178876848e+01
4.444410670747575409e+01
4.466648391176065047e+01
4.488911792869313899e+01
4.511199984510872696e+01
4.533512101578901365e+01
4.555847305844960715e+01
4.578204784858152721e+01
4.600583751417053691e+01
4.622983443031671413e+01
4.645403121377572120e+01
4.667842071744072996e+01
4.690299602478367547e+01
4.712775044427189641e+01
4.735267750377573748e+01
4.757777094498109705e+01
4.780302471781976692e+01
4.802843297492913166e+01
4.825399006615162989e+01
4.847969053308375464e+01
4.870552910368317612e+01
4.893150068694131960e+01
4.915760036762833352e+01
4.938382340111675717e+01
4.961016520828846410e+01
4.983662137053016750e+01
5.006318762482081297e+01
5.028985985891472410e+01
5.051663410662251863e+01
5.074350654319300702e+01
5.097047348079698281e+01
5.119753136411495120e+01
5.142467676602896631e+01
5.165190638342045304e+01
5.187921703307259236e+01
5.210660564767908909e+01
5.233406927195727576e+01
5.256160505886660417e+01
5.278921026593042143e+01
5.301688225166131474e+01
5.324461847208769427e+01
5.347241647738147208e+01
5.370027390858450644e+01
5.392818849443312956e+01
5.415615804827822899e+01
5.438418046509994497e+01
5.461225371861490885e+01
5.484037585847389096e+01
5.506854500754840842e+01
5.529675935930416131e+01
5.552501717525925073e+01
5.575331678252510414e+01
5.598165657142854457e+01
5.621003499321224695e+01
5.643845055781241626e+01
5.666690183171064632e+01
5.689538743585913494e+01
5.712390604367610081e+01
5.735245637911026506e+01
5.758103721477183967e+01
5.780964737012862997e+01
5.803828570976480705e+01
5.826695114170090051e+01
5.849564261577276625e+01
5.872435912206819353e+01
5.895309968941873535e+01
5.918186338394562540e+01
5.941064930765779195e+01
5.963945659710000768e+01
5.986828442205032275e+01
6.009713198426419467e+01
6.032599851626466148e+01
6.055488328017639788e+01
6.078378556660243248e+01
6.101270469354219017e+01
6.124164000534923957e+01
6.147059087172740988e+01
6.169955668676419691e+01
6.192853686799992374e+01
6.215753085553134838e+01
6.238653811114880909e+01
6.261555811750557154e+01
6.284459037731807030e+01
6.307363441259627734e+01
6.330268976390283342e+01
6.353175598964008941e+01
6.376083266536403471e+01
6.398991938312403249e+01
6.421901575082748082e+01
6.444812139162868903e+01
6.467723594334066206e+01
6.490635905786936632e+01
6.513549040066942553e+01
6.536462965022064964e+01
6.559377649752431694e+01
6.582293064561869755e+01
6.605209180911322164e+01
6.628125971374038272e+01
6.651043409592463718e+01
6.673961470236798732e+01
6.696880128965145218e+01
6.719799362385165864e+01
6.742719148017232556e+01
6.765639464258984503e+01
6.788560290351247772e+01
6.811481606345276418e+01
6.834403393071238497e+01
6.857325632107929891e+01
6.880248305753653426e+01
6.903171396998223486e+01
6.926094889496044971e+01
6.949018767540238173e+01
6.971943016037769780e+01
6.994867620485527482e+01
7.017792566947349542e+01
7.040717842031909868e+01
7.063643432871489836e+01
7.086569327101560134e+01
7.109495512841149889e+01
7.132421978673980334e+01
7.155348713630337443e+01
7.178275707169655107e+01
7.201202949163743483e+01
7.224130429880705151e+01
7.247058139969450963e+01
7.269986070444841175e+01
7.292914212673375118e+01
7.315842558359469194e+01
7.338771099532246467e+01
7.361699828532840684e+01
7.384628738002226100e+01
7.407557820869473630e+01
7.430487070340498690e+01
7.453416479887238211e+01
7.476346043237248296e+01
7.499275754363702617e+01
7.522205607475797251e+01
7.545135597009507933e+01
7.568065717618725330e+01
7.590995964166737053e+01
7.613926331718010942e+01
7.636856815530353515e+01
7.659787411047324213e+01
7.682718113890973655e+01
7.705648919854857581e+01
7.728579824897320805e+01
7.751510825135045479e+01
7.774441916836872224e+01
7.797373096417808824e+01
7.820304360433340207e+01
7.843235705573908945e+01
7.866167128659634500e+01
7.889098626635251321e+01
7.912030196565200413e+01
7.934961835628962490e+01
7.957893541116553138e+01
7.980825310424177133e+01
8.003757141050084556e+01
8.026689030590574703e+01
8.049620976736139255e+01
8.072552977267787355e+01
8.095485030053501418e+01
8.118417133044818002e+01
8.141349284273553621e+01
8.164281481848684052e+01
8.187213723953291833e+01
8.210146008841672938e+01
8.233078334836557133e+01
8.256010700326413598e+01
8.278943103762873079e+01
8.301875543658272250e+01
8.324808018583246394e+01
8.347740527164475566e+01
8.370673068082462009e+01
8.393605640069432638e+01
8.416538241907318252e+01
8.439470872425789594e+01
8.462403530500404258e+01
8.485336215050790543e+01
8.508268925038936459e+01
8.531201659467521381e+01
8.554134417378315902e+01
8.577067197850666957e+01
8.600000000000000000e+01
