-8.600000000000000000e+01
-8.583619116476285171e+01
-8.567238235502431110e+01
-8.550857357172854734e+01
-8.534476481585473095e+01
-8.518095608841828437e+01
-8.501714739047217506e+01
-8.485333872310839354e+01
-8.468953008745938860e+01
-8.452572148469948843e+01
-8.436191291604652065e+01
-8.419810438276340392e+01
-8.403429588615979640e+01
-8.387048742759385789e+01
-8.370667900847402620e+01
-8.354287063026090721e+01
-8.337906229446912221e+01
-8.321525400266942540e+01
-8.305144575649067917e+01
-8.288763755762207097e+01
-8.272382940781531602e+01
-8.256002130888695945e+01
-8.239621326272083479e+01
-8.223240527127046562e+01
-8.206859733656170874e+01
-8.190478946069542587e+01
-8.174098164585021209e+01
-8.157717389428533750e+01
-8.141336620834368887e+01
-8.124955859045486761e+01
-8.108575104313841564e+01
-8.092194356900711227e+01
-8.075813617077045592e+01
-8.059432885123823098e+01
-8.043052161332421690e+01
-8.026671446005002508e+01
-8.010290739454907794e+01
-7.993910042007078687e+01
-7.977529353998480133e+01
-7.961148675778549944e+01
-7.944768007709653546e+01
-7.928387350167565728e+01
-7.912006703541966601e+01
-7.895626068236960293e+01
-7.879245444671593646e+01
-7.862864833280427490e+01
-7.846484234514095135e+01
-7.830103648839904906e+01
-7.813723076742452633e+01
-7.797342518724265403e+01
-7.780961975306453837e+01
-7.764581447029411265e+01
-7.748200934453518585e+01
-7.731820438159884645e+01
-7.715439958751110794e+01
-7.699059496852089524e+01
-7.682679053110820178e+01
-7.666298628199270127e+01
-7.649918222814252999e+01
-7.633537837678353810e+01
-7.617157473540871138e+01
-7.600777131178813306e+01
-7.584396811397913041e+01
-7.568016515033691860e+01
-7.551636242952557154e+01
-7.535255996052944738e+01
-7.518875775266499772e+01
-7.502495581559300319e+01
-7.486115415933127792e+01
-7.469735279426781460e+01
-7.453355173117452637e+01
-7.436975098122124450e+01
-7.420595055599058298e+01
-7.404215046749291673e+01
-7.387835072818239723e+01
-7.371455135097306766e+01
-7.355075234925601535e+01
-7.338695373691672330e+01
-7.322315552835348740e+01
-7.305935773849613213e+01
-7.289556038282563577e+01
-7.273176347739445191e+01
-7.256796703884739941e+01
-7.240417108444361816e+01
-7.224037563207903645e+01
-7.207658070030981889e+01
-7.191278630837659591e+01
-7.174899247622968801e+01
-7.158519922455505480e+01
-7.142140657480140931e+01
-7.125761454920817073e+01
-7.109382317083442615e+01
-7.093003246358910019e+01
-7.076624245226197729e+01
-7.060245316255614512e+01
-7.043866462112131899e+01
-7.027487685558858743e+01
-7.011108989460626617e+01
-6.994730376787721582e+01
-6.978351850619733909e+01
-6.961973414149551331e+01
-6.945595070687511452e+01
-6.929216823665677794e+01
-6.912838676642286373e+01
-6.896460633306355703e+01
-6.880082697482444587e+01
-6.863704873135603179e+01
-6.847327164376478947e+01
-6.830949575466620161e+01
-6.814572110823964124e+01
-6.798194775028524361e+01
-6.781817572828273910e+01
-6.765440509145238934e+01
-6.749063589081821135e+01
-6.732686817927324796e+01
-6.716310201164728255e+01
-6.699933744477692699e+01
-6.683557453757813960e+01
-6.667181335112134377e+01
-6.650805394870913290e+01
-6.634429639595674644e+01
-6.618054076087537396e+01
-6.601678711395828714e+01
-6.585303552827008389e+01
-6.568928607953893106e+01
-6.552553884625207559e+01
-6.536179390975459569e+01
-6.519805135435163379e+01
-6.503431126741409685e+01
-6.487057373948793781e+01
-6.470683886440733090e+01
-6.454310673941142795e+01
-6.437937746526543492e+01
-6.421565114638545424e+01
-6.405192789096773254e+01
-6.388820781112219294e+01
-6.372449102301042956e+01
-6.356077764698834187e+01
-6.339706780775338757e+01
-6.323336163449690162e+01
-6.306965926106119014e+01
-6.290596082610193918e+01
-6.274226647325583883e+01
-6.257857635131359331e+01
-6.241489061439864372e+01
-6.225120942215143316e+01
-6.208753293991965450e+01
-6.192386133895445965e+01
-6.176019479661289324e+01
-6.159653349656649368e+01
-6.143287762901655924e+01
-6.126922739091580183e+01
-6.110558298619692863e+01
-6.094194462600803774e+01
-6.077831252895504122e+01
-6.061468692135137815e+01
-6.045106803747488300e+01
-6.028745611983230646e+01
-6.012385141943127564e+01
-5.996025419606007745e+01
-5.979666471857518673e+01
-5.963308326519684499e+01
-5.946951012381263979e+01
-5.930594559228923401e+01
-5.914238997879243698e+01
-5.897884360211540411e+01
-5.881530679201553369e+01
-5.865177988955945665e+01
-5.848826324747683003e+01
-5.832475723052235850e+01
-5.816126221584656264e+01
-5.799777859337487484e+01
-5.783430676619529009e+01
-5.767084715095433012e+01
-5.750740017826140615e+01
-5.734396629310133875e+01
-5.718054595525489248e+01
-5.701713963972736110e+01
-5.685374783718455660e+01
-5.669037105439652180e+01
-5.652700981468818497e+01
-5.636366465839693518e+01
-5.620033614333661376e+01
-5.603702484526753835e+01
-5.587373135837206917e+01
-5.571045629573519875e+01
-5.554720028982967506e+01
-5.538396399300468431e+01
-5.522074807797794449e+01
-5.505755323832970305e+01
-5.489438018899851812e+01
-5.473122966677735235e+01
-5.456810243080914091e+01
-5.440499926308088874e+01
-5.424192096891476922e+01
-5.407886837745537889e+01
-5.391584234215128646e+01
-5.375284374122990272e+01
-5.358987347816359659e+01
-5.342693248212584933e+01
-5.326402170843522299e+01
-5.310114213898561530e+01
-5.293829478266049904e+01
-5.277548067572902823e+01
-5.261270088222216401e+01
-5.244995649428567219e+01
-5.228724863250835142e+01
-5.212457844622217351e+01
-5.196194711377207653e+01
-5.179935584275231264e+01
-5.163680587020640900e+01
-5.147429846278775756e+01
-5.131183491687750831e+01
-5.114941655865666803e+01
-5.098704474412873111e+01
-5.082472085908970172e+01
-5.066244631904161366e+01
-5.050022256904629359e+01
-5.033805108351535296e+01
-5.017593336593299114e+01
-5.001387094850759496e+01
-4.985186539174869580e+01
-4.968991828396534061e+01
-4.952803124068222473e+01
-4.936620590397021147e+01
-4.920444394168718105e+01
-4.904274704662645235e+01
-4.888111693556886905e+01
-4.871955534823592870e+01
-4.855806404614075689e+01
-4.839664481133443275e+01
-4.823529944504517175e+01
-4.807402976620836199e+01
-4.791283760988587659e+01
-4.775172482557293563e+01
-4.759069327539215521e+01
-4.742974483217383863e+01
-4.726888137742301410e+01
-4.710810479917358151e+01
-4.694741698973078314e+01
-4.678681984330390975e+01
-4.662631525353165785e+01
-4.646590511090319353e+01
-4.630559130007880242e+01
-4.614537569711480103e+01
-4.598526016659761950e+01
-4.582524655869357844e+01
-4.566533670612079732e+01
-4.550553242105085161e+01
-4.534583549194863394e+01
-4.518624768035920880e+01
-4.502677071765166517e+01
-4.486740630173009237e+01
-4.470815609372317567e+01
-4.454902171466364535e+01
-4.439000474217014158e+01
-4.423110670714419257e+01
-4.407232909049525205e+01
-4.391367331990750955e+01
-4.375514076666220120e+01
-4.359673274252924813e+01
-4.343845049674236236e+01
-4.328029521307157523e+01
-4.312226800700697282e+01
-4.296436992306754377e+01
-4.280660193224795051e+01
-4.264896492961675989e+01
-4.249145973207775739e+01
-4.233408707630651691e+01
-4.217684761687272044e+01
-4.201974192455854507e+01
-4.186277048488209118e+01
-4.170593369683373197e+01
-4.154923187183273825e+01
-4.139266523290941535e+01
-4.123623391411786798e+01
-4.107993796018214994e+01
-4.092377732637819321e+01
-4.076775187865191441e+01
-4.061186139397299399e+01
-4.045610556092219667e+01
-4.030048398050908531e+01
-4.014499616721560926e+01
-3.998964155025958433e+01
-3.983441947507130720e+01
-3.967932920497523241e+01
-3.952436992306754604e+01
-3.936954073427971679e+01
-3.921484066761703247e+01
-3.906026867856054707e+01
-3.890582365162016742e+01
-3.875150440302585508e+01
-3.859730968354389802e+01
-3.844323818140436089e+01
-3.828928852532602889e+01
-3.813545928762469828e+01
-3.798174898739092953e+01
-3.782815609372318733e+01
-3.767467902900283860e+01
-3.752131617219713178e+01
-3.736806586217741000e+01
-3.721492640103955551e+01
-3.706189605741450066e+01
-3.690897306975716674e+01
-3.675615564960268244e+01
-3.660344198477945099e+01
-3.645083024256936000e+01
-3.629831857280608887e+01
-3.614590511090320035e+01
-3.599358798080441346e+01
-3.584136529784939285e+01
-3.568923517154898661e+01
-3.553719570826451957e+01
-3.538524501378667964e+01
-3.523338119581022454e+01
-3.508160236630127571e+01
-3.492990664375479781e+01
-3.477829215534045204e+01
-3.462675703893567913e+01
-3.447529944504520927e+01
-3.432391753860721195e+01
-3.417260950068626357e+01
-3.402137353005416287e+01
-3.387020784465983070e+01
-3.371911068299014147e+01
-3.356808030532361187e+01
-3.341711499487935555e+01
-3.326621305886410340e+01
-3.311537282941994675e+01
-3.296459266447604364e+01
-3.281387094850767028e+01
-3.266320609320579393e+01
-3.251259653806088323e+01
-3.236204075086454424e+01
-3.221153722813258469e+01
-3.206108449545340022e+01
-3.191068110776516420e+01
-3.176032564956583570e+01
-3.161001673505940346e+01
-3.145975300824236598e+01
-3.130953314293375200e+01
-3.115935584275237602e+01
-3.100921984104487450e+01
-3.085912390076769185e+01
-3.070906681432659724e+01
-3.055904740337664549e+01
-3.040906451858586479e+01
-3.025911703936547070e+01
-3.010920387356964767e+01
-2.995932395716750563e+01
-2.980947625388983369e+01
-2.965965975485318040e+01
-2.950987347816365514e+01
-2.936011646850268875e+01
-2.921038779669679997e+01
-2.906068655927360567e+01
-2.891101187800574479e+01
-2.876136289944458468e+01
-2.861173879444557855e+01
-2.846213875768651747e+01
-2.831256200718041072e+01
-2.816300778378431602e+01
-2.801347535070527783e+01
-2.786396399300475224e+01
-2.771447301710245625e+01
-2.756500175028072164e+01
-2.741554954019031243e+01
-2.726611575435852330e+01
-2.711669977970033329e+01
-2.696730102203336799e+01
-2.681791890559734526e+01
-2.666855287257840246e+01
-2.651920238263915763e+01
-2.636986691245468961e+01
-2.622054595525496268e+01
-2.607123902037412932e+01
-2.592194563280693131e+01
-2.577266533277257565e+01
-2.562339767528626311e+01
-2.547414222973858244e+01
-2.532489857948298351e+01
-2.517566632143150684e+01
-2.502644506565869875e+01
-2.487723443501406706e+01
-2.472803406474285737e+01
-2.457884360211547659e+01
-2.442966270606521562e+01
-2.428049104683476145e+01
-2.413132830563088049e+01
-2.398217417428781317e+01
-2.383302835493887528e+01
-2.368389055969648638e+01
-2.353476051034041205e+01
-2.338563793801416324e+01
-2.323652258292947437e+01
-2.308741419407869699e+01
-2.293831252895508044e+01
-2.278921735328079734e+01
-2.264012844074242281e+01
-2.249104557273402349e+01
-2.234196853810750838e+01
-2.219289713293017741e+01
-2.204383116024930445e+01
-2.189477042986361255e+01
-2.174571475810151355e+01
-2.159666396760601970e+01
-2.144761788712597195e+01
-2.129857635131364191e+01
-2.114953920052860781e+01
-2.100050628064744274e+01
-2.085147744287941407e+01
-2.070245254358785303e+01
-2.055343144411706646e+01
-2.040441401062474824e+01
-2.025540011391957762e+01
-2.010638962930406137e+01
-1.995738243642232135e+01
-1.980837841911278474e+01
-1.965937746526547869e+01
-1.951037946668421341e+01
-1.936138431895282963e+01
-1.921239192130617823e+01
-1.906340217650506474e+01
-1.891441499071532917e+01
-1.876543027339101855e+01
-1.861644793716122592e+01
-1.846746789772080888e+01
-1.831849007372468918e+01
-1.816951438668560570e+01
-1.802054076087540579e+01
-1.787156912322951996e+01
-1.772259940325461969e+01
-1.757363153293957225e+01
-1.742466544666910977e+01
-1.727570108114061043e+01
-1.712673837528369347e+01
-1.697777727018235794e+01
-1.682881770900004881e+01
-1.667985963690696849e+01
-1.653090300101003152e+01
-1.638194775028526351e+01
-1.623299383551240282e+01
-1.608404120921167646e+01
-1.593508982558300602e+01
-1.578613964044699003e+01
-1.563719061118811737e+01
-1.548824269669994180e+01
-1.533929585733197598e+01
-1.519035005483860346e+01
-1.504140525232969594e+01
-1.489246141422282221e+01
-1.474351850619736126e+01
-1.459457649514997968e+01
-1.444563534915175751e+01
-1.429669503740679204e+01
-1.414775553021226528e+01
-1.399881679891981889e+01
-1.384987881589837855e+01
-1.370094155449821471e+01
-1.355200498901626815e+01
-1.340306909466275442e+01
-1.325413384752872048e+01
-1.310519922455509345e+01
-1.295626520350243993e+01
-1.280733176292208952e+01
-1.265839888212802578e+01
-1.250946654116998502e+01
-1.236053472080729421e+01
-1.221160340248380294e+01
-1.206267256830356871e+01
-1.191374220100750847e+01
-1.176481228395071810e+01
-1.161588280108080085e+01
-1.146695373691676423e+01
-1.131802507652876955e+01
-1.116909680551856354e+01
-1.102016891000060639e+01
-1.087124137658385337e+01
-1.072231419235423289e+01
-1.057338734485765031e+01
-1.042446082208364544e+01
-1.027553461244966115e+01
-1.012660870478585196e+01
-9.977683088320304705e+00
-9.828757752665040925e+00
-9.679832687802203850e+00
-9.530907884071055491e+00
-9.381983332155130029e+00
-9.233059023070069316e+00
-9.084134948151813660e+00
-8.935211099045119454e+00
-8.786287467692673658e+00
-8.637364046324393030e+00
-8.488440827447291781e+00
-8.339517803835519771e+00
-8.190594968520926500e+00
-8.041672314783866682e+00
-7.892749836144332676e+00
-7.743827526353413759e+00
-7.594905379385053834e+00
-7.445983389428207033e+00
-7.297061550879050174e+00
-7.148139858333649954e+00
-6.999218306580900162e+00
-6.850296890595529931e+00
-6.701375605531566748e+00
-6.552454446715969993e+00
-6.403533409642349739e+00
-6.254612489965168720e+00
-6.105691683493873256e+00
-5.956770986187478911e+00
-5.807850394149170370e+00
-5.658929903621199742e+00
-5.510009510979912761e+00
-5.361089212730917097e+00
-5.212169005504591723e+00
-5.063248886051525233e+00
-4.914328851238281004e+00
-4.765408898043219210e+00
-4.616489023552588833e+00
-4.467569224956633889e+00
-4.318649499545813342e+00
-4.169729844707362076e+00
-4.020810257921738184e+00
-3.871890736759340257e+00
-3.722971278877267309e+00
-3.574051882016291870e+00
-3.425132543997776224e+00
-3.276213262720872876e+00
-3.127294036159710799e+00
-2.978374862360794850e+00
-2.829455739440277284e+00
-2.680536665581612965e+00
-2.531617639033086675e+00
-2.382698658105496747e+00
-2.233779721169995014e+00
-2.084860826655869914e+00
-1.935941973048414866e+00
-1.787023158887080854e+00
-1.638104382763415856e+00
-1.489185643319288488e+00
-1.340266939244969535e+00
-1.191348269277597183e+00
-1.042429632199329603e+00
-8.935110268358101848e-01
-7.445924520546469694e-01
-5.956739067638494589e-01
-4.467553899103933190e-01
-2.978369004788845587e-01
-1.489184374901668662e-01
-4.263256414560601115e-14
1.489184374900816010e-01
2.978369004788277152e-01
4.467553899103506865e-01
5.956739067638210372e-01
7.445924520546185477e-01
8.935110268357817631e-01
1.042429632199286971e+00
1.191348269277554550e+00
1.340266939244926903e+00
1.489185643319203223e+00
1.638104382763373223e+00
1.787023158887038221e+00
1.935941973048386444e+00
2.084860826655813071e+00
2.233779721169966592e+00
2.382698658105454115e+00
2.531617639033029832e+00
2.680536665581556122e+00
2.829455739440220441e+00
2.978374862360738007e+00
3.127294036159653956e+00
3.276213262720816033e+00
3.425132543997705170e+00
3.574051882016220816e+00
3.722971278877210466e+00
3.871890736759283413e+00
4.020810257921681341e+00
4.169729844707319444e+00
4.318649499545756498e+00
4.467569224956562834e+00
4.616489023552546200e+00
4.765408898043162367e+00
4.914328851238224161e+00
5.063248886051482600e+00
5.212169005504549091e+00
5.361089212730874465e+00
5.510009510979855918e+00
5.658929903621157109e+00
5.807850394149113527e+00
5.956770986187422068e+00
6.105691683493816413e+00
6.254612489965097666e+00
6.403533409642278684e+00
6.552454446715913150e+00
6.701375605531509905e+00
6.850296890595473087e+00
6.999218306580829108e+00
7.148139858333578900e+00
7.297061550878979119e+00
7.445983389428135979e+00
7.594905379384996991e+00
7.743827526353342705e+00
7.892749836144261621e+00
8.041672314783795628e+00
8.190594968520855446e+00
8.339517803835434506e+00
8.488440827447192305e+00
8.637364046324321976e+00
8.786287467692588393e+00
8.935211099045062610e+00
9.084134948151756817e+00
9.233059023070040894e+00
9.381983332155087396e+00
9.530907884071012859e+00
9.679832687802161217e+00
9.828757752664998293e+00
9.977683088320262073e+00
1.012660870478579511e+01
1.027553461244961852e+01
1.042446082208358860e+01
1.057338734485760767e+01
1.072231419235419025e+01
1.087124137658381073e+01
1.102016891000054954e+01
1.116909680551852091e+01
1.131802507652871270e+01
1.146695373691669317e+01
1.161588280108074400e+01
1.176481228395064704e+01
1.191374220100743742e+01
1.206267256830349766e+01
1.221160340248373188e+01
1.236053472080722315e+01
1.250946654116992818e+01
1.265839888212796893e+01
1.280733176292203268e+01
1.295626520350238309e+01
1.310519922455502240e+01
1.325413384752867785e+01
1.340306909466269758e+01
1.355200498901623973e+01
1.370094155449818629e+01
1.384987881589835013e+01
1.399881679891977626e+01
1.414775553021220844e+01
1.429669503740674941e+01
1.444563534915170067e+01
1.459457649514990862e+01
1.474351850619729021e+01
1.489246141422275116e+01
1.504140525232962489e+01
1.519035005483856082e+01
1.533929585733191914e+01
1.548824269669989917e+01
1.563719061118806053e+01
1.578613964044690476e+01
1.593508982558294917e+01
1.608404120921161962e+01
1.623299383551234598e+01
1.638194775028520667e+01
1.653090300100996046e+01
1.667985963690691165e+01
1.682881770900000618e+01
1.697777727018230109e+01
1.712673837528360821e+01
1.727570108114053937e+01
1.742466544666902450e+01
1.757363153293950120e+01
1.772259940325454863e+01
1.787156912322943469e+01
1.802054076087533474e+01
1.816951438668553465e+01
1.831849007372458971e+01
1.846746789772069519e+01
1.861644793716112645e+01
1.876543027339090486e+01
1.891441499071522969e+01
1.906340217650493685e+01
1.921239192130607876e+01
1.936138431895273015e+01
1.951037946668412815e+01
1.965937746526539343e+01
1.980837841911268526e+01
1.995738243642223608e+01
2.010638962930394769e+01
2.025540011391947814e+01
2.040441401062464877e+01
2.055343144411698120e+01
2.070245254358775355e+01
2.085147744287931459e+01
2.100050628064734326e+01
2.114953920052850833e+01
2.129857635131352822e+01
2.144761788712585826e+01
2.159666396760593443e+01
2.174571475810141408e+01
2.189477042986351307e+01
2.204383116024919786e+01
2.219289713293009925e+01
2.234196853810742311e+01
2.249104557273395244e+01
2.264012844074234465e+01
2.278921735328071918e+01
2.293831252895502359e+01
2.308741419407860462e+01
2.323652258292938200e+01
2.338563793801407087e+01
2.353476051034033389e+01
2.368389055969639401e+01
2.383302835493879002e+01
2.398217417428770659e+01
2.413132830563077391e+01
2.428049104683464066e+01
2.442966270606508772e+01
2.457884360211535579e+01
2.472803406474275789e+01
2.487723443501397469e+01
2.502644506565860638e+01
2.517566632143143579e+01
2.532489857948290535e+01
2.547414222973847586e+01
2.562339767528618495e+01
2.577266533277247618e+01
2.592194563280685315e+01
2.607123902037402274e+01
2.622054595525487741e+01
2.636986691245459724e+01
2.651920238263907947e+01
2.666855287257830298e+01
2.681791890559726710e+01
2.696730102203326851e+01
2.711669977970021250e+01
2.726611575435840962e+01
2.741554954019019874e+01
2.756500175028062927e+01
2.771447301710234967e+01
2.786396399300467408e+01
2.801347535070517836e+01
2.816300778378423786e+01
2.831256200718033256e+01
2.846213875768641799e+01
2.861173879444548618e+01
2.876136289944446389e+01
2.891101187800563821e+01
2.906068655927352040e+01
2.921038779669670760e+01
2.936011646850258217e+01
2.950987347816355566e+01
2.965965975485308093e+01
2.980947625388972710e+01
2.995932395716741325e+01
3.010920387356952688e+01
3.025911703936536412e+01
3.040906451858575110e+01
3.055904740337653891e+01
3.070906681432649066e+01
3.085912390076758527e+01
3.100921984104475371e+01
3.115935584275226233e+01
3.130953314293364542e+01
3.145975300824224519e+01
3.161001673505928977e+01
3.176032564956572912e+01
3.191068110776508604e+01
3.206108449545330075e+01
3.221153722813248521e+01
3.236204075086442344e+01
3.251259653806076244e+01
3.266320609320567314e+01
3.281387094850754238e+01
3.296459266447592995e+01
3.311537282941982596e+01
3.326621305886401103e+01
3.341711499487925607e+01
3.356808030532351950e+01
3.371911068299003489e+01
3.387020784465974543e+01
3.402137353005407761e+01
3.417260950068619252e+01
3.432391753860714800e+01
3.447529944504512400e+01
3.462675703893562229e+01
3.477829215534038099e+01
3.492990664375474807e+01
3.508160236630122597e+01
3.523338119581018191e+01
3.538524501378662990e+01
3.553719570826446272e+01
3.568923517154895819e+01
3.584136529784933600e+01
3.599358798080437793e+01
3.614590511090317193e+01
3.629831857280606755e+01
3.645083024256933868e+01
3.660344198477942257e+01
3.675615564960264692e+01
3.690897306975712411e+01
3.706189605741448645e+01
3.721492640103950578e+01
3.736806586217738868e+01
3.752131617219707493e+01
3.767467902900280308e+01
3.782815609372313759e+01
3.798174898739087268e+01
3.813545928762464143e+01
3.828928852532594362e+01
3.844323818140429694e+01
3.859730968354381275e+01
3.875150440302577692e+01
3.890582365162009637e+01
3.906026867856047602e+01
3.921484066761696852e+01
3.936954073427963863e+01
3.952436992306746788e+01
3.967932920497514715e+01
3.983441947507120062e+01
3.998964155025950618e+01
4.014499616721553821e+01
4.030048398050900005e+01
4.045610556092211141e+01
4.061186139397291583e+01
4.076775187865186467e+01
4.092377732637812926e+01
4.107993796018209309e+01
4.123623391411778982e+01
4.139266523290933719e+01
4.154923187183267430e+01
4.170593369683366802e+01
4.186277048488202013e+01
4.201974192455847401e+01
4.217684761687266359e+01
4.233408707630644585e+01
4.249145973207771476e+01
4.264896492961668173e+01
4.280660193224787236e+01
4.296436992306746561e+01
4.312226800700690887e+01
4.328029521307146865e+01
4.343845049674226289e+01
4.359673274252915576e+01
4.375514076666209462e+01
4.391367331990741718e+01
4.407232909049517389e+01
4.423110670714413573e+01
4.439000474217007763e+01
4.454902171466355298e+01
4.470815609372309041e+01
4.486740630173000000e+01
4.502677071765157280e+01
4.518624768035911643e+01
4.534583549194857710e+01
4.550553242105078766e+01
4.566533670612074047e+01
4.582524655869352159e+01
4.598526016659755555e+01
4.614537569711475840e+01
4.630559130007875979e+01
4.646590511090312248e+01
4.662631525353157258e+01
4.678681984330387422e+01
4.694741698973069788e+01
4.710810479917353177e+01
4.726888137742298568e+01
4.742974483217378179e+01
4.759069327539211258e+01
4.775172482557289300e+01
4.791283760988582685e+01
4.807402976620829804e+01
4.823529944504511491e+01
4.839664481133439722e+01
4.855806404614074268e+01
4.871955534823587186e+01
4.888111693556882642e+01
4.904274704662643103e+01
4.920444394168711710e+01
4.936620590397018304e+01
4.952803124068219631e+01
4.968991828396531218e+01
4.985186539174867448e+01
5.001387094850755943e+01
5.017593336593296272e+01
5.033805108351529611e+01
5.050022256904625806e+01
5.066244631904157814e+01
5.082472085908966619e+01
5.098704474412872401e+01
5.114941655865666803e+01
5.131183491687750120e+01
5.147429846278774335e+01
5.163680587020641610e+01
5.179935584275233396e+01
5.196194711377208364e+01
5.212457844622215930e+01
5.228724863250835142e+01
5.244995649428565798e+01
5.261270088222215691e+01
5.277548067572899981e+01
5.293829478266047772e+01
5.310114213898560820e+01
5.326402170843522299e+01
5.342693248212583512e+01
5.358987347816358238e+01
5.375284374122986719e+01
5.391584234215125093e+01
5.407886837745533626e+01
5.424192096891474080e+01
5.440499926308086742e+01
5.456810243080911960e+01
5.473122966677732393e+01
5.489438018899849681e+01
5.505755323832966042e+01
5.522074807797793028e+01
5.538396399300469852e+01
5.554720028982967506e+01
5.571045629573518454e+01
5.587373135837205496e+01
5.603702484526752414e+01
5.620033614333661376e+01
5.636366465839691386e+01
5.652700981468817076e+01
5.669037105439650759e+01
5.685374783718452818e+01
5.701713963972736110e+01
5.718054595525487116e+01
5.734396629310131743e+01
5.750740017826137773e+01
5.767084715095430170e+01
5.783430676619528299e+01
5.799777859337487484e+01
5.816126221584656264e+01
5.832475723052229455e+01
5.848826324747679450e+01
5.865177988955940691e+01
5.881530679201551948e+01
5.897884360211537569e+01
5.914238997879240856e+01
5.930594559228921980e+01
5.946951012381262558e+01
5.963308326519683078e+01
5.979666471857515830e+01
5.996025419606007745e+01
6.012385141943124722e+01
6.028745611983228514e+01
6.045106803747484037e+01
6.061468692135136394e+01
6.077831252895501279e+01
6.094194462600802353e+01
6.110558298619690731e+01
6.126922739091577341e+01
6.143287762901655924e+01
6.159653349656647947e+01
6.176019479661289324e+01
6.192386133895442413e+01
6.208753293991964028e+01
6.225120942215141895e+01
6.241489061439864372e+01
6.257857635131358620e+01
6.274226647325579620e+01
6.290596082610190365e+01
6.306965926106116171e+01
6.323336163449687319e+01
6.339706780775335915e+01
6.356077764698829924e+01
6.372449102301038693e+01
6.388820781112215741e+01
6.405192789096770412e+01
6.421565114638542582e+01
6.437937746526540650e+01
6.454310673941137111e+01
6.470683886440730248e+01
6.487057373948789518e+01
6.503431126741406842e+01
6.519805135435160537e+01
6.536179390975456727e+01
6.552553884625206138e+01
6.568928607953893106e+01
6.585303552827005547e+01
6.601678711395823029e+01
6.618054076087534554e+01
6.634429639595671802e+01
6.650805394870909026e+01
6.667181335112130114e+01
6.683557453757813960e+01
6.699933744477689856e+01
6.716310201164725413e+01
6.732686817927321954e+01
6.749063589081819714e+01
6.765440509145236092e+01
6.781817572828268226e+01
6.798194775028520098e+01
6.814572110823962703e+01
6.830949575466618739e+01
6.847327164376477526e+01
6.863704873135603179e+01
6.880082697482441745e+01
6.896460633306352861e+01
6.912838676642283531e+01
6.929216823665674951e+01
6.945595070687511452e+01
6.961973414149548489e+01
6.978351850619731067e+01
6.994730376787720161e+01
7.011108989460626617e+01
7.027487685558855901e+01
7.043866462112131899e+01
7.060245316255614512e+01
7.076624245226196308e+01
7.093003246358907177e+01
7.109382317083441194e+01
7.125761454920817073e+01
7.142140657480140931e+01
7.158519922455505480e+01
7.174899247622965959e+01
7.191278630837658170e+01
7.207658070030979047e+01
7.224037563207900803e+01
7.240417108444358973e+01
7.256796703884737099e+01
7.273176347739442349e+01
7.289556038282560735e+01
7.305935773849611792e+01
7.322315552835345898e+01
7.338695373691672330e+01
7.355075234925598693e+01
7.371455135097301081e+01
7.387835072818234039e+01
7.404215046749285989e+01
7.420595055599054035e+01
7.436975098122121608e+01
7.453355173117446952e+01
7.469735279426777197e+01
7.486115415933124950e+01
7.502495581559296056e+01
7.518875775266494088e+01
7.535255996052939054e+01
7.551636242952551470e+01
7.568016515033684755e+01
7.584396811397905935e+01
7.600777131178807622e+01
7.617157473540865453e+01
7.633537837678346705e+01
7.649918222814247315e+01
7.666298628199263021e+01
7.682679053110817335e+01
7.699059496852083839e+01
7.715439958751107952e+01
7.731820438159880382e+01
7.748200934453515742e+01
7.764581447029408423e+01
7.780961975306448153e+01
7.797342518724261140e+01
7.813723076742451212e+01
7.830103648839903485e+01
7.846484234514093714e+01
7.862864833280426069e+01
7.879245444671590803e+01
7.895626068236956030e+01
7.912006703541965180e+01
7.928387350167565728e+01
7.944768007709649282e+01
7.961148675778548522e+01
7.977529353998477291e+01
7.993910042007075845e+01
8.010290739454907794e+01
8.026671446004999666e+01
8.043052161332423111e+01
8.059432885123823098e+01
8.075813617077045592e+01
8.092194356900708385e+01
8.108575104313842985e+01
8.124955859045488182e+01
8.141336620834371729e+01
8.157717389428532329e+01
8.174098164585021209e+01
8.190478946069544008e+01
8.206859733656170874e+01
8.223240527127046562e+01
8.239621326272086321e+01
8.256002130888700208e+01
8.272382940781534444e+01
8.288763755762209939e+01
8.305144575649069338e+01
8.321525400266941119e+01
8.337906229446915063e+01
8.354287063026092142e+01
8.370667900847402620e+01
8.387048742759387210e+01
8.403429588615978219e+01
8.419810438276340392e+01
8.436191291604654907e+01
8.452572148469948843e+01
8.468953008745941702e+01
8.485333872310840775e+01
8.501714739047218927e+01
8.518095608841829858e+01
8.534476481585477359e+01
8.550857357172858997e+01
8.567238235502435373e+01
8.583619116476288013e+01
8.600000000000000000e+01
