-8.626429116405363118e+01
-8.535672392480555004e+01
-8.445814249980745103e+01
-8.356845792060141775e+01
-8.268758209960535055e+01
-8.181542782139142389e+01
-8.095190873405090315e+01
-8.009693934064445386e+01
-7.925043499073707665e+01
-7.841231187201690034e+01
-7.758248700199692394e+01
-7.676087821979892567e+01
-7.594740417801872923e+01
-7.514198433467200289e+01
-7.434453894521979578e+01
-7.355498905467305804e+01
-7.277325648977529227e+01
-7.199926385126265416e+01
-7.123293450620063538e+01
-7.047419258039666090e+01
-6.972296295088777640e+01
-6.897917123850274379e+01
-6.824274380049776312e+01
-6.751360772326511039e+01
-6.679169081511396655e+01
-6.607692159912274121e+01
-6.536922930606212390e+01
-6.466854386738825156e+01
-6.397479590830520380e+01
-6.328791674089625019e+01
-6.260783835732302549e+01
-6.193449342309210692e+01
-6.126781527038822617e+01
-6.060773789147349078e+01
-5.995419593215196841e+01
-5.930712468529897308e+01
-5.866646008445442106e+01
-5.803213869747961695e+01
-5.740409772027683744e+01
-5.678227497057111606e+01
-5.616660888175356803e+01
-5.555703849678570094e+01
-5.495350346216405057e+01
-5.435594402194459462e+01
-5.376430101182631915e+01
-5.317851585329337638e+01
-5.259853054781521564e+01
-5.202428767110416885e+01
-5.145573036742986517e+01
-5.089280234398996328e+01
-5.033544786533659732e+01
-4.978361174785801779e+01
-4.923723935431487320e+01
-4.869627658843057105e+01
-4.816066988953522099e+01
-4.763036622726259850e+01
-4.710531309629960361e+01
-4.658545851118772418e+01
-4.607075100117596378e+01
-4.556113960512471550e+01
-4.505657386646011275e+01
-4.455700382817833116e+01
-4.406238002789933716e+01
-4.357265349296964274e+01
-4.308777573561351204e+01
-4.260769874813219360e+01
-4.213237499815068787e+01
-4.166175742391157399e+01
-4.119579942961541974e+01
-4.073445488080734833e+01
-4.027767809980925762e+01
-3.982542386119728661e+01
-3.937764738732404624e+01
-3.893430434388519501e+01
-3.849535083552989789e+01
-3.806074340151474900e+01
-3.763043901140073899e+01
-3.720439506079280534e+01
-3.678256936712158165e+01
-3.636492016546690564e+01
-3.595140610442267359e+01
-3.554198624200264334e+01
-3.513662004158677377e+01
-3.473526736790769576e+01
-3.433788848307692376e+01
-3.394444404265041726e+01
-3.355489509173308704e+01
-3.316920306112186978e+01
-3.278732976348700134e+01
-3.240923738959109102e+01
-3.203488850454563419e+01
-3.166424604410458699e+01
-3.129727331099464038e+01
-3.093393397128182087e+01
-3.057419205077408009e+01
-3.021801193145948616e+01
-2.986535834797969002e+01
-2.951619638413830771e+01
-2.917049146944387061e+01
-2.882820937568700259e+01
-2.848931621355148991e+01
-2.815377842925890306e+01
-2.782156280124643999e+01
-2.749263643687766390e+01
-2.716696676918580522e+01
-2.684452155364931158e+01
-2.652526886499931891e+01
-2.620917709405873097e+01
-2.589621494461260554e+01
-2.558635143030950942e+01
-2.527955587159357265e+01
-2.497579789266690398e+01
-2.467504741848208383e+01
-2.437727467176443952e+01
-2.408245017006380095e+01
-2.379054472283544541e+01
-2.350152942854994365e+01
-2.321537567183162665e+01
-2.293205512062537110e+01
-2.265153972339145483e+01
-2.237380170632817311e+01
-2.209881357062195306e+01
-2.182654808972470661e+01
-2.155697830665812731e+01
-2.129007753134468217e+01
-2.102581933796503222e+01
-2.076417756234161516e+01
-2.050512629934813447e+01
-2.024863990034468841e+01
-1.999469297063830453e+01
-1.974326036696861664e+01
-1.949431719501843219e+01
-1.924783880694894123e+01
-1.900380079895934671e+01
-1.876217900887063905e+01
-1.852294951373330534e+01
-1.828608862745871733e+01
-1.805157289847397806e+01
-1.781937910739997832e+01
-1.758948426475245341e+01
-1.736186560866579498e+01
-1.713650060263940134e+01
-1.691336693330633878e+01
-1.669244250822409725e+01
-1.647370545368722361e+01
-1.625713411256160512e+01
-1.604270704214020071e+01
-1.583040301201999966e+01
-1.562020100199999995e+01
-1.541208020000000012e+01
-1.520602000000000054e+01
-1.500200000000000067e+01
-1.480000000000000071e+01
-1.460000000000000142e+01
-1.440000000000000036e+01
-1.420000000000000107e+01
-1.400000000000000000e+01
-1.380000000000000071e+01
-1.360000000000000142e+01
-1.340000000000000036e+01
-1.320000000000000107e+01
-1.300000000000000000e+01
-1.280000000000000071e+01
-1.260000000000000142e+01
-1.240000000000000036e+01
-1.220000000000000107e+01
-1.200000000000000000e+01
-1.180000000000000071e+01
-1.160000000000000142e+01
-1.140000000000000036e+01
-1.120000000000000107e+01
-1.100000000000000000e+01
-1.080000000000000071e+01
-1.060000000000000142e+01
-1.040000000000000036e+01
-1.020000000000000107e+01
-1.000000000000000000e+01
-9.800000000000000711e+00
-9.600000000000001421e+00
-9.400000000000000355e+00
-9.200000000000001066e+00
-9.000000000000000000e+00
-8.800000000000000711e+00
-8.599999999999999645e+00
-8.400000000000000355e+00
-8.200000000000001066e+00
-8.000000000000000000e+00
-7.800000000000000711e+00
-7.600000000000000533e+00
-7.400000000000000355e+00
-7.200000000000000178e+00
-7.000000000000000000e+00
-6.800000000000000711e+00
-6.600000000000000533e+00
-6.400000000000000355e+00
-6.200000000000000178e+00
-6.000000000000000000e+00
-5.800000000000000711e+00
-5.600000000000000533e+00
-5.400000000000000355e+00
-5.200000000000000178e+00
-5.000000000000000000e+00
-4.800000000000000711e+00
-4.600000000000000533e+00
-4.400000000000000355e+00
-4.200000000000000178e+00
-4.000000000000000000e+00
-3.800000000000000266e+00
-3.600000000000000089e+00
-3.400000000000000355e+00
-3.200000000000000178e+00
-3.000000000000000000e+00
-2.800000000000000266e+00
-2.600000000000000089e+00
-2.400000000000000355e+00
-2.200000000000000178e+00
-2.000000000000000000e+00
-1.800000000000000044e+00
-1.600000000000000089e+00
-1.400000000000000133e+00
-1.200000000000000178e+00
-1.000000000000000000e+00
-8.000000000000000444e-01
-6.000000000000000888e-01
-4.000000000000000222e-01
-2.000000000000000111e-01
0.000000000000000000e+00
2.000000000000000111e-01
4.000000000000000222e-01
6.000000000000000888e-01
8.000000000000000444e-01
1.000000000000000000e+00
1.200000000000000178e+00
1.400000000000000133e+00
1.600000000000000089e+00
1.800000000000000044e+00
2.000000000000000000e+00
2.200000000000000178e+00
2.400000000000000355e+00
2.600000000000000089e+00
2.800000000000000266e+00
3.000000000000000000e+00
3.200000000000000178e+00
3.400000000000000355e+00
3.600000000000000089e+00
3.800000000000000266e+00
4.000000000000000000e+00
4.200000000000000178e+00
4.400000000000000355e+00
4.600000000000000533e+00
4.800000000000000711e+00
5.000000000000000000e+00
5.200000000000000178e+00
5.400000000000000355e+00
5.600000000000000533e+00
5.800000000000000711e+00
6.000000000000000000e+00
6.200000000000000178e+00
6.400000000000000355e+00
6.600000000000000533e+00
6.800000000000000711e+00
7.000000000000000000e+00
7.200000000000000178e+00
7.400000000000000355e+00
7.600000000000000533e+00
7.800000000000000711e+00
8.000000000000000000e+00
8.200000000000001066e+00
8.400000000000000355e+00
8.599999999999999645e+00
8.800000000000000711e+00
9.000000000000000000e+00
9.200000000000001066e+00
9.400000000000000355e+00
9.600000000000001421e+00
9.800000000000000711e+00
1.000000000000000000e+01
1.020000000000000107e+01
1.040000000000000036e+01
1.060000000000000142e+01
1.080000000000000071e+01
1.100000000000000000e+01
1.120000000000000107e+01
1.140000000000000036e+01
1.160000000000000142e+01
1.180000000000000071e+01
1.200000000000000000e+01
1.220000000000000107e+01
1.240000000000000036e+01
1.260000000000000142e+01
1.280000000000000071e+01
1.300000000000000000e+01
1.320000000000000107e+01
1.340000000000000036e+01
1.360000000000000142e+01
1.380000000000000071e+01
1.400000000000000000e+01
1.420000000000000107e+01
1.440000000000000036e+01
1.460000000000000142e+01
1.480000000000000071e+01
1.500200000000000067e+01
1.520602000000000054e+01
1.541208020000000012e+01
1.562020100199999995e+01
1.583040301201999966e+01
1.604270704214020071e+01
1.625713411256160512e+01
1.647370545368722361e+01
1.669244250822409725e+01
1.691336693330633878e+01
1.713650060263940134e+01
1.736186560866579498e+01
1.758948426475245341e+01
1.781937910739997832e+01
1.805157289847397806e+01
1.828608862745871733e+01
1.852294951373330534e+01
1.876217900887063905e+01
1.900380079895934671e+01
1.924783880694894123e+01
1.949431719501843219e+01
1.974326036696861664e+01
1.999469297063830453e+01
2.024863990034468841e+01
2.050512629934813447e+01
2.076417756234161516e+01
2.102581933796503222e+01
2.129007753134468217e+01
2.155697830665812731e+01
2.182654808972470661e+01
2.209881357062195306e+01
2.237380170632817311e+01
2.265153972339145483e+01
2.293205512062537110e+01
2.321537567183162665e+01
2.350152942854994365e+01
2.379054472283544541e+01
2.408245017006380095e+01
2.437727467176443952e+01
2.467504741848208383e+01
2.497579789266690398e+01
2.527955587159357265e+01
2.558635143030950942e+01
2.589621494461260554e+01
2.620917709405873097e+01
2.652526886499931891e+01
2.684452155364931158e+01
2.716696676918580522e+01
2.749263643687766390e+01
2.782156280124643999e+01
2.815377842925890306e+01
2.848931621355148991e+01
2.882820937568700259e+01
2.917049146944387061e+01
2.951619638413830771e+01
2.986535834797969002e+01
3.021801193145948616e+01
3.057419205077408009e+01
3.093393397128182087e+01
3.129727331099464038e+01
3.166424604410458699e+01
3.203488850454563419e+01
3.240923738959109102e+01
3.278732976348700134e+01
3.316920306112186978e+01
3.355489509173308704e+01
3.394444404265041726e+01
3.433788848307692376e+01
3.473526736790769576e+01
3.513662004158677377e+01
3.554198624200264334e+01
3.595140610442267359e+01
3.636492016546690564e+01
3.678256936712158165e+01
3.720439506079280534e+01
3.763043901140073899e+01
3.806074340151474900e+01
3.849535083552989789e+01
3.893430434388519501e+01
3.937764738732404624e+01
3.982542386119728661e+01
4.027767809980925762e+01
4.073445488080734833e+01
4.119579942961541974e+01
4.166175742391157399e+01
4.213237499815068787e+01
4.260769874813219360e+01
4.308777573561351204e+01
4.357265349296964274e+01
4.406238002789933716e+01
4.455700382817833116e+01
4.505657386646011275e+01
4.556113960512471550e+01
4.607075100117596378e+01
4.658545851118772418e+01
4.710531309629960361e+01
4.763036622726259850e+01
4.816066988953522099e+01
4.869627658843057105e+01
4.923723935431487320e+01
4.978361174785801779e+01
5.033544786533659732e+01
5.089280234398996328e+01
5.145573036742986517e+01
5.202428767110416885e+01
5.259853054781521564e+01
5.317851585329337638e+01
5.376430101182631915e+01
5.435594402194459462e+01
5.495350346216405057e+01
5.555703849678570094e+01
5.616660888175356803e+01
5.678227497057111606e+01
5.740409772027683744e+01
5.803213869747961695e+01
5.866646008445442106e+01
5.930712468529897308e+01
5.995419593215196841e+01
6.060773789147349078e+01
6.126781527038822617e+01
6.193449342309210692e+01
6.260783835732302549e+01
6.328791674089625019e+01
6.397479590830520380e+01
6.466854386738825156e+01
6.536922930606212390e+01
6.607692159912274121e+01
6.679169081511396655e+01
6.751360772326511039e+01
6.824274380049776312e+01
6.897917123850274379e+01
6.972296295088777640e+01
7.047419258039666090e+01
7.123293450620063538e+01
7.199926385126265416e+01
7.277325648977529227e+01
7.355498905467305804e+01
7.434453894521979578e+01
7.514198433467200289e+01
7.594740417801872923e+01
7.676087821979892567e+01
7.758248700199692394e+01
7.841231187201690034e+01
7.925043499073707665e+01
8.009693934064445386e+01
8.095190873405090315e+01
8.181542782139142389e+01
8.268758209960535055e+01
8.356845792060141775e+01
8.445814249980745103e+01
8.535672392480555004e+01
8.626429116405363118e+01
