-8.600000000000000000e+01
-8.549150164660052553e+01
-8.498301750248654685e+01
-8.447454959254976359e+01
-8.396610022994708800e+01
-8.345767205704932223e+01
-8.294926809217950847e+01
-8.244089178295095621e+01
-8.193254706712667712e+01
-8.142423844204596151e+01
-8.091597104380615235e+01
-8.040775073754596747e+01
-7.989958422035552132e+01
-7.939147913853814487e+01
-7.888344422117168619e+01
-7.837548943216557973e+01
-7.786762614328422671e+01
-7.735986733090859957e+01
-7.685222779963942230e+01
-7.634472443620188642e+01
-7.583737649749633647e+01
-7.533020593704640078e+01
-7.482323777451892965e+01
-7.431650051342083430e+01
-7.381002661250374786e+01
-7.330385301680534837e+01
-7.279802175460402225e+01
-7.229258060682103348e+01
-7.178758385552600885e+01
-7.128309311812252247e+01
-7.077917827343065937e+01
-7.027591848514160233e+01
-6.977340332686617330e+01
-6.927173401108194639e+01
-6.877102472151824486e+01
-6.827140404468784141e+01
-6.777301649114214399e+01
-6.727602409033147524e+01
-6.678060803443892723e+01
-6.628697033598899679e+01
-6.579533545125126182e+01
-6.530595180642660580e+01
-6.481909314649095677e+01
-6.433505960785653599e+01
-6.385417839659415051e+01
-6.337680393527909928e+01
-6.290331732566480838e+01
-6.243412496413158408e+01
-6.196965614563521285e+01
-6.151035950358475901e+01
-6.105669816165986674e+01
-6.060914352240041580e+01
-6.016816768838037888e+01
-5.973423460435606813e+01
-5.930779011895324260e+01
-5.888925128411743515e+01
-5.847899532746293261e+01
-5.807734883139722371e+01
-5.768457771686557578e+01
-5.730087864389878405e+01
-5.692637239606483490e+01
-5.656109970961070132e+01
-5.620501984828942454e+01
-5.585801202853298975e+01
-5.551987959031061592e+01
-5.519035661267704285e+01
-5.486911651322478178e+01
-5.455578206433951038e+01
-5.424993621407574551e+01
-5.395113311380771393e+01
-5.365890881877908214e+01
-5.337279122641588458e+01
-5.309230893417826991e+01
-5.281699881838656552e+01
-5.254641224563169999e+01
-5.228011992095791527e+01
-5.201771544798489089e+01
-5.175881772495917943e+01
-5.150307232930553170e+01
-5.125015205495310511e+01
-5.099975676548968551e+01
-5.075161271593933776e+01
-5.050547148010119258e+01
-5.026110860170565786e+01
-5.001832206822824389e+01
-4.977693068748587280e+01
-4.953677243002818642e+01
-4.929770278530381233e+01
-4.905959316679997073e+01
-4.882232939078733125e+01
-4.858581024478827715e+01
-4.834994615519207173e+01
-4.811465795830748959e+01
-4.787987577531441019e+01
-4.764553798880933755e+01
-4.741159031672258806e+01
-4.717798497813289060e+01
-4.694467994476190853e+01
-4.671163827157192827e+01
-4.647882749981133088e+01
-4.624621912597316964e+01
-4.601378813039065818e+01
-4.578151255954010423e+01
-4.554937315652118457e+01
-4.531735303460874320e+01
-4.508543738920202060e+01
-4.485361324392005145e+01
-4.462186922699842739e+01
-4.439019537452772113e+01
-4.415858295743009165e+01
-4.392702432940220802e+01
-4.369551279335393446e+01
-4.346404248414657445e+01
-4.323260826568277793e+01
-4.300120564062325457e+01
-4.276983067120500692e+01
-4.253847990981466864e+01
-4.230715033812927572e+01
-4.207583931377798336e+01
-4.184454452360387222e+01
-4.161326394271527107e+01
-4.138199579861445443e+01
-4.115073853977789042e+01
-4.091949080813847672e+01
-4.068825141498729181e+01
-4.045701931987176891e+01
-4.022579361211889903e+01
-3.999457349465787104e+01
-3.976335826985680910e+01
-3.953214732712349644e+01
-3.930094013205057735e+01
-3.906973621691350473e+01
-3.883853517235273500e+01
-3.860733664009266874e+01
-3.837614030656868636e+01
-3.814494589734859176e+01
-3.791375317224989772e+01
-3.768256192106618840e+01
-3.745137195982646716e+01
-3.722018312752118163e+01
-3.698899528323676122e+01
-3.675780830364764995e+01
-3.652662208082124096e+01
-3.629543652029676792e+01
-3.606425153940387673e+01
-3.583306706579107725e+01
-3.560188303613782068e+01
-3.537069939502726612e+01
-3.513951609395981279e+01
-3.490833309048971955e+01
-3.467715034746940006e+01
-3.444596783238818460e+01
-3.421478551679349067e+01
-3.398360337578434098e+01
-3.375242138756794219e+01
-3.352123953307184934e+01
-3.329005779560431222e+01
-3.305887616055710509e+01
-3.282769461514551068e+01
-3.259651314818065515e+01
-3.236533174987033590e+01
-3.213415041164464725e+01
-3.190296912600347667e+01
-3.167178788638287301e+01
-3.144060668703824746e+01
-3.120942552294209804e+01
-3.097824438969448835e+01
-3.074706328344468886e+01
-3.051588220082267355e+01
-3.028470113887906479e+01
-3.005352009503263133e+01
-2.982233906702438020e+01
-2.959115805287728307e+01
-2.935997705086110443e+01
-2.912879605946155692e+01
-2.889761507735344281e+01
-2.866643410337692188e+01
-2.843525313651694120e+01
-2.820407217588518023e+01
-2.797289122070420575e+01
-2.774171027029358783e+01
-2.751052932405788454e+01
-2.727934838147593410e+01
-2.704816744209167467e+01
-2.681698650550591623e+01
-2.658580557136934885e+01
-2.635462463937626865e+01
-2.612344370925907100e+01
-2.589226278078361076e+01
-2.566108185374497452e+01
-2.542990092796378576e+01
-2.519872000328309269e+01
-2.496753907956551899e+01
-2.473635815669083371e+01
-2.450517723455384811e+01
-2.427399631306245453e+01
-2.404281539213607743e+01
-2.381163447170417413e+01
-2.358045355170503399e+01
-2.334927263208463444e+01
-2.311809171279568886e+01
-2.288691079379683657e+01
-2.265572987505184699e+01
-2.242454895652905833e+01
-2.219336803820072390e+01
-2.196218712004254314e+01
-2.173100620203332767e+01
-2.149982528415443994e+01
-2.126864436638962275e+01
-2.103746344872466523e+01
-2.080628253114704762e+01
-2.057510161364592705e+01
-2.034392069621171117e+01
-2.011273977883605824e+01
-1.988155886151166385e+01
-1.965037794423211892e+01
-1.941919702699185279e+01
-1.918801610978593430e+01
-1.895683519261008598e+01
-1.872565427546055616e+01
-1.849447335833406214e+01
-1.826329244122773332e+01
-1.803211152413901175e+01
-1.780093060706575159e+01
-1.756974969000600595e+01
-1.733856877295806953e+01
-1.710738785592049283e+01
-1.687620693889196843e+01
-1.664502602187137370e+01
-1.641384510485771386e+01
-1.618266418785013627e+01
-1.595148327084787354e+01
-1.572030235385022934e+01
-1.548912143685667786e+01
-1.525794051986669331e+01
-1.502675960287980672e+01
-1.479557868589566283e+01
-1.456439776891392057e+01
-1.433321685193423889e+01
-1.410203593495639041e+01
-1.387085501798014775e+01
-1.363967410100532618e+01
-1.340849318403169832e+01
-1.317731226705915049e+01
-1.294613135008754057e+01
-1.271495043311675488e+01
-1.248376951614667973e+01
-1.225258859917725829e+01
-1.202140768220836264e+01
-1.179022676523995017e+01
-1.155904584827196402e+01
-1.132786493130434735e+01
-1.109668401433705753e+01
-1.086550309737005193e+01
-1.063432218040330213e+01
-1.040314126343675127e+01
-1.017196034647039937e+01
-9.940779429504203790e+00
-9.709598512538164528e+00
-9.478417595572253163e+00
-9.247236678606455484e+00
-9.016055761640743071e+00
-8.784874844675130134e+00
-8.553693927709588252e+00
-8.322513010744117423e+00
-8.091332093778689227e+00
-7.860151176813317875e+00
-7.628970259847989155e+00
-7.397789342882703068e+00
-7.166608425917431191e+00
-6.935427508952201947e+00
-6.704246591986986914e+00
-6.473065675021814513e+00
-6.241884758056656324e+00
-6.010703841091512345e+00
-5.779522924126382577e+00
-5.548342007161267020e+00
-5.317161090196165674e+00
-5.085980173231050117e+00
-4.854799256265962981e+00
-4.623618339300890057e+00
-4.392437422335817132e+00
-4.161256505370758418e+00
-3.930075588405699705e+00
-3.698894671440640991e+00
-3.467713754475596488e+00
-3.236532837510551985e+00
-3.005351920545507483e+00
-2.774171003580448769e+00
-2.542990086615404266e+00
-2.311809169650373974e+00
-2.080628252685329471e+00
-1.849447335720299179e+00
-1.618266418755283098e+00
-1.387085501790224384e+00
-1.155904584825194092e+00
-9.247236678601638005e-01
-6.935427508951335085e-01
-4.623618339301032165e-01
-2.311809169650729245e-01
-5.684341886080801487e-14
2.311809169649876594e-01
4.623618339300179514e-01
6.935427508950340325e-01
9.247236678600501136e-01
1.155904584825080406e+00
1.387085501790110698e+00
1.618266418755155200e+00
1.849447335720199703e+00
2.080628252685229995e+00
2.311809169650274498e+00
2.542990086615304790e+00
2.774171003580349293e+00
3.005351920545393796e+00
3.236532837510424088e+00
3.467713754475482801e+00
3.698894671440541515e+00
3.930075588405586018e+00
4.161256505370644732e+00
4.392437422335717656e+00
4.623618339300790581e+00
4.854799256265877716e+00
5.085980173230964851e+00
5.317161090196051987e+00
5.548342007161167544e+00
5.779522924126297312e+00
6.010703841091412869e+00
6.241884758056556848e+00
6.473065675021729248e+00
6.704246591986901649e+00
6.935427508952116682e+00
7.166608425917345926e+00
7.397789342882589381e+00
7.628970259847889679e+00
7.860151176813218399e+00
8.091332093778603962e+00
8.322513010744017947e+00
8.553693927709502987e+00
8.784874844675059080e+00
9.016055761640686228e+00
9.247236678606370219e+00
9.478417595572196319e+00
9.709598512538121895e+00
9.940779429504146947e+00
1.017196034647035674e+01
1.040314126343669443e+01
1.063432218040323107e+01
1.086550309737000930e+01
1.109668401433702911e+01
1.132786493130430472e+01
1.155904584827192139e+01
1.179022676523990754e+01
1.202140768220829159e+01
1.225258859917720144e+01
1.248376951614663710e+01
1.271495043311669804e+01
1.294613135008748372e+01
1.317731226705909364e+01
1.340849318403161305e+01
1.363967410100524091e+01
1.387085501798009091e+01
1.410203593495633356e+01
1.433321685193418205e+01
1.456439776891384952e+01
1.479557868589560599e+01
1.502675960287976409e+01
1.525794051986663646e+01
1.548912143685663523e+01
1.572030235385018671e+01
1.595148327084781670e+01
1.618266418785009364e+01
1.641384510485768544e+01
1.664502602187133107e+01
1.687620693889194001e+01
1.710738785592045019e+01
1.733856877295802690e+01
1.756974969000594911e+01
1.780093060706569474e+01
1.803211152413896912e+01
1.826329244122767648e+01
1.849447335833401951e+01
1.872565427546049932e+01
1.895683519261004335e+01
1.918801610978589167e+01
1.941919702699178174e+01
1.965037794423207629e+01
1.988155886151162122e+01
2.011273977883598718e+01
2.034392069621165433e+01
2.057510161364585599e+01
2.080628253114699078e+01
2.103746344872457996e+01
2.126864436638955169e+01
2.149982528415435468e+01
2.173100620203324240e+01
2.196218712004245788e+01
2.219336803820063153e+01
2.242454895652896596e+01
2.265572987505173330e+01
2.288691079379671578e+01
2.311809171279557518e+01
2.334927263208450654e+01
2.358045355170492030e+01
2.381163447170406755e+01
2.404281539213593533e+01
2.427399631306231242e+01
2.450517723455374153e+01
2.473635815669071292e+01
2.496753907956539820e+01
2.519872000328295769e+01
2.542990092796364365e+01
2.566108185374484663e+01
2.589226278078349708e+01
2.612344370925895021e+01
2.635462463937614075e+01
2.658580557136924938e+01
2.681698650550579544e+01
2.704816744209155388e+01
2.727934838147582752e+01
2.751052932405777085e+01
2.774171027029349546e+01
2.797289122070411338e+01
2.820407217588508786e+01
2.843525313651684883e+01
2.866643410337680109e+01
2.889761507735333623e+01
2.912879605946146455e+01
2.935997705086100495e+01
2.959115805287719070e+01
2.982233906702430204e+01
3.005352009503256738e+01
3.028470113887900084e+01
3.051588220082261671e+01
3.074706328344463202e+01
3.097824438969443861e+01
3.120942552294204120e+01
3.144060668703819772e+01
3.167178788638281617e+01
3.190296912600345536e+01
3.213415041164459751e+01
3.236533174987030748e+01
3.259651314818060541e+01
3.282769461514546094e+01
3.305887616055706246e+01
3.329005779560425538e+01
3.352123953307177828e+01
3.375242138756787824e+01
3.398360337578424151e+01
3.421478551679342672e+01
3.444596783238810644e+01
3.467715034746932190e+01
3.490833309048964850e+01
3.513951609395975595e+01
3.537069939502718796e+01
3.560188303613774963e+01
3.583306706579101331e+01
3.606425153940378436e+01
3.629543652029668976e+01
3.652662208082116990e+01
3.675780830364756468e+01
3.698899528323670438e+01
3.722018312752111058e+01
3.745137195982640321e+01
3.768256192106613867e+01
3.791375317224985508e+01
3.814494589734853491e+01
3.837614030656864372e+01
3.860733664009264032e+01
3.883853517235269237e+01
3.906973621691349763e+01
3.930094013205055603e+01
3.953214732712346802e+01
3.976335826985679489e+01
3.999457349465781419e+01
4.022579361211886351e+01
4.045701931987173339e+01
4.068825141498726339e+01
4.091949080813844830e+01
4.115073853977789042e+01
4.138199579861442601e+01
4.161326394271524975e+01
4.184454452360384380e+01
4.207583931377794784e+01
4.230715033812924730e+01
4.253847990981466864e+01
4.276983067120499982e+01
4.300120564062322615e+01
4.323260826568275661e+01
4.346404248414654603e+01
4.369551279335394156e+01
4.392702432940220092e+01
4.415858295743009876e+01
4.439019537452773534e+01
4.462186922699845582e+01
4.485361324392005145e+01
4.508543738920204191e+01
4.531735303460877162e+01
4.554937315652119878e+01
4.578151255954011845e+01
4.601378813039065108e+01
4.624621912597316964e+01
4.647882749981133088e+01
4.671163827157192827e+01
4.694467994476190142e+01
4.717798497813291192e+01
4.741159031672259516e+01
4.764553798880936597e+01
4.787987577531444572e+01
4.811465795830750380e+01
4.834994615519207173e+01
4.858581024478829136e+01
4.882232939078733125e+01
4.905959316679997073e+01
4.929770278530381233e+01
4.953677243002817931e+01
4.977693068748587280e+01
5.001832206822825810e+01
5.026110860170567207e+01
5.050547148010122100e+01
5.075161271593938750e+01
5.099975676548970682e+01
5.125015205495313353e+01
5.150307232930555301e+01
5.175881772495921496e+01
5.201771544798489799e+01
5.228011992095795790e+01
5.254641224563172841e+01
5.281699881838656552e+01
5.309230893417827701e+01
5.337279122641589879e+01
5.365890881877908214e+01
5.395113311380771393e+01
5.424993621407577393e+01
5.455578206433955302e+01
5.486911651322478178e+01
5.519035661267704995e+01
5.551987959031063724e+01
5.585801202853301106e+01
5.620501984828942454e+01
5.656109970961074396e+01
5.692637239606483490e+01
5.730087864389881247e+01
5.768457771686564683e+01
5.807734883139727344e+01
5.847899532746302498e+01
5.888925128411750620e+01
5.930779011895327812e+01
5.973423460435611787e+01
6.016816768838043572e+01
6.060914352240047265e+01
6.105669816165993780e+01
6.151035950358482296e+01
6.196965614563526970e+01
6.243412496413165513e+01
6.290331732566485812e+01
6.337680393527915612e+01
6.385417839659422157e+01
6.433505960785655020e+01
6.481909314649098519e+01
6.530595180642669106e+01
6.579533545125130445e+01
6.628697033598905364e+01
6.678060803443901250e+01
6.727602409033150366e+01
6.777301649114218662e+01
6.827140404468792667e+01
6.877102472151827328e+01
6.927173401108197481e+01
6.977340332686620172e+01
7.027591848514160233e+01
7.077917827343068780e+01
7.128309311812256510e+01
7.178758385552603727e+01
7.229258060682104770e+01
7.279802175460403646e+01
7.330385301680539101e+01
7.381002661250374786e+01
7.431650051342083430e+01
7.482323777451892965e+01
7.533020593704642920e+01
7.583737649749633647e+01
7.634472443620191484e+01
7.685222779963947914e+01
7.735986733090859957e+01
7.786762614328424092e+01
7.837548943216563657e+01
7.888344422117171462e+01
7.939147913853815908e+01
7.989958422035553554e+01
8.040775073754596747e+01
8.091597104380619498e+01
8.142423844204600414e+01
8.193254706712667712e+01
8.244089178295098463e+01
8.294926809217955110e+01
8.345767205704933644e+01
8.396610022994710221e+01
8.447454959254980622e+01
8.498301750248657527e+01
8.549150164660056817e+01
8.600000000000000000e+01
