-8.600000000000000000e+01
-8.560980036297961249e+01
-8.521960072595987867e+01
-8.482940108894094067e+01
-8.443920145192292637e+01
-8.404900181490602051e+01
-8.365880217789039364e+01
-8.326860254087627311e+01
-8.287840290386395736e+01
-8.248820326685375903e+01
-8.209800362984603339e+01
-8.170780399284123519e+01
-8.131760435583990443e+01
-8.092740471884262377e+01
-8.053720508185014637e+01
-8.014700544486331069e+01
-7.975680580788313989e+01
-7.936660617091081349e+01
-7.897640653394772414e+01
-7.858620689699554873e+01
-7.819600726005619151e+01
-7.780580762313198306e+01
-7.741560798622559503e+01
-7.702540834934022485e+01
-7.663520871247963839e+01
-7.624500907564819840e+01
-7.585480943885119132e+01
-7.546460980209468516e+01
-7.507441016538594170e+01
-7.468421052873348742e+01
-7.429401089214736942e+01
-7.390381125563939690e+01
-7.351361161922355336e+01
-7.312341198291625233e+01
-7.273321234673687741e+01
-7.234301271070826544e+01
-7.195281307485730338e+01
-7.156261343921568141e+01
-7.117241380382080251e+01
-7.078221416871666349e+01
-7.039201453395514818e+01
-7.000181489959742009e+01
-6.961161526571549985e+01
-6.922141563239435413e+01
-6.883121599973399896e+01
-6.844101636785238441e+01
-6.805081673688847843e+01
-6.766061710700604692e+01
-6.727041747839808750e+01
-6.688021785129201646e+01
-6.649001822595587896e+01
-6.609981860270551124e+01
-6.570961898191312400e+01
-6.531941936401736370e+01
-6.492921974953516440e+01
-6.453902013907564594e+01
-6.414882053335671230e+01
-6.375862093322429303e+01
-6.336842133967539326e+01
-6.297822175388481014e+01
-6.258802217723707884e+01
-6.219782261136375467e+01
-6.180762305818759472e+01
-6.141742351997446292e+01
-6.102722399939455755e+01
-6.063702449959460239e+01
-6.024682502428287023e+01
-5.985662557782936233e+01
-5.946642616538396453e+01
-5.907622679301553603e+01
-5.868602746787596658e+01
-5.829582819839342278e+01
-5.790562899450006284e+01
-5.751542986790055068e+01
-5.712523083238816923e+01
-5.673503190421774889e+01
-5.634483310254471178e+01
-5.595463444994285851e+01
-5.556443597301428383e+01
-5.517423770310823272e+01
-5.478403967716816680e+01
-5.439384193873006268e+01
-5.400364453909877227e+01
-5.361344753873427749e+01
-5.322325100888534166e+01
-5.283305503351450483e+01
-5.244285971156669035e+01
-5.205266515964230223e+01
-5.166247151514748737e+01
-5.127227894000593267e+01
-5.088208762503316507e+01
-5.049189779509056564e+01
-5.010170971515889704e+01
-4.971152369749440680e+01
-4.932134011006110796e+01
-4.893115938646580076e+01
-4.854098203766386632e+01
-4.815080866575060980e+01
-4.776063998020914170e+01
-4.737047681705141855e+01
-4.698032016136620115e+01
-4.659017117387849538e+01
-4.620003122223157277e+01
-4.580990191782779419e+01
-4.541978515921073267e+01
-4.502968318314368190e+01
-4.463959862473961238e+01
-4.424953458823408425e+01
-4.385949473026546741e+01
-4.346948335784793471e+01
-4.307950554359327811e+01
-4.268956726116897471e+01
-4.229967554447797795e+01
-4.190983867461925172e+01
-4.152006639934540289e+01
-4.113037019048294951e+01
-4.074076354562865987e+01
-4.035126234138581935e+01
-3.996188524645841511e+01
-3.957265420407295409e+01
-3.918359499443057103e+01
-3.879473788917649557e+01
-3.840611841116085401e+01
-3.801777821397021029e+01
-3.762976609672048056e+01
-3.724213917023882203e+01
-3.685496419078835117e+01
-3.646831907656471117e+01
-3.608229461987473741e+01
-3.569699640360678927e+01
-3.531254692357959613e+01
-3.492908790770609784e+01
-3.454678280756974118e+01
-3.416581941682622414e+01
-3.378641254267180472e+01
-3.340880662054817662e+01
-3.303327811794049040e+01
-3.266013752129949665e+01
-3.228973064323525222e+01
-3.192243893016487988e+01
-3.155867840179124784e+01
-3.119889682514351392e+01
-3.084356873293511825e+01
-3.049318795625641343e+01
-3.014825747150640467e+01
-2.980927657105435458e+01
-2.947672565362147168e+01
-2.915104927184362538e+01
-2.883263842648528197e+01
-2.852181339520781478e+01
-2.821880855593366988e+01
-2.792376064797723245e+01
-2.763670167688441381e+01
-2.735755722750929664e+01
-2.708615037091617239e+01
-2.682221073750235263e+01
-2.656538779396481686e+01
-2.631526699669337432e+01
-2.607138734604752273e+01
-2.583325893068467849e+01
-2.560037928233037263e+01
-2.537224768983790568e+01
-2.514837697592435717e+01
-2.492830256350725193e+01
-2.471158891573941929e+01
-2.449783361100610080e+01
-2.428666941448672389e+01
-2.407776474472245809e+01
-2.387082292434394759e+01
-2.366558056572080204e+01
-2.346180538900126322e+01
-2.325929371228689035e+01
-2.305786779838933143e+01
-2.285737319361347630e+01
-2.265767615298144477e+01
-2.245866121348178979e+01
-2.226022895168065929e+01
-2.206229394332603988e+01
-2.186478292924861933e+01
-2.166763318278214001e+01
-2.147079106809208326e+01
-2.127421077537317728e+01
-2.107785321717733495e+01
-2.088168506963560844e+01
-2.068567794264342297e+01
-2.048980766388919506e+01
-2.029405366271342359e+01
-2.009839844103449025e+01
-1.990282711987170217e+01
-1.970732705126398798e+01
-1.951188748658645977e+01
-1.931649929338071559e+01
-1.912115471382729481e+01
-1.892584715889883284e+01
-1.873057103303889903e+01
-1.853532158492411952e+01
-1.834009478048929509e+01
-1.814488719493816404e+01
-1.794969592093214317e+01
-1.775451849055620812e+01
-1.755935280901078954e+01
-1.736419709827912072e+01
-1.716904984927815292e+01
-1.697390978122119520e+01
-1.677877580710979544e+01
-1.658364700443375739e+01
-1.638852259029508218e+01
-1.619340190029009818e+01
-1.599828437058260988e+01
-1.580316952268717046e+01
-1.560805695055313436e+01
-1.541294630960211975e+01
-1.521783730742374985e+01
-1.502272969587914986e+01
-1.482762326439925005e+01
-1.463251783429720376e+01
-1.443741325394169905e+01
-1.424230939466079349e+01
-1.404720614726581118e+01
-1.385210341910145360e+01
-1.365700113154235851e+01
-1.346189921786893251e+01
-1.326679762146450514e+01
-1.307169629428560143e+01
-1.287659519556378029e+01
-1.268149429070403755e+01
-1.248639355034997322e+01
-1.229129294959059848e+01
-1.209619246728712483e+01
-1.190109208550180142e+01
-1.170599178901316861e+01
-1.151089156490475318e+01
-1.131579140221600710e+01
-1.112069129164612491e+01
-1.092559122530272475e+01
-1.073049119648857186e+01
-1.053539119952058911e+01
-1.034029122957630875e+01
-1.014519128256351621e+01
-9.950091355009661243e+00
-9.754991443968094700e+00
-9.559891546938317219e+00
-9.364791661798548716e+00
-9.169691786748273898e+00
-8.974591920259598510e+00
-8.779492061036066275e+00
-8.584392207977501243e+00
-8.389292360150335526e+00
-8.194192516762385026e+00
-7.999092677141405261e+00
-7.803992840716958312e+00
-7.608893007004994047e+00
-7.413793175594761919e+00
-7.218693346137712297e+00
-7.023593518338060449e+00
-6.828493691944842681e+00
-6.633393866745066703e+00
-6.438294042558027286e+00
-6.243194219230346675e+00
-6.048094396631896075e+00
-5.852994574652257143e+00
-5.657894753197723503e+00
-5.462794932188742791e+00
-5.267695111557884502e+00
-5.072595291247878890e+00
-4.877495471210124833e+00
-4.682395651403425063e+00
-4.487295831792749823e+00
-4.292196012348441059e+00
-4.097096193045317136e+00
-3.901996373861962297e+00
-3.706896554780286124e+00
-3.511796735784855628e+00
-3.316696916862625244e+00
-3.121597098002496296e+00
-2.926497279195075407e+00
-2.731397460432390289e+00
-2.536297641707648154e+00
-2.341197823015107815e+00
-2.146098004349909161e+00
-1.950998185707888410e+00
-1.755898367085549694e+00
-1.560798548479908732e+00
-1.365698729888435992e+00
-1.170598911308971424e+00
-9.754990927397386713e-01
-7.803992741791603294e-01
-5.852994556259005776e-01
-3.901996370789078128e-01
-1.950998185371872751e-01
4.263256414560601115e-14
1.950998185372441185e-01
3.901996370789788671e-01
5.852994556259858427e-01
7.803992741792313836e-01
9.754990927398097256e-01
1.170598911309042478e+00
1.365698729888492835e+00
1.560798548479965575e+00
1.755898367085606537e+00
1.950998185707945254e+00
2.146098004349966004e+00
2.341197823015178869e+00
2.536297641707719208e+00
2.731397460432447133e+00
2.926497279195132251e+00
3.121597098002538928e+00
3.316696916862667877e+00
3.511796735784912471e+00
3.706896554780342967e+00
3.901996373862033352e+00
4.097096193045388191e+00
4.292196012348497902e+00
4.487295831792806666e+00
4.682395651403453485e+00
4.877495471210181677e+00
5.072595291247921523e+00
5.267695111557941345e+00
5.462794932188771213e+00
5.657894753197751925e+00
5.852994574652299775e+00
6.048094396631938707e+00
6.243194219230403519e+00
6.438294042558069918e+00
6.633393866745123546e+00
6.828493691944871102e+00
7.023593518338103081e+00
7.218693346137740718e+00
7.413793175594818763e+00
7.608893007005022469e+00
7.803992840717000945e+00
7.999092677141433683e+00
8.194192516762427658e+00
8.389292360150378158e+00
8.584392207977558087e+00
8.779492061036123118e+00
8.974591920259669564e+00
9.169691786748316531e+00
9.364791661798591349e+00
9.559891546938388274e+00
9.754991443968137332e+00
9.950091355009718086e+00
1.014519128256355884e+01
1.034029122957635138e+01
1.053539119952064596e+01
1.073049119648861449e+01
1.092559122530276738e+01
1.112069129164618175e+01
1.131579140221606394e+01
1.151089156490483845e+01
1.170599178901325388e+01
1.190109208550187248e+01
1.209619246728718167e+01
1.229129294959064111e+01
1.248639355035004428e+01
1.268149429070409440e+01
1.287659519556386556e+01
1.307169629428567248e+01
1.326679762146459041e+01
1.346189921786903199e+01
1.365700113154245798e+01
1.385210341910152465e+01
1.404720614726591066e+01
1.424230939466087875e+01
1.443741325394179853e+01
1.463251783429730324e+01
1.482762326439936373e+01
1.502272969587926355e+01
1.521783730742384932e+01
1.541294630960220502e+01
1.560805695055323383e+01
1.580316952268725572e+01
1.599828437058269515e+01
1.619340190029018345e+01
1.638852259029516745e+01
1.658364700443384265e+01
1.677877580710989491e+01
1.697390978122128047e+01
1.716904984927822397e+01
1.736419709827919178e+01
1.755935280901086060e+01
1.775451849055629339e+01
1.794969592093221422e+01
1.814488719493824931e+01
1.834009478048938035e+01
1.853532158492420479e+01
1.873057103303901272e+01
1.892584715889893232e+01
1.912115471382742271e+01
1.931649929338081506e+01
1.951188748658657346e+01
1.970732705126407325e+01
1.990282711987178743e+01
2.009839844103457551e+01
2.029405366271349465e+01
2.048980766388928032e+01
2.068567794264352244e+01
2.088168506963569371e+01
2.107785321717742022e+01
2.127421077537324834e+01
2.147079106809214011e+01
2.166763318278221107e+01
2.186478292924867617e+01
2.206229394332609672e+01
2.226022895168070193e+01
2.245866121348184663e+01
2.265767615298149451e+01
2.285737319361355446e+01
2.305786779838938116e+01
2.325929371228697562e+01
2.346180538900132717e+01
2.366558056572088731e+01
2.387082292434403996e+01
2.407776474472254336e+01
2.428666941448679495e+01
2.449783361100618606e+01
2.471158891573948324e+01
2.492830256350731588e+01
2.514837697592443533e+01
2.537224768983796253e+01
2.560037928233043658e+01
2.583325893068473533e+01
2.607138734604760089e+01
2.631526699669343827e+01
2.656538779396490213e+01
2.682221073750241658e+01
2.708615037091622924e+01
2.735755722750933217e+01
2.763670167688445645e+01
2.792376064797728930e+01
2.821880855593373383e+01
2.852181339520785741e+01
2.883263842648531750e+01
2.915104927184367511e+01
2.947672565362151431e+01
2.980927657105442563e+01
3.014825747150645441e+01
3.049318795625647738e+01
3.084356873293516799e+01
3.119889682514359208e+01
3.155867840179131179e+01
3.192243893016495804e+01
3.228973064323531617e+01
3.266013752129956060e+01
3.303327811794055435e+01
3.340880662054827610e+01
3.378641254267189709e+01
3.416581941682630941e+01
3.454678280756982645e+01
3.492908790770617600e+01
3.531254692357968850e+01
3.569699640360686033e+01
3.608229461987482978e+01
3.646831907656478222e+01
3.685496419078843644e+01
3.724213917023890019e+01
3.762976609672057293e+01
3.801777821397033108e+01
3.840611841116096059e+01
3.879473788917660215e+01
3.918359499443067762e+01
3.957265420407304646e+01
3.996188524645850748e+01
4.035126234138591883e+01
4.074076354562878066e+01
4.113037019048306320e+01
4.152006639934549526e+01
4.190983867461936541e+01
4.229967554447807743e+01
4.268956726116908840e+01
4.307950554359337048e+01
4.346948335784804840e+01
4.385949473026556689e+01
4.424953458823421215e+01
4.463959862473970475e+01
4.502968318314381690e+01
4.541978515921084636e+01
4.580990191782791499e+01
4.620003122223170067e+01
4.659017117387861617e+01
4.698032016136633615e+01
4.737047681705152513e+01
4.776063998020927670e+01
4.815080866575073060e+01
4.854098203766400843e+01
4.893115938646590735e+01
4.932134011006124297e+01
4.971152369749455602e+01
5.010170971515904625e+01
5.049189779509072196e+01
5.088208762503330718e+01
5.127227894000608899e+01
5.166247151514761526e+01
5.205266515964245855e+01
5.244285971156682535e+01
5.283305503351462562e+01
5.322325100888545535e+01
5.361344753873439117e+01
5.400364453909890017e+01
5.439384193873019058e+01
5.478403967716826628e+01
5.517423770310836062e+01
5.556443597301441173e+01
5.595463444994297220e+01
5.634483310254481125e+01
5.673503190421786258e+01
5.712523083238829713e+01
5.751542986790067857e+01
5.790562899450017653e+01
5.829582819839353647e+01
5.868602746787610158e+01
5.907622679301567814e+01
5.946642616538409243e+01
5.985662557782947601e+01
6.024682502428299813e+01
6.063702449959470187e+01
6.102722399939469256e+01
6.141742351997459082e+01
6.180762305818774394e+01
6.219782261136387547e+01
6.258802217723720673e+01
6.297822175388492383e+01
6.336842133967553536e+01
6.375862093322442092e+01
6.414882053335682599e+01
6.453902013907577384e+01
6.492921974953532072e+01
6.531941936401750581e+01
6.570961898191328032e+01
6.609981860270565335e+01
6.649001822595599265e+01
6.688021785129214436e+01
6.727041747839820118e+01
6.766061710700617482e+01
6.805081673688857791e+01
6.844101636785248388e+01
6.883121599973407001e+01
6.922141563239443940e+01
6.961161526571555669e+01
7.000181489959749115e+01
7.039201453395520502e+01
7.078221416871673455e+01
7.117241380382085936e+01
7.156261343921576668e+01
7.195281307485734601e+01
7.234301271070830808e+01
7.273321234673693425e+01
7.312341198291630917e+01
7.351361161922361021e+01
7.390381125563942533e+01
7.429401089214741205e+01
7.468421052873353005e+01
7.507441016538598433e+01
7.546460980209471359e+01
7.585480943885121974e+01
7.624500907564822683e+01
7.663520871247965260e+01
7.702540834934023906e+01
7.741560798622560924e+01
7.780580762313198306e+01
7.819600726005617730e+01
7.858620689699552031e+01
7.897640653394768151e+01
7.936660617091078507e+01
7.975680580788309726e+01
8.014700544486328226e+01
8.053720508185008953e+01
8.092740471884258113e+01
8.131760435583984759e+01
8.170780399284123519e+01
8.209800362984600497e+01
8.248820326685375903e+01
8.287840290386395736e+01
8.326860254087628732e+01
8.365880217789037943e+01
8.404900181490600630e+01
8.443920145192294058e+01
8.482940108894092646e+01
8.521960072595987867e+01
8.560980036297959828e+01
8.600000000000000000e+01
