-1.290000000000000000e+02
-1.286091616584366477e+02
-1.282183284459345884e+02
-1.278275007491149040e+02
-1.274366789837172149e+02
-1.270458635967889336e+02
-1.266550550690384540e+02
-1.262642539173647407e+02
-1.258734606975759220e+02
-1.254826760073113974e+02
-1.250919004891821942e+02
-1.247011348341459609e+02
-1.243103797851337333e+02
-1.239196361409470768e+02
-1.235289047604456982e+02
-1.231381865670465885e+02
-1.227474825535575604e+02
-1.223567937873701226e+02
-1.219661214160370690e+02
-1.215754666732635627e+02
-1.211848308853412561e+02
-1.207942154780578079e+02
-1.204036219841157731e+02
-1.200130520510978158e+02
-1.196225074500170393e+02
-1.192319900844944556e+02
-1.188415020006077611e+02
-1.184510453974592821e+02
-1.180606226385131521e+02
-1.176702362637557684e+02
-1.172798890027365246e+02
-1.168895837885496292e+02
-1.164993237728212421e+02
-1.161091123417703557e+02
-1.157189531334154822e+02
-1.153288500560035459e+02
-1.149388073077417260e+02
-1.145488293979167906e+02
-1.141589211694913786e+02
-1.137690878232709650e+02
-1.133793349437392806e+02
-1.129896685266648575e+02
-1.126000950085850718e+02
-1.122106212982783973e+02
-1.118212548103390134e+02
-1.114320035009718168e+02
-1.110428759061278754e+02
-1.106538811821033619e+02
-1.102650291487261143e+02
-1.098763303352542238e+02
-1.094877960291105268e+02
-1.090994383275746884e+02
-1.087112701925502591e+02
-1.083233055085184446e+02
-1.079355591437820010e+02
-1.075480470150909866e+02
-1.071607861557281751e+02
-1.067737947871135873e+02
-1.063870923939650481e+02
-1.060006998030242187e+02
-1.056146392653252093e+02
-1.052289345419428770e+02
-1.048436109931126339e+02
-1.044586956705592229e+02
-1.040742174128097020e+02
-1.036902069431943829e+02
-1.033066969701569491e+02
-1.029237222894027326e+02
-1.025413198873096974e+02
-1.021595290449094904e+02
-1.017783914416176003e+02
-1.013979512577487156e+02
-1.010182552746999249e+02
-1.006393529715158053e+02
-1.002612966163733432e+02
-9.988414135133504601e+01
-9.950794526852405397e+01
-9.913276947567486275e+01
-9.875867814881260642e+01
-9.838573856961730257e+01
-9.801402114484332628e+01
-9.764359940499582535e+01
-9.727454997932234448e+01
-9.690695254407111747e+01
-9.654088974090549868e+01
-9.617644706236063712e+01
-9.581371270129540108e+01
-9.545277736144086589e+01
-9.509373402639195660e+01
-9.473667768473920603e+01
-9.438170500950482733e+01
-9.402891399063939559e+01
-9.367840352005435989e+01
-9.333027292951112486e+01
-9.298462148265754479e+01
-9.264154782357672957e+01
-9.230114938538144997e+01
-9.196352176361520492e+01
-9.162875806047897242e+01
-9.129694820714745163e+01
-9.096817827262374578e+01
-9.064252976865651590e+01
-9.032007896115263179e+01
-9.000089619921439521e+01
-8.968504527335790044e+01
-8.937258281459318709e+01
-8.906355774583191476e+01
-8.875801079652021031e+01
-8.845597409046823145e+01
-8.815747081558129139e+01
-8.786251498262103610e+01
-8.757111127828767394e+01
-8.728325501588095392e+01
-8.699893218463932953e+01
-8.671811959665740233e+01
-8.644078512812504300e+01
-8.616688804959611048e+01
-8.589637943815897358e+01
-8.562920266280359272e+01
-8.536529393301387358e+01
-8.510458289968747181e+01
-8.484699329691751757e+01
-8.459244361295543513e+01
-8.434084777879803596e+01
-8.409211586327063515e+01
-8.384615476417226887e+01
-8.360286888595946664e+01
-8.336216079551942926e+01
-8.312393184876903263e+01
-8.288808278206045088e+01
-8.265451426363222254e+01
-8.242312740157299800e+01
-8.219382420593211691e+01
-8.196650800368738032e+01
-8.174108380624828385e+01
-8.151745863001988823e+01
-8.129554177127110393e+01
-8.107524503714311948e+01
-8.085648293510070062e+01
-8.063917282348056403e+01
-8.042323502603446173e+01
-8.020859291351479214e+01
-7.999517295541647854e+01
-7.978290474498508900e+01
-7.957172100054063435e+01
-7.936155754605800894e+01
-7.915235327380267449e+01
-7.894405009165149067e+01
-7.873659285754200710e+01
-7.852992930329716614e+01
-7.832400994987239073e+01
-7.811878801587067755e+01
-7.791421932097725289e+01
-7.771026218577665645e+01
-7.750687732923722706e+01
-7.730402776498105766e+01
-7.710167869730273082e+01
-7.689979741775862010e+01
-7.669835320301839943e+01
-7.649731721455503930e+01
-7.629666240064372573e+01
-7.609636340104910346e+01
-7.589639645469630125e+01
-7.569673931055122296e+01
-7.549737114187217912e+01
-7.529827246394134477e+01
-7.509942505533874169e+01
-7.490081188278155366e+01
-7.470241702951973650e+01
-7.450422562725056252e+01
-7.430622379149276924e+01
-7.410839856034283457e+01
-7.391073783652109341e+01
-7.371323033260469515e+01
-7.351586551933557701e+01
-7.331863357688591520e+01
-7.312152534895945166e+01
-7.292453229960520389e+01
-7.272764647261828941e+01
-7.253086045340444343e+01
-7.233416733318523484e+01
-7.213756067542328765e+01
-7.194103448435006953e+01
-7.174458317548183572e+01
-7.154820154801313947e+01
-7.135188475898132765e+01
-7.115562829909964648e+01
-7.095942797016088832e+01
-7.076327986391817149e+01
-7.056718034235292691e+01
-7.037112601924617650e+01
-7.017511374297178861e+01
-6.997914058043554064e+01
-6.978320380208803897e+01
-6.958730086794287217e+01
-6.939142941453594915e+01
-6.919558724276491546e+01
-6.899977230655207450e+01
-6.880398270227638591e+01
-6.860821665892478904e+01
-6.841247252891460562e+01
-6.821674877954328053e+01
-6.802104398502316940e+01
-6.782535681906257707e+01
-6.762968604795639749e+01
-6.743403052415175125e+01
-6.723838918025728617e+01
-6.704276102346500466e+01
-6.684714513035802952e+01
-6.665154064207663964e+01
-6.645594675981922705e+01
-6.626036274065481280e+01
-6.606478789362569159e+01
-6.586922157612090700e+01
-6.567366319050097445e+01
-6.547811218095782237e+01
-6.528256803059250046e+01
-6.508703025869657210e+01
-6.489149841822262488e+01
-6.469597209343105249e+01
-6.450045089770077311e+01
-6.430493447149258657e+01
-6.410942248045471104e+01
-6.391391461366029603e+01
-6.371841058196822871e+01
-6.352291011649813868e+01
-6.332741296721221147e+01
-6.313191890159579600e+01
-6.293642770343046777e+01
-6.274093917165272671e+01
-6.254545311929256002e+01
-6.234996937248627091e+01
-6.215448776955820165e+01
-6.195900816016705903e+01
-6.176353040451144238e+01
-6.156805437259160385e+01
-6.137257994352231094e+01
-6.117710700489429598e+01
-6.098163545218007187e+01
-6.078616518818152770e+01
-6.059069612251620640e+01
-6.039522817113943631e+01
-6.019976125590028460e+01
-6.000429530412800716e+01
-5.980883024824828453e+01
-5.961336602542546359e+01
-5.941790257723071988e+01
-5.922243984933274419e+01
-5.902697779121071164e+01
-5.883151635588689032e+01
-5.863605549967824970e+01
-5.844059518196554848e+01
-5.824513536497826749e+01
-5.804967601359507512e+01
-5.785421709515783562e+01
-5.765875857929904669e+01
-5.746330043778107211e+01
-5.726784264434685667e+01
-5.707238517458095828e+01
-5.687692800578041386e+01
-5.668147111683468609e+01
-5.648601448811385239e+01
-5.629055810136497939e+01
-5.609510193961529012e+01
-5.589964598708255039e+01
-5.570419022909150897e+01
-5.550873465199627788e+01
-5.531327924310811284e+01
-5.511782399062826698e+01
-5.492236888358564784e+01
-5.472691391177860964e+01
-5.453145906572119372e+01
-5.433600433659273676e+01
-5.414054971619131607e+01
-5.394509519689030697e+01
-5.374964077159805242e+01
-5.355418643372036058e+01
-5.335873217712553185e+01
-5.316327799611197236e+01
-5.296782388537808117e+01
-5.277236983999409858e+01
-5.257691585537600076e+01
-5.238146192726139816e+01
-5.218600805168682655e+01
-5.199055422496688550e+01
-5.179510044367465582e+01
-5.159964670462358072e+01
-5.140419300485066856e+01
-5.120873934160073304e+01
-5.101328571231185549e+01
-5.081783211460184191e+01
-5.062237854625556110e+01
-5.042692500521330601e+01
-5.023147148955979446e+01
-5.003601799751416479e+01
-4.984056452742041188e+01
-4.964511107773870435e+01
-4.944965764703724176e+01
-4.925420423398465175e+01
-4.905875083734294151e+01
-4.886329745596093233e+01
-4.866784408876827683e+01
-4.847239073476963256e+01
-4.827693739303948917e+01
-4.808148406271727993e+01
-4.788603074300279161e+01
-4.769057743315191544e+01
-4.749512413247279596e+01
-4.729967084032206515e+01
-4.710421755610150285e+01
-4.690876427925479675e+01
-4.671331100926475699e+01
-4.651785774565040299e+01
-4.632240448796450494e+01
-4.612695123579119638e+01
-4.593149798874382839e+01
-4.573604474646280948e+01
-4.554059150861378669e+01
-4.534513827488594018e+01
-4.514968504499012170e+01
-4.495423181865757556e+01
-4.475877859563830441e+01
-4.456332537569993235e+01
-4.436787215862634071e+01
-4.417241894421658799e+01
-4.397696573228380146e+01
-4.378151252265423921e+01
-4.358605931516633802e+01
-4.339060610966988918e+01
-4.319515290602515734e+01
-4.299969970410229791e+01
-4.280424650378050444e+01
-4.260879330494746853e+01
-4.241334010749878303e+01
-4.221788691133731675e+01
-4.202243371637277392e+01
-4.182698052252122523e+01
-4.163152732970459624e+01
-4.143607413785026949e+01
-4.124062094689072921e+01
-4.104516775676324869e+01
-4.084971456740943552e+01
-4.065426137877501844e+01
-4.045880819080957735e+01
-4.026335500346613117e+01
-4.006790181670109519e+01
-3.987244863047386900e+01
-3.967699544474675122e+01
-3.948154225948464102e+01
-3.928608907465491029e+01
-3.909063589022726148e+01
-3.889518270617345763e+01
-3.869972952246729392e+01
-3.850427633908438452e+01
-3.830882315600204890e+01
-3.811336997319918396e+01
-3.791791679065624976e+01
-3.772246360835494272e+01
-3.752701042627835193e+01
-3.733155724441070333e+01
-3.713610406273734554e+01
-3.694065088124463614e+01
-3.674519769991991325e+01
-3.654974451875141028e+01
-3.635429133772812804e+01
-3.615883815683991998e+01
-3.596338497607730744e+01
-3.576793179543146550e+01
-3.557247861489419449e+01
-3.537702543445789161e+01
-3.518157225411547984e+01
-3.498611907386036535e+01
-3.479066589368642326e+01
-3.459521271358796923e+01
-3.439975953355968841e+01
-3.420430635359669225e+01
-3.400885317369436223e+01
-3.381339999384846351e+01
-3.361794681405504548e+01
-3.342249363431039910e+01
-3.322704045461112798e+01
-3.303158727495404889e+01
-3.283613409533619176e+01
-3.264068091575481390e+01
-3.244522773620734313e+01
-3.224977455669142046e+01
-3.205432137720480057e+01
-3.185886819774547973e+01
-3.166341501831149685e+01
-3.146796183890108978e+01
-3.127250865951261005e+01
-3.107705548014448027e+01
-3.088160230079535040e+01
-3.068614912146382778e+01
-3.049069594214871870e+01
-3.029524276284881523e+01
-3.009978958356310841e+01
-2.990433640429056084e+01
-2.970888322503026302e+01
-2.951343004578136231e+01
-2.931797686654304869e+01
-2.912252368731461161e+01
-2.892707050809529790e+01
-2.873161732888452491e+01
-2.853616414968166737e+01
-2.834071097048617105e+01
-2.814525779129752436e+01
-2.794980461211524414e+01
-2.775435143293888984e+01
-2.755889825376802094e+01
-2.736344507460228215e+01
-2.716799189544130400e+01
-2.697253871628475963e+01
-2.677708553713235062e+01
-2.658163235798372170e+01
-2.638617917883867392e+01
-2.619072599969693727e+01
-2.599527282055828437e+01
-2.579981964142248785e+01
-2.560436646228933455e+01
-2.540891328315865394e+01
-2.521346010403028970e+01
-2.501800692490405709e+01
-2.482255374577982820e+01
-2.462710056665743252e+01
-2.443164738753675636e+01
-2.423619420841768601e+01
-2.404074102930009360e+01
-2.384528785018389385e+01
-2.364983467106897308e+01
-2.345438149195524602e+01
-2.325892831284262741e+01
-2.306347513373106040e+01
-2.286802195462044551e+01
-2.267256877551071170e+01
-2.247711559640181633e+01
-2.228166241729370256e+01
-2.208620923818629933e+01
-2.189075605907956401e+01
-2.169530287997346818e+01
-2.149984970086792657e+01
-2.130439652176295340e+01
-2.110894334265846339e+01
-2.091349016355444235e+01
-2.071803698445084763e+01
-2.052258380534765081e+01
-2.032713062624480926e+01
-2.013167744714235141e+01
-1.993622426804017778e+01
-1.974077108893833099e+01
-1.954531790983672579e+01
-1.934986473073541902e+01
-1.915441155163433962e+01
-1.895895837253348759e+01
-1.876350519343284873e+01
-1.856805201433240882e+01
-1.837259883523212523e+01
-1.817714565613204059e+01
-1.798169247703208384e+01
-1.778623929793228342e+01
-1.759078611883263932e+01
-1.739533293973309469e+01
-1.719987976063366375e+01
-1.700442658153436071e+01
-1.680897340243514293e+01
-1.661352022333602463e+01
-1.641806704423697738e+01
-1.622261386513801540e+01
-1.602716068603916710e+01
-1.583170750694034723e+01
-1.563625432784162683e+01
-1.544080114874296328e+01
-1.524534796964431393e+01
-1.504989479054573565e+01
-1.485444161144721420e+01
-1.465898843234873539e+01
-1.446353525325027078e+01
-1.426808207415189145e+01
-1.407262889505352632e+01
-1.387717571595521804e+01
-1.368172253685689554e+01
-1.348626935775862989e+01
-1.329081617866039267e+01
-1.309536299956216965e+01
-1.289990982046397505e+01
-1.270445664136579467e+01
-1.250900346226762849e+01
-1.231355028316950495e+01
-1.211809710407139562e+01
-1.192264392497332892e+01
-1.172719074587524801e+01
-1.153173756677719552e+01
-1.133628438767914304e+01
-1.114083120858110476e+01
-1.094537802948305227e+01
-1.074992485038504242e+01
-1.055447167128704677e+01
-1.035901849218903692e+01
-1.016356531309105549e+01
-9.968112133993074053e+00
-9.772658954895078409e+00
-9.577205775797125398e+00
-9.381752596699172386e+00
-9.186299417601205164e+00
-8.990846238503252152e+00
-8.795393059405284930e+00
-8.599939880307346129e+00
-8.404486701209421540e+00
-8.209033522111511161e+00
-8.013580343013572360e+00
-7.818127163915661981e+00
-7.622673984817751602e+00
-7.427220805719841223e+00
-7.231767626621916634e+00
-7.036314447524006255e+00
-6.840861268426095876e+00
-6.645408089328185497e+00
-6.449954910230303540e+00
-6.254501731132393161e+00
-6.059048552034454360e+00
-5.863595372936558192e+00
-5.668142193838676235e+00
-5.472689014740780067e+00
-5.277235835642898110e+00
-5.081782656545016152e+00
-4.886329477447119984e+00
-4.690876298349238027e+00
-4.495423119251341859e+00
-4.299969940153459902e+00
-4.104516761055563734e+00
-3.909063581957681777e+00
-3.713610402859785609e+00
-3.518157223761903651e+00
-3.322704044664021694e+00
-3.127250865566125526e+00
-2.931797686468215147e+00
-2.736344507370347401e+00
-2.540891328272465444e+00
-2.345438149174569276e+00
-2.149984970076687318e+00
-1.954531790978791150e+00
-1.759078611880909193e+00
-1.563625432783027236e+00
-1.368172253685131068e+00
-1.172719074587249111e+00
-9.772658954893529426e-01
-7.818127163914994071e-01
-5.863595372936174499e-01
-3.909063581957070710e-01
-1.954531790978251138e-01
5.684341886080801487e-14
1.954531790979388006e-01
3.909063581958491795e-01
5.863595372937027150e-01
7.818127163915846722e-01
9.772658954894666294e-01
1.172719074587348587e+00
1.368172253685202122e+00
1.563625432783084079e+00
1.759078611880966037e+00
1.954531790978819572e+00
2.149984970076701529e+00
2.345438149174583486e+00
2.540891328272465444e+00
2.736344507370318979e+00
2.931797686468229358e+00
3.127250865566082894e+00
3.322704044663964851e+00
3.518157223761846808e+00
3.713610402859728765e+00
3.909063581957610722e+00
4.104516761055464258e+00
4.299969940153374637e+00
4.495423119251256594e+00
4.690876298349166973e+00
4.886329477447048930e+00
5.081782656544959309e+00
5.277235835642841266e+00
5.472689014740751645e+00
5.668142193838662024e+00
5.863595372936543981e+00
6.059048552034454360e+00
6.254501731132336317e+00
6.449954910230246696e+00
6.645408089328157075e+00
6.840861268426067454e+00
7.036314447523977833e+00
7.231767626621888212e+00
7.427220805719798591e+00
7.622673984817708970e+00
7.818127163915647770e+00
8.013580343013558149e+00
8.209033522111496950e+00
8.404486701209407329e+00
8.599939880307346129e+00
8.795393059405256508e+00
8.990846238503223731e+00
9.186299417601162531e+00
9.381752596699129754e+00
9.577205775797096976e+00
9.772658954895064198e+00
9.968112133993059842e+00
1.016356531309099864e+01
1.035901849218902271e+01
1.055447167128698993e+01
1.074992485038501400e+01
1.094537802948300964e+01
1.114083120858100528e+01
1.133628438767908619e+01
1.153173756677713868e+01
1.172719074587519117e+01
1.192264392497324366e+01
1.211809710407135299e+01
1.231355028316946232e+01
1.250900346226760007e+01
1.270445664136573782e+01
1.289990982046393242e+01
1.309536299956209859e+01
1.329081617866029319e+01
1.348626935775854463e+01
1.368172253685679607e+01
1.387717571595507593e+01
1.407262889505341263e+01
1.426808207415177776e+01
1.446353525325017131e+01
1.465898843234859328e+01
1.485444161144707209e+01
1.504989479054557933e+01
1.524534796964414340e+01
1.544080114874276433e+01
1.563625432784147051e+01
1.583170750694017670e+01
1.602716068603902499e+01
1.622261386513787329e+01
1.641806704423683527e+01
1.661352022333585410e+01
1.680897340243495819e+01
1.700442658153420439e+01
1.719987976063347901e+01
1.739533293973292416e+01
1.759078611883245458e+01
1.778623929793215552e+01
1.798169247703194173e+01
1.817714565613189848e+01
1.837259883523199733e+01
1.856805201433223829e+01
1.876350519343270662e+01
1.895895837253334548e+01
1.915441155163421172e+01
1.934986473073527691e+01
1.954531790983659789e+01
1.974077108893820309e+01
1.993622426804006409e+01
2.013167744714218088e+01
2.032713062624469558e+01
2.052258380534749449e+01
2.071803698445069131e+01
2.091349016355428603e+01
2.110894334265830707e+01
2.130439652176283971e+01
2.149984970086779867e+01
2.169530287997338291e+01
2.189075605907945032e+01
2.208620923818619985e+01
2.228166241729357466e+01
2.247711559640171686e+01
2.267256877551059802e+01
2.286802195462030340e+01
2.306347513373094671e+01
2.325892831284249951e+01
2.345438149195513233e+01
2.364983467106881676e+01
2.384528785018378017e+01
2.404074102929996570e+01
2.423619420841757233e+01
2.443164738753665688e+01
2.462710056665730463e+01
2.482255374577968610e+01
2.501800692490391498e+01
2.521346010403016180e+01
2.540891328315851183e+01
2.560436646228919244e+01
2.579981964142234574e+01
2.599527282055811384e+01
2.619072599969678095e+01
2.638617917883854602e+01
2.658163235798357960e+01
2.677708553713219430e+01
2.697253871628464594e+01
2.716799189544116189e+01
2.736344507460216846e+01
2.755889825376786462e+01
2.775435143293873352e+01
2.794980461211508782e+01
2.814525779129735383e+01
2.834071097048601473e+01
2.853616414968149684e+01
2.873161732888439701e+01
2.892707050809517000e+01
2.912252368731446950e+01
2.931797686654289237e+01
2.951343004578120599e+01
2.970888322503012091e+01
2.990433640429037609e+01
3.009978958356293788e+01
3.029524276284865891e+01
3.049069594214856238e+01
3.068614912146369988e+01
3.088160230079523672e+01
3.107705548014436658e+01
3.127250865951248215e+01
3.146796183890097609e+01
3.166341501831135474e+01
3.185886819774535184e+01
3.205432137720467267e+01
3.224977455669130677e+01
3.244522773620721523e+01
3.264068091575470021e+01
3.283613409533606387e+01
3.303158727495392100e+01
3.322704045461102851e+01
3.342249363431025699e+01
3.361794681405493179e+01
3.381339999384834982e+01
3.400885317369429117e+01
3.420430635359659277e+01
3.439975953355960314e+01
3.459521271358786976e+01
3.479066589368633799e+01
3.498611907386029429e+01
3.518157225411542299e+01
3.537702543445783476e+01
3.557247861489409502e+01
3.576793179543139445e+01
3.596338497607723639e+01
3.615883815683986313e+01
3.635429133772805699e+01
3.654974451875133923e+01
3.674519769991985640e+01
3.694065088124457930e+01
3.713610406273727449e+01
3.733155724441061807e+01
3.752701042627828087e+01
3.772246360835487167e+01
3.791791679065619292e+01
3.811336997319912712e+01
3.830882315600197785e+01
3.850427633908432767e+01
3.869972952246723708e+01
3.889518270617338658e+01
3.909063589022719043e+01
3.928608907465488187e+01
3.948154225948456997e+01
3.967699544474669437e+01
3.987244863047382637e+01
4.006790181670106676e+01
4.026335500346610274e+01
4.045880819080952051e+01
4.065426137877497581e+01
4.084971456740936446e+01
4.104516775676316342e+01
4.124062094689062974e+01
4.143607413785017002e+01
4.163152732970448255e+01
4.182698052252118259e+01
4.202243371637268865e+01
4.221788691133724569e+01
4.241334010749869776e+01
4.260879330494739747e+01
4.280424650378040496e+01
4.299969970410219844e+01
4.319515290602507207e+01
4.339060610966978970e+01
4.358605931516626697e+01
4.378151252265413973e+01
4.397696573228373040e+01
4.417241894421650272e+01
4.436787215862631228e+01
4.456332537569988972e+01
4.475877859563823336e+01
4.495423181865749029e+01
4.514968504499006485e+01
4.534513827488589754e+01
4.554059150861374405e+01
4.573604474646273843e+01
4.593149798874375733e+01
4.612695123579115375e+01
4.632240448796443388e+01
4.651785774565033194e+01
4.671331100926471436e+01
4.690876427925471148e+01
4.710421755610141759e+01
4.729967084032196567e+01
4.749512413247271070e+01
4.769057743315184439e+01
4.788603074300269213e+01
4.808148406271720887e+01
4.827693739303938969e+01
4.847239073476956150e+01
4.866784408876819157e+01
4.886329745596086127e+01
4.905875083734284203e+01
4.925420423398458070e+01
4.944965764703718492e+01
4.964511107773867593e+01
4.984056452742038346e+01
5.003601799751410795e+01
5.023147148955976604e+01
5.042692500521326338e+01
5.062237854625553268e+01
5.081783211460179928e+01
5.101328571231184128e+01
5.120873934160070462e+01
5.140419300485066856e+01
5.159964670462358072e+01
5.179510044367464161e+01
5.199055422496689971e+01
5.218600805168679813e+01
5.238146192726139816e+01
5.257691585537597234e+01
5.277236983999409858e+01
5.296782388537809538e+01
5.316327799611201499e+01
5.335873217712554606e+01
5.355418643372038900e+01
5.374964077159805242e+01
5.394509519689029275e+01
5.414054971619128764e+01
5.433600433659270834e+01
5.453145906572117951e+01
5.472691391177860964e+01
5.492236888358561941e+01
5.511782399062823856e+01
5.531327924310809863e+01
5.550873465199626366e+01
5.570419022909146634e+01
5.589964598708252197e+01
5.609510193961526170e+01
5.629055810136495097e+01
5.648601448811385239e+01
5.668147111683467188e+01
5.687692800578039964e+01
5.707238517458097249e+01
5.726784264434689931e+01
5.746330043778110053e+01
5.765875857929910353e+01
5.785421709515787825e+01
5.804967601359513196e+01
5.824513536497832433e+01
5.844059518196559111e+01
5.863605549967829234e+01
5.883151635588691875e+01
5.902697779121075428e+01
5.922243984933282945e+01
5.941790257723076252e+01
5.961336602542550622e+01
5.980883024824834138e+01
6.000429530412807821e+01
6.019976125590034144e+01
6.039522817113950737e+01
6.059069612251627746e+01
6.078616518818159875e+01
6.098163545218014292e+01
6.117710700489433862e+01
6.137257994352236778e+01
6.156805437259166069e+01
6.176353040451147081e+01
6.195900816016711588e+01
6.215448776955827270e+01
6.234996937248632776e+01
6.254545311929260265e+01
6.274093917165279777e+01
6.293642770343052462e+01
6.313191890159586706e+01
6.332741296721229673e+01
6.352291011649822394e+01
6.371841058196827134e+01
6.391391461366035287e+01
6.410942248045478209e+01
6.430493447149265762e+01
6.450045089770085838e+01
6.469597209343112354e+01
6.489149841822271014e+01
6.508703025869667158e+01
6.528256803059258573e+01
6.547811218095793606e+01
6.567366319050108814e+01
6.586922157612102069e+01
6.606478789362583370e+01
6.626036274065495491e+01
6.645594675981936916e+01
6.665154064207678175e+01
6.684714513035820005e+01
6.704276102346514676e+01
6.723838918025742828e+01
6.743403052415192178e+01
6.762968604795653960e+01
6.782535681906270497e+01
6.802104398502328308e+01
6.821674877954339422e+01
6.841247252891474773e+01
6.860821665892490273e+01
6.880398270227649959e+01
6.899977230655215976e+01
6.919558724276501493e+01
6.939142941453607705e+01
6.958730086794298586e+01
6.978320380208813845e+01
6.997914058043565433e+01
7.017511374297191651e+01
7.037112601924627597e+01
7.056718034235299797e+01
7.076327986391825675e+01
7.095942797016098780e+01
7.115562829909973175e+01
7.135188475898138449e+01
7.154820154801322474e+01
7.174458317548189257e+01
7.194103448435012638e+01
7.213756067542331607e+01
7.233416733318526326e+01
7.253086045340447185e+01
7.272764647261831783e+01
7.292453229960528915e+01
7.312152534895952272e+01
7.331863357688598626e+01
7.351586551933567648e+01
7.371323033260480884e+01
7.391073783652120710e+01
7.410839856034291984e+01
7.430622379149284029e+01
7.450422562725063358e+01
7.470241702951983598e+01
7.490081188278162472e+01
7.509942505533882695e+01
7.529827246394145845e+01
7.549737114187229281e+01
7.569673931055135085e+01
7.589639645469642915e+01
7.609636340104921715e+01
7.629666240064383942e+01
7.649731721455515299e+01
7.669835320301854154e+01
7.689979741775871958e+01
7.710167869730281609e+01
7.730402776498115713e+01
7.750687732923734075e+01
7.771026218577677014e+01
7.791421932097736658e+01
7.811878801587076282e+01
7.832400994987250442e+01
7.852992930329725141e+01
7.873659285754212078e+01
7.894405009165163278e+01
7.915235327380281660e+01
7.936155754605815105e+01
7.957172100054080488e+01
7.978290474498524532e+01
7.999517295541659223e+01
8.020859291351493425e+01
8.042323502603454699e+01
8.063917282348069193e+01
8.085648293510081430e+01
8.107524503714324737e+01
8.129554177127124603e+01
8.151745863002005876e+01
8.174108380624841175e+01
8.196650800368752243e+01
8.219382420593225902e+01
8.242312740157311168e+01
8.265451426363236465e+01
8.288808278206056457e+01
8.312393184876916052e+01
8.336216079551954294e+01
8.360286888595959454e+01
8.384615476417241098e+01
8.409211586327077725e+01
8.434084777879814965e+01
8.459244361295552039e+01
8.484699329691761704e+01
8.510458289968752865e+01
8.536529393301395885e+01
8.562920266280369219e+01
8.589637943815910148e+01
8.616688804959625259e+01
8.644078512812518511e+01
8.671811959665754443e+01
8.699893218463944322e+01
8.728325501588108182e+01
8.757111127828778763e+01
8.786251498262117821e+01
8.815747081558146192e+01
8.845597409046843040e+01
8.875801079652038084e+01
8.906355774583209950e+01
8.937258281459341447e+01
8.968504527335809939e+01
9.000089619921459416e+01
9.032007896115277390e+01
9.064252976865671485e+01
9.096817827262384526e+01
9.129694820714755110e+01
9.162875806047907190e+01
9.196352176361531860e+01
9.230114938538153524e+01
9.264154782357681484e+01
9.298462148265764426e+01
9.333027292951121012e+01
9.367840352005444515e+01
9.402891399063949507e+01
9.438170500950491260e+01
9.473667768473930550e+01
9.509373402639207029e+01
9.545277736144089431e+01
9.581371270129545792e+01
9.617644706236066554e+01
9.654088974090555553e+01
9.690695254407120274e+01
9.727454997932238712e+01
9.764359940499588220e+01
9.801402114484335470e+01
9.838573856961735942e+01
9.875867814881263484e+01
9.913276947567490538e+01
9.950794526852408239e+01
9.988414135133504601e+01
1.002612966163733574e+02
1.006393529715157911e+02
1.010182552746999249e+02
1.013979512577487583e+02
1.017783914416176287e+02
1.021595290449094762e+02
1.025413198873097258e+02
1.029237222894027468e+02
1.033066969701569064e+02
1.036902069431943687e+02
1.040742174128096451e+02
1.044586956705591660e+02
1.048436109931125770e+02
1.052289345419428628e+02
1.056146392653251667e+02
1.060006998030242187e+02
1.063870923939649629e+02
1.067737947871135589e+02
1.071607861557281183e+02
1.075480470150909582e+02
1.079355591437819442e+02
1.083233055085183594e+02
1.087112701925502449e+02
1.090994383275746316e+02
1.094877960291104841e+02
1.098763303352541243e+02
1.102650291487260859e+02
1.106538811821033050e+02
1.110428759061278470e+02
1.114320035009718026e+02
1.118212548103389565e+02
1.122106212982783404e+02
1.126000950085850718e+02
1.129896685266649001e+02
1.133793349437392806e+02
1.137690878232710077e+02
1.141589211694913786e+02
1.145488293979167338e+02
1.149388073077416834e+02
1.153288500560034890e+02
1.157189531334154253e+02
1.161091123417703272e+02
1.164993237728212705e+02
1.168895837885496576e+02
1.172798890027365530e+02
1.176702362637557542e+02
1.180606226385131095e+02
1.184510453974592679e+02
1.188415020006077327e+02
1.192319900844944698e+02
1.196225074500170535e+02
1.200130520510978442e+02
1.204036219841157447e+02
1.207942154780577937e+02
1.211848308853411993e+02
1.215754666732634632e+02
1.219661214160369980e+02
1.223567937873700373e+02
1.227474825535574610e+02
1.231381865670464322e+02
1.235289047604456414e+02
1.239196361409469773e+02
1.243103797851336765e+02
1.247011348341458756e+02
1.250919004891821373e+02
1.254826760073113405e+02
1.258734606975758084e+02
1.262642539173646981e+02
1.266550550690383830e+02
1.270458635967889336e+02
1.274366789837172291e+02
1.278275007491149040e+02
1.282183284459345600e+02
1.286091616584366761e+02
1.290000000000000000e+02
