-1.840000000000000000e+02
-1.837520084109994229e+02
-1.835032954940206764e+02
-1.832531578795578469e+02
-1.830009137482716142e+02
-1.827459028309892233e+02
-1.824874864087043704e+02
-1.822250473125772885e+02
-1.819579899239348890e+02
-1.816857401742705918e+02
-1.814077455452444383e+02
-1.811234750686829500e+02
-1.808324193265793554e+02
-1.805340904510933626e+02
-1.802280221245511882e+02
-1.799137695794456704e+02
-1.795909095984362693e+02
-1.792590405143489534e+02
-1.789177822101762843e+02
-1.785667761190773888e+02
-1.782056852243779019e+02
-1.778341940595700805e+02
-1.774520087083128317e+02
-1.770588568044314002e+02
-1.766544875319178232e+02
-1.762386716249306176e+02
-1.758112013677948084e+02
-1.753718905950021281e+02
-1.749205746912106463e+02
-1.744571105912452538e+02
-1.739813767800973210e+02
-1.734932732929247265e+02
-1.729927217150519425e+02
-1.724796651819700912e+02
-1.719540683793368316e+02
-1.714159175429762740e+02
-1.708652204588790937e+02
-1.703020064632026731e+02
-1.697263264422708744e+02
-1.691382528325742101e+02
-1.685378796207696155e+02
-1.679253223436806479e+02
-1.673007180882976286e+02
-1.666642254917771311e+02
-1.660160247414423793e+02
-1.653563175747833611e+02
-1.646853272794564589e+02
-1.640032986932847336e+02
-1.633104982042576978e+02
-1.626072137505314004e+02
-1.618937548204286259e+02
-1.611704524524385249e+02
-1.604376592352170121e+02
-1.596957493075863965e+02
-1.589451183585356375e+02
-1.581861836272202595e+02
-1.574193839029624087e+02
-1.566451795252507111e+02
-1.558640523837403293e+02
-1.550765059182531616e+02
-1.542830651187775288e+02
-1.534842765254682888e+02
-1.526807082286470632e+02
-1.518729498688018680e+02
-1.510616126365872276e+02
-1.502473292728244303e+02
-1.494307540685012441e+02
-1.486125628647719452e+02
-1.477934530529573749e+02
-1.469741435745450531e+02
-1.461553749211889794e+02
-1.453379091347097187e+02
-1.445225298070944575e+02
-1.437100420804969474e+02
-1.429006342111475760e+02
-1.420942027502659926e+02
-1.412908639514596416e+02
-1.404906178147285516e+02
-1.396934643400727225e+02
-1.388994035274921544e+02
-1.381084353769868756e+02
-1.373205598885568577e+02
-1.365357770622021008e+02
-1.357540868979226047e+02
-1.349754893957183413e+02
-1.341999845555893671e+02
-1.334275723775356539e+02
-1.326582528615571732e+02
-1.318920260076540103e+02
-1.311288918158260799e+02
-1.303688502860734104e+02
-1.296119014183959735e+02
-1.288580452127938258e+02
-1.281072816692669676e+02
-1.273596107878153560e+02
-1.266150325684389912e+02
-1.258735470111379016e+02
-1.251351541159120728e+02
-1.243998538827615192e+02
-1.236676463116862124e+02
-1.229385314026861664e+02
-1.222125091557613672e+02
-1.214895795709118573e+02
-1.207697426481376084e+02
-1.200529983874386062e+02
-1.193393467888148933e+02
-1.186287878522664272e+02
-1.179213215777932220e+02
-1.172169479653952777e+02
-1.165156670150726086e+02
-1.158174787268251862e+02
-1.151223831006530389e+02
-1.144303801365561384e+02
-1.137414698345345130e+02
-1.130556521945881485e+02
-1.123729272167170450e+02
-1.116932949009212024e+02
-1.110167552472006349e+02
-1.103433082555553142e+02
-1.096729539259852402e+02
-1.090056922584904697e+02
-1.083415232530709460e+02
-1.076804469097266548e+02
-1.070224632284576813e+02
-1.063675722092639262e+02
-1.057157738521454604e+02
-1.050670681571022413e+02
-1.044214551241342832e+02
-1.037789347532415860e+02
-1.031395070444241497e+02
-1.025031719976820028e+02
-1.018699296130151026e+02
-1.012397798904234492e+02
-1.006127228299070850e+02
-9.998875843146595344e+01
-9.936788669510009697e+01
-9.875010762080951565e+01
-9.813542120859419526e+01
-9.752382745845410739e+01
-9.691532637038932307e+01
-9.630991794439978548e+01
-9.570760218048550882e+01
-9.510837907864649310e+01
-9.451224863888273831e+01
-9.391921086119425865e+01
-9.332926574558102573e+01
-9.274241329204305373e+01
-9.215865350058035688e+01
-9.157798637119292096e+01
-9.100041190388074597e+01
-9.042593009864383191e+01
-8.985454095548217879e+01
-8.928624447439578660e+01
-8.872104065538465534e+01
-8.815892949844879922e+01
-8.759991100358820404e+01
-8.704398517080285558e+01
-8.649115200009278226e+01
-8.594141149145796987e+01
-8.539476364489843263e+01
-8.485120846041414211e+01
-8.431074593800509831e+01
-8.377337607767134386e+01
-8.323909887941283614e+01
-8.270791434322960356e+01
-8.217982246912163191e+01
-8.165482325708892120e+01
-8.113291670713145720e+01
-8.061410281924926835e+01
-8.009838159344235464e+01
-7.958575302971068766e+01
-7.907621712805429581e+01
-7.856977388847315069e+01
-7.806642331096728071e+01
-7.756616539553667167e+01
-7.706900014218132355e+01
-7.657492090056378231e+01
-7.608390776276468159e+01
-7.559593427819116584e+01
-7.511097412530099859e+01
-7.462900111141979664e+01
-7.414998917255846322e+01
-7.367391237323028008e+01
-7.320074490626836905e+01
-7.273046109264294046e+01
-7.226303538127855575e+01
-7.179844234887144694e+01
-7.133665669970680767e+01
-7.087765326547609845e+01
-7.042140700509433771e+01
-6.996789300451736437e+01
-6.951708647655918583e+01
-6.906896276070925467e+01
-6.862349732294974558e+01
-6.818066575557284636e+01
-6.774044377699810582e+01
-6.730280723158963951e+01
-6.686773208947354874e+01
-6.643519444635505522e+01
-6.600517052333597690e+01
-6.557763666673184844e+01
-6.515256934788934018e+01
-6.472994516300352075e+01
-6.430974083293511967e+01
-6.389193320302786105e+01
-6.347649924292573331e+01
-6.306341604639028731e+01
-6.265266083111795581e+01
-6.224421093855733034e+01
-6.183804383372643088e+01
-6.143413710503006087e+01
-6.103246846407704851e+01
-6.063301574549755912e+01
-6.023575690676040750e+01
-5.984067002799032764e+01
-5.944773331178527087e+01
-5.905692508303371113e+01
-5.866822378873195731e+01
-5.828160799780141588e+01
-5.789705640090588901e+01
-5.751454781026887986e+01
-5.713406115949089781e+01
-5.675557550336673529e+01
-5.637907001770276594e+01
-5.600452399913424983e+01
-5.563191686494262456e+01
-5.526122815287277490e+01
-5.489243752095038786e+01
-5.452552474729918686e+01
-5.416046972995825115e+01
-5.379725248669931403e+01
-5.343585315484404674e+01
-5.307625199108137792e+01
-5.271842937128476336e+01
-5.236236579032947702e+01
-5.200804186190993050e+01
-5.165543831835693567e+01
-5.130453601045507384e+01
-5.095531590725988025e+01
-5.060775909591521327e+01
-5.026184678147053830e+01
-4.991756028669820466e+01
-4.957488105191078631e+01
-4.923379063477828765e+01
-4.889427071014553405e+01
-4.855630306984942024e+01
-4.821986962253619424e+01
-4.788495239347879107e+01
-4.755153352439408820e+01
-4.721959527326023931e+01
-4.688912001413393682e+01
-4.656009023696771010e+01
-4.623248854742725911e+01
-4.590629766670868861e+01
-4.558150043135584895e+01
-4.525807979307761286e+01
-4.493601881856518077e+01
-4.461530068930936466e+01
-4.429590870141787917e+01
-4.397782626543266105e+01
-4.366103690614713884e+01
-4.334552426242354528e+01
-4.303127208701019413e+01
-4.271826424635878539e+01
-4.240648472044171058e+01
-4.209591760256932957e+01
-4.178654709920728294e+01
-4.147835752979377588e+01
-4.117133332655685507e+01
-4.086545903433175653e+01
-4.056071931037814693e+01
-4.025709892419743596e+01
-3.995458275735008868e+01
-3.965315580327290945e+01
-3.935280316709631876e+01
-3.905351006546168691e+01
-3.875526182633857530e+01
-3.845804388884209146e+01
-3.816184180305013030e+01
-3.786664122982071490e+01
-3.757242794060925206e+01
-3.727918781728586595e+01
-3.698690685195264649e+01
-3.669557114676101151e+01
-3.640516691372891955e+01
-3.611568047455822494e+01
-3.582709826045196166e+01
-3.553940681193161311e+01
-3.525259277865443863e+01
-3.496664291923075041e+01
-3.468154410104120444e+01
-3.439728330005413426e+01
-3.411384760064277799e+01
-3.383122419540263337e+01
-3.354940038496872035e+01
-3.326836357783290765e+01
-3.298810129016115411e+01
-3.270860114561087073e+01
-3.242985087514816200e+01
-3.215183831686513116e+01
-3.187455141579721030e+01
-3.159797822374040877e+01
-3.132210689906863621e+01
-3.104692570655098294e+01
-3.077242301716904294e+01
-3.049858730793416228e+01
-3.022540716170478348e+01
-2.995287126700370095e+01
-2.968096841783538054e+01
-2.940968751350323984e+01
-2.913901755842695707e+01
-2.886894766195975137e+01
-2.859946703820570235e+01
-2.833056500583700554e+01
-2.806223098791130255e+01
-2.779445451168895431e+01
-2.752722520845036414e+01
-2.726053281331323319e+01
-2.699436716504987999e+01
-2.672871820590455627e+01
-2.646357598141068124e+01
-2.619893064020819651e+01
-2.593477243386083231e+01
-2.567109171667339851e+01
-2.540787894550910408e+01
-2.514512467960682685e+01
-2.488281958039842579e+01
-2.462095441132602147e+01
-2.435952003765929774e+01
-2.409850742631280340e+01
-2.383790764566324327e+01
-2.357771186536676922e+01
-2.331791135617626765e+01
-2.305849748975868607e+01
-2.279946173851227798e+01
-2.254079567538395423e+01
-2.228249097368652798e+01
-2.202453940691604473e+01
-2.176693284856905564e+01
-2.150966327195993344e+01
-2.125272275003814570e+01
-2.099610345520556010e+01
-2.073979765913374251e+01
-2.048379773258124814e+01
-2.022809614521091603e+01
-1.997268546540716727e+01
-1.971755836009329599e+01
-1.946270759454876043e+01
-1.920812603222649173e+01
-1.895380663457018144e+01
-1.869974246083156899e+01
-1.844592666788774693e+01
-1.819235251005845555e+01
-1.793901333892337746e+01
-1.768590260313942508e+01
-1.743301384825803524e+01
-1.718034071654248507e+01
-1.692787694678516530e+01
-1.667561637412487130e+01
-1.642355292986412962e+01
-1.617168064128645355e+01
-1.591999363147366786e+01
-1.566848611912318745e+01
-1.541715241836531725e+01
-1.516598693858055746e+01
-1.491498418421687511e+01
-1.466413875460701810e+01
-1.441344534378580988e+01
-1.416289874030743512e+01
-1.391249382706274140e+01
-1.366222558109652674e+01
-1.341208907342484480e+01
-1.316207946885229774e+01
-1.291219202578932190e+01
-1.266242209606949309e+01
-1.241276512476682115e+01
-1.216321665001303387e+01
-1.191377230281488764e+01
-1.166442780687145131e+01
-1.141517897839140794e+01
-1.116602172591034403e+01
-1.091695205010804770e+01
-1.066796604362580325e+01
-1.041905989088368578e+01
-1.017022986789786110e+01
-9.921472342097871433e+00
-9.672783772143937142e+00
-9.424160707744249521e+00
-9.175599789472267176e+00
-8.927097748584010617e+00
-8.678651406835358628e+00
-8.430257676299333980e+00
-8.181913559183417561e+00
-7.933616147646819883e+00
-7.685362623617800537e+00
-7.437150258610941478e+00
-7.188976413544456712e+00
-6.940838538557477122e+00
-6.692734172827357497e+00
-6.444660944386958690e+00
-6.196616569941950203e+00
-5.948598854688106563e+00
-5.700605692128593027e+00
-5.452635063891275280e+00
-5.204685039545998926e+00
-4.956753776421896518e+00
-4.708839519424675046e+00
-4.460940600853914084e+00
-4.213055440220363046e+00
-3.965182544063230452e+00
-3.717320505767484740e+00
-3.469468005381144859e+00
-3.221623809432579755e+00
-2.973786770747797181e+00
-2.725955828267747183e+00
-2.478130006865608248e+00
-2.230308417164089008e+00
-1.982490255352719499e+00
-1.734674803005148425e+00
-1.486861426896436633e+00
-1.239049578820353492e+00
-9.912387954066704809e-01
-7.434286979384572280e-01
-4.956189921693769929e-01
-2.478094681409799549e-01
0.000000000000000000e+00
2.478094681409799549e-01
4.956189921693769929e-01
7.434286979384572280e-01
9.912387954066704809e-01
1.239049578820353492e+00
1.486861426896436633e+00
1.734674803005148425e+00
1.982490255352719499e+00
2.230308417164089008e+00
2.478130006865608248e+00
2.725955828267747183e+00
2.973786770747797181e+00
3.221623809432579755e+00
3.469468005381144859e+00
3.717320505767484740e+00
3.965182544063230452e+00
4.213055440220363046e+00
4.460940600853914084e+00
4.708839519424675046e+00
4.956753776421896518e+00
5.204685039545998926e+00
5.452635063891275280e+00
5.700605692128593027e+00
5.948598854688106563e+00
6.196616569941950203e+00
6.444660944386958690e+00
6.692734172827357497e+00
6.940838538557477122e+00
7.188976413544456712e+00
7.437150258610941478e+00
7.685362623617800537e+00
7.933616147646819883e+00
8.181913559183417561e+00
8.430257676299333980e+00
8.678651406835358628e+00
8.927097748584010617e+00
9.175599789472267176e+00
9.424160707744249521e+00
9.672783772143937142e+00
9.921472342097871433e+00
1.017022986789786110e+01
1.041905989088368578e+01
1.066796604362580325e+01
1.091695205010804770e+01
1.116602172591034403e+01
1.141517897839140794e+01
1.166442780687145131e+01
1.191377230281488764e+01
1.216321665001303387e+01
1.241276512476682115e+01
1.266242209606949309e+01
1.291219202578932190e+01
1.316207946885229774e+01
1.341208907342484480e+01
1.366222558109652674e+01
1.391249382706274140e+01
1.416289874030743512e+01
1.441344534378580988e+01
1.466413875460701810e+01
1.491498418421687511e+01
1.516598693858055746e+01
1.541715241836531725e+01
1.566848611912318745e+01
1.591999363147366786e+01
1.617168064128645355e+01
1.642355292986412962e+01
1.667561637412487130e+01
1.692787694678516530e+01
1.718034071654248507e+01
1.743301384825803524e+01
1.768590260313942508e+01
1.793901333892337746e+01
1.819235251005845555e+01
1.844592666788774693e+01
1.869974246083156899e+01
1.895380663457018144e+01
1.920812603222649173e+01
1.946270759454876043e+01
1.971755836009329599e+01
1.997268546540716727e+01
2.022809614521091603e+01
2.048379773258124814e+01
2.073979765913374251e+01
2.099610345520556010e+01
2.125272275003814570e+01
2.150966327195993344e+01
2.176693284856905564e+01
2.202453940691604473e+01
2.228249097368652798e+01
2.254079567538395423e+01
2.279946173851227798e+01
2.305849748975868607e+01
2.331791135617626765e+01
2.357771186536676922e+01
2.383790764566324327e+01
2.409850742631280340e+01
2.435952003765929774e+01
2.462095441132602147e+01
2.488281958039842579e+01
2.514512467960682685e+01
2.540787894550910408e+01
2.567109171667339851e+01
2.593477243386083231e+01
2.619893064020819651e+01
2.646357598141068124e+01
2.672871820590455627e+01
2.699436716504987999e+01
2.726053281331323319e+01
2.752722520845036414e+01
2.779445451168895431e+01
2.806223098791130255e+01
2.833056500583700554e+01
2.859946703820570235e+01
2.886894766195975137e+01
2.913901755842695707e+01
2.940968751350323984e+01
2.968096841783538054e+01
2.995287126700370095e+01
3.022540716170478348e+01
3.049858730793416228e+01
3.077242301716904294e+01
3.104692570655098294e+01
3.132210689906863621e+01
3.159797822374040877e+01
3.187455141579721030e+01
3.215183831686513116e+01
3.242985087514816200e+01
3.270860114561087073e+01
3.298810129016115411e+01
3.326836357783290765e+01
3.354940038496872035e+01
3.383122419540263337e+01
3.411384760064277799e+01
3.439728330005413426e+01
3.468154410104120444e+01
3.496664291923075041e+01
3.525259277865443863e+01
3.553940681193161311e+01
3.582709826045196166e+01
3.611568047455822494e+01
3.640516691372891955e+01
3.669557114676101151e+01
3.698690685195264649e+01
3.727918781728586595e+01
3.757242794060925206e+01
3.786664122982071490e+01
3.816184180305013030e+01
3.845804388884209146e+01
3.875526182633857530e+01
3.905351006546168691e+01
3.935280316709631876e+01
3.965315580327290945e+01
3.995458275735008868e+01
4.025709892419743596e+01
4.056071931037814693e+01
4.086545903433175653e+01
4.117133332655685507e+01
4.147835752979377588e+01
4.178654709920728294e+01
4.209591760256932957e+01
4.240648472044171058e+01
4.271826424635878539e+01
4.303127208701019413e+01
4.334552426242354528e+01
4.366103690614713884e+01
4.397782626543266105e+01
4.429590870141787917e+01
4.461530068930936466e+01
4.493601881856518077e+01
4.525807979307761286e+01
4.558150043135584895e+01
4.590629766670868861e+01
4.623248854742725911e+01
4.656009023696771010e+01
4.688912001413393682e+01
4.721959527326023931e+01
4.755153352439408820e+01
4.788495239347879107e+01
4.821986962253619424e+01
4.855630306984942024e+01
4.889427071014553405e+01
4.923379063477828765e+01
4.957488105191078631e+01
4.991756028669820466e+01
5.026184678147053830e+01
5.060775909591521327e+01
5.095531590725988025e+01
5.130453601045507384e+01
5.165543831835693567e+01
5.200804186190993050e+01
5.236236579032947702e+01
5.271842937128476336e+01
5.307625199108137792e+01
5.343585315484404674e+01
5.379725248669931403e+01
5.416046972995825115e+01
5.452552474729918686e+01
5.489243752095038786e+01
5.526122815287277490e+01
5.563191686494262456e+01
5.600452399913424983e+01
5.637907001770276594e+01
5.675557550336673529e+01
5.713406115949089781e+01
5.751454781026887986e+01
5.789705640090588901e+01
5.828160799780141588e+01
5.866822378873195731e+01
5.905692508303371113e+01
5.944773331178527087e+01
5.984067002799032764e+01
6.023575690676040750e+01
6.063301574549755912e+01
6.103246846407704851e+01
6.143413710503006087e+01
6.183804383372643088e+01
6.224421093855733034e+01
6.265266083111795581e+01
6.306341604639028731e+01
6.347649924292573331e+01
6.389193320302786105e+01
6.430974083293511967e+01
6.472994516300352075e+01
6.515256934788934018e+01
6.557763666673184844e+01
6.600517052333597690e+01
6.643519444635505522e+01
6.686773208947354874e+01
6.730280723158963951e+01
6.774044377699810582e+01
6.818066575557284636e+01
6.862349732294974558e+01
6.906896276070925467e+01
6.951708647655918583e+01
6.996789300451736437e+01
7.042140700509433771e+01
7.087765326547609845e+01
7.133665669970680767e+01
7.179844234887144694e+01
7.226303538127855575e+01
7.273046109264294046e+01
7.320074490626836905e+01
7.367391237323028008e+01
7.414998917255846322e+01
7.462900111141979664e+01
7.511097412530099859e+01
7.559593427819116584e+01
7.608390776276468159e+01
7.657492090056378231e+01
7.706900014218132355e+01
7.756616539553667167e+01
7.806642331096728071e+01
7.856977388847315069e+01
7.907621712805429581e+01
7.958575302971068766e+01
8.009838159344235464e+01
8.061410281924926835e+01
8.113291670713145720e+01
8.165482325708892120e+01
8.217982246912163191e+01
8.270791434322960356e+01
8.323909887941283614e+01
8.377337607767134386e+01
8.431074593800509831e+01
8.485120846041414211e+01
8.539476364489843263e+01
8.594141149145796987e+01
8.649115200009278226e+01
8.704398517080285558e+01
8.759991100358820404e+01
8.815892949844879922e+01
8.872104065538465534e+01
8.928624447439578660e+01
8.985454095548217879e+01
9.042593009864383191e+01
9.100041190388074597e+01
9.157798637119292096e+01
9.215865350058035688e+01
9.274241329204305373e+01
9.332926574558102573e+01
9.391921086119425865e+01
9.451224863888273831e+01
9.510837907864649310e+01
9.570760218048550882e+01
9.630991794439978548e+01
9.691532637038932307e+01
9.752382745845410739e+01
9.813542120859419526e+01
9.875010762080951565e+01
9.936788669510009697e+01
9.998875843146595344e+01
1.006127228299070850e+02
1.012397798904234492e+02
1.018699296130151026e+02
1.025031719976820028e+02
1.031395070444241497e+02
1.037789347532415860e+02
1.044214551241342832e+02
1.050670681571022413e+02
1.057157738521454604e+02
1.063675722092639262e+02
1.070224632284576813e+02
1.076804469097266548e+02
1.083415232530709460e+02
1.090056922584904697e+02
1.096729539259852402e+02
1.103433082555553142e+02
1.110167552472006349e+02
1.116932949009212024e+02
1.123729272167170450e+02
1.130556521945881485e+02
1.137414698345345130e+02
1.144303801365561384e+02
1.151223831006530389e+02
1.158174787268251862e+02
1.165156670150726086e+02
1.172169479653952777e+02
1.179213215777932220e+02
1.186287878522664272e+02
1.193393467888148933e+02
1.200529983874386062e+02
1.207697426481376084e+02
1.214895795709118573e+02
1.222125091557613672e+02
1.229385314026861664e+02
1.236676463116862124e+02
1.243998538827615192e+02
1.251351541159120728e+02
1.258735470111379016e+02
1.266150325684389912e+02
1.273596107878153560e+02
1.281072816692669676e+02
1.288580452127938258e+02
1.296119014183959735e+02
1.303688502860734104e+02
1.311288918158260799e+02
1.318920260076540103e+02
1.326582528615571732e+02
1.334275723775356539e+02
1.341999845555893671e+02
1.349754893957183413e+02
1.357540868979226047e+02
1.365357770622021008e+02
1.373205598885568577e+02
1.381084353769868756e+02
1.388994035274921544e+02
1.396934643400727225e+02
1.404906178147285516e+02
1.412908639514596416e+02
1.420942027502659926e+02
1.429006342111475760e+02
1.437100420804969474e+02
1.445225298070944575e+02
1.453379091347097187e+02
1.461553749211889794e+02
1.469741435745450531e+02
1.477934530529573749e+02
1.486125628647719452e+02
1.494307540685012441e+02
1.502473292728244303e+02
1.510616126365872276e+02
1.518729498688018680e+02
1.526807082286470632e+02
1.534842765254682888e+02
1.542830651187775288e+02
1.550765059182531616e+02
1.558640523837403293e+02
1.566451795252507111e+02
1.574193839029624087e+02
1.581861836272202595e+02
1.589451183585356375e+02
1.596957493075863965e+02
1.604376592352170121e+02
1.611704524524385249e+02
1.618937548204286259e+02
1.626072137505314004e+02
1.633104982042576978e+02
1.640032986932847336e+02
1.646853272794564589e+02
1.653563175747833611e+02
1.660160247414423793e+02
1.666642254917771311e+02
1.673007180882976286e+02
1.679253223436806479e+02
1.685378796207696155e+02
1.691382528325742101e+02
1.697263264422708744e+02
1.703020064632026731e+02
1.708652204588790937e+02
1.714159175429762740e+02
1.719540683793368316e+02
1.724796651819700912e+02
1.729927217150519425e+02
1.734932732929247265e+02
1.739813767800973210e+02
1.744571105912452538e+02
1.749205746912106463e+02
1.753718905950021281e+02
1.758112013677948084e+02
1.762386716249306176e+02
1.766544875319178232e+02
1.770588568044314002e+02
1.774520087083128317e+02
1.778341940595700805e+02
1.782056852243779019e+02
1.785667761190773888e+02
1.789177822101762843e+02
1.792590405143489534e+02
1.795909095984362693e+02
1.799137695794456704e+02
1.802280221245511882e+02
1.805340904510933626e+02
1.808324193265793554e+02
1.811234750686829500e+02
1.814077455452444383e+02
1.816857401742705918e+02
1.819579899239348890e+02
1.822250473125772885e+02
1.824874864087043704e+02
1.827459028309892233e+02
1.830009137482716142e+02
1.832531578795578469e+02
1.835032954940206764e+02
1.837520084109994229e+02
1.840000000000000000e+02
