-150.00000    0.50000   -0.00000    0.56250
-149.68315    0.50000   -0.00000    0.56250
-149.36630    0.50000   -0.00000    0.56250
-149.04945    0.50000   -0.00000    0.56250
-148.73260    0.50000   -0.00000    0.56250
-148.41575    0.50000   -0.00000    0.56250
-148.09890    0.50000   -0.00000    0.56250
-147.78205    0.50000   -0.00000    0.56250
-147.46520    0.50000   -0.00000    0.56250
-147.14835    0.50000   -0.00000    0.56250
-146.83149    0.50000   -0.00000    0.56250
-146.51464    0.50000   -0.00000    0.56250
-146.19779    0.50000   -0.00000    0.56250
-145.88094    0.50000   -0.00000    0.56250
-145.56409    0.50000   -0.00000    0.56250
-145.24724    0.50000   -0.00000    0.56250
-144.93039    0.50000   -0.00000    0.56250
-144.61354    0.50000   -0.00000    0.56250
-144.29669    0.50000   -0.00000    0.56250
-143.97984    0.50000   -0.00000    0.56250
-143.66299    0.50000   -0.00000    0.56250
-143.34614    0.50000   -0.00000    0.56250
-143.02929    0.50000   -0.00000    0.56250
-142.71244    0.50000   -0.00000    0.56250
-142.39559    0.50000   -0.00000    0.56250
-142.07874    0.50000   -0.00000    0.56250
-141.76189    0.50000   -0.00000    0.56250
-141.44504    0.50000   -0.00000    0.56250
-141.12818    0.50000   -0.00000    0.56250
-140.81133    0.50000   -0.00000    0.56250
-140.49448    0.50000   -0.00000    0.56250
-140.17763    0.50000   -0.00000    0.56250
-139.86078    0.50000   -0.00000    0.56250
-139.54393    0.50000   -0.00000    0.56250
-139.22708    0.50000   -0.00000    0.56250
-138.91023    0.50000   -0.00000    0.56250
-138.59338    0.50000   -0.00000    0.56250
-138.27653    0.50000   -0.00000    0.56250
-137.95968    0.50000   -0.00000    0.56250
-137.64283    0.50000   -0.00000    0.56250
-137.32598    0.50000   -0.00000    0.56250
-137.00913    0.50000   -0.00000    0.56250
-136.69228    0.50000   -0.00000    0.56250
-136.37543    0.50000   -0.00000    0.56250
-136.05858    0.50000   -0.00000    0.56250
-135.74173    0.50000   -0.00000    0.56250
-135.42488    0.50000   -0.00000    0.56250
-135.10802    0.50000   -0.00000    0.56250
-134.79117    0.50000   -0.00000    0.56250
-134.47432    0.50000   -0.00000    0.56250
-134.15747    0.50000   -0.00000    0.56250
-133.84062    0.50000   -0.00000    0.56250
-133.52377    0.50000   -0.00000    0.56250
-133.20692    0.50000   -0.00000    0.56250
-132.89007    0.50000   -0.00000    0.56250
-132.57322    0.50000   -0.00000    0.56250
-132.25637    0.50000   -0.00000    0.56250
-131.93952    0.50000   -0.00000    0.56250
-131.62267    0.50000   -0.00000    0.56250
-131.30582    0.50000   -0.00000    0.56250
-130.98897    0.50000   -0.00000    0.56250
-130.67212    0.50000   -0.00000    0.56250
-130.35527    0.50000   -0.00000    0.56250
-130.03842    0.50000   -0.00000    0.56250
-129.72157    0.50000   -0.00000    0.56250
-129.40472    0.50000   -0.00000    0.56250
-129.08787    0.50000   -0.00000    0.56250
-128.77102    0.50000   -0.00000    0.56250
-128.45416    0.50000   -0.00000    0.56250
-128.13731    0.50000   -0.00000    0.56250
-127.82046    0.50000   -0.00000    0.56250
-127.50361    0.50000   -0.00000    0.56250
-127.18676    0.50000   -0.00000    0.56250
-126.86991    0.50000   -0.00000    0.56250
-126.55306    0.50000   -0.00000    0.56250
-126.23621    0.50000   -0.00000    0.56250
-125.91936    0.50000   -0.00000    0.56250
-125.60251    0.50000   -0.00000    0.56250
-125.28566    0.50000   -0.00000    0.56250
-124.96881    0.50000   -0.00000    0.56250
-124.65196    0.50000   -0.00000    0.56250
-124.33511    0.50000   -0.00000    0.56250
-124.01826    0.50000   -0.00000    0.56250
-123.70141    0.50000   -0.00000    0.56250
-123.38456    0.50000   -0.00000    0.56250
-123.06771    0.50000   -0.00000    0.56250
-122.75086    0.50000   -0.00000    0.56250
-122.43401    0.50000   -0.00000    0.56250
-122.11716    0.50000   -0.00000    0.56250
-121.80031    0.50000   -0.00000    0.56250
-121.48346    0.50000   -0.00000    0.56250
-121.16661    0.50000   -0.00000    0.56250
-120.84976    0.50000   -0.00000    0.56250
-120.53291    0.50000   -0.00000    0.56250
-120.21606    0.50000   -0.00000    0.56250
-119.89921    0.50000   -0.00000    0.56250
-119.58236    0.50000   -0.00000    0.56250
-119.26551    0.50000   -0.00000    0.56250
-118.94866    0.50000   -0.00000    0.56250
-118.63181    0.50000   -0.00000    0.56250
-118.31496    0.50000   -0.00000    0.56250
-117.99811    0.50000   -0.00000    0.56250
-117.68126    0.50000   -0.00000    0.56250
-117.36441    0.50000   -0.00000    0.56250
-117.04756    0.50000   -0.00000    0.56250
-116.73071    0.50000   -0.00000    0.56250
-116.41386    0.50000   -0.00000    0.56250
-116.09701    0.50000   -0.00000    0.56250
-115.78016    0.50000   -0.00000    0.56250
-115.46331    0.50000   -0.00000    0.56250
-115.14646    0.50000   -0.00000    0.56250
-114.82961    0.50000   -0.00000    0.56250
-114.51276    0.50000   -0.00000    0.56250
-114.19591    0.50000   -0.00000    0.56250
-113.87906    0.50000   -0.00000    0.56250
-113.56221    0.50000   -0.00000    0.56250
-113.24536    0.50000   -0.00000    0.56250
-112.92851    0.50000   -0.00000    0.56250
-112.61166    0.50000   -0.00000    0.56250
-112.29481    0.50000   -0.00000    0.56250
-111.97796    0.50000   -0.00000    0.56250
-111.66111    0.50000   -0.00000    0.56250
-111.34426    0.50000   -0.00000    0.56250
-111.02741    0.50000   -0.00000    0.56250
-110.71056    0.50000   -0.00000    0.56250
-110.39371    0.50000   -0.00000    0.56250
-110.07687    0.50000   -0.00000    0.56250
-109.76002    0.50000   -0.00000    0.56250
-109.44317    0.50000   -0.00000    0.56250
-109.12632    0.50000   -0.00000    0.56250
-108.80947    0.50000   -0.00000    0.56250
-108.49262    0.50000   -0.00000    0.56250
-108.17577    0.50000   -0.00000    0.56250
-107.85892    0.50000   -0.00000    0.56250
-107.54207    0.50000   -0.00000    0.56250
-107.22523    0.50000   -0.00000    0.56250
-106.90838    0.50000   -0.00000    0.56250
-106.59153    0.50000   -0.00000    0.56250
-106.27468    0.50000   -0.00000    0.56250
-105.95783    0.50000   -0.00000    0.56250
-105.64098    0.50000   -0.00000    0.56250
-105.32414    0.50000   -0.00000    0.56250
-105.00729    0.50000   -0.00000    0.56250
-104.69044    0.50000   -0.00000    0.56250
-104.37359    0.50000   -0.00000    0.56250
-104.05675    0.50000   -0.00000    0.56250
-103.73990    0.50000   -0.00000    0.56250
-103.42305    0.50000   -0.00000    0.56250
-103.10620    0.50000   -0.00000    0.56250
-102.78936    0.50000   -0.00000    0.56250
-102.47251    0.50000   -0.00000    0.56250
-102.15566    0.50000   -0.00000    0.56250
-101.83882    0.50000   -0.00000    0.56250
-101.52197    0.50000   -0.00000    0.56250
-101.20512    0.50000   -0.00000    0.56250
-100.88828    0.50000   -0.00000    0.56250
-100.57143    0.50000   -0.00000    0.56250
-100.25459    0.50000   -0.00000    0.56250
 -99.93774    0.50000   -0.00000    0.56250
 -99.62090    0.50000   -0.00000    0.56250
 -99.30405    0.50000   -0.00000    0.56250
 -98.98721    0.50000   -0.00000    0.56250
 -98.67036    0.50000   -0.00000    0.56250
 -98.35352    0.50000   -0.00000    0.56250
 -98.03667    0.50000   -0.00000    0.56250
 -97.71983    0.50000   -0.00000    0.56250
 -97.40299    0.50000   -0.00000    0.56250
 -97.08614    0.50000   -0.00000    0.56250
 -96.76930    0.50000   -0.00000    0.56250
 -96.45246    0.50000   -0.00000    0.56250
 -96.13562    0.50000   -0.00000    0.56250
 -95.81877    0.50000   -0.00000    0.56250
 -95.50193    0.50000   -0.00000    0.56250
 -95.18509    0.50000   -0.00000    0.56250
 -94.86825    0.50000   -0.00000    0.56250
 -94.55141    0.50000   -0.00000    0.56250
 -94.23457    0.50000   -0.00000    0.56250
 -93.91773    0.50000   -0.00000    0.56250
 -93.60089    0.50000   -0.00000    0.56250
 -93.28405    0.50000   -0.00000    0.56250
 -92.96721    0.50000   -0.00000    0.56250
 -92.65038    0.50000   -0.00000    0.56250
 -92.33354    0.50000   -0.00000    0.56250
 -92.01670    0.50000   -0.00000    0.56250
 -91.69987    0.50000   -0.00000    0.56250
 -91.38303    0.50000   -0.00000    0.56250
 -91.06620    0.50000   -0.00000    0.56250
 -90.74936    0.50000   -0.00000    0.56250
 -90.43253    0.50000   -0.00000    0.56250
 -90.11570    0.50000   -0.00000    0.56250
 -89.79886    0.50000   -0.00000    0.56250
 -89.48203    0.50000   -0.00000    0.56250
 -89.16520    0.50000   -0.00000    0.56250
 -88.84837    0.50000   -0.00000    0.56250
 -88.53154    0.50000   -0.00000    0.56250
 -88.21472    0.50000   -0.00000    0.56250
 -87.89789    0.50000   -0.00000    0.56250
 -87.58106    0.50000   -0.00000    0.56250
 -87.26424    0.50000   -0.00000    0.56250
 -86.94741    0.50000   -0.00000    0.56250
 -86.63059    0.50000   -0.00000    0.56250
 -86.31377    0.50000   -0.00000    0.56250
 -85.99695    0.50000   -0.00000    0.56250
 -85.68013    0.50000   -0.00000    0.56250
 -85.36331    0.50000   -0.00000    0.56250
 -85.04649    0.50000   -0.00000    0.56250
 -84.72968    0.50000   -0.00000    0.56250
 -84.41286    0.50000   -0.00000    0.56250
 -84.09605    0.50000   -0.00000    0.56250
 -83.77924    0.50000   -0.00000    0.56250
 -83.46243    0.50000   -0.00000    0.56250
 -83.14562    0.50000   -0.00000    0.56250
 -82.82882    0.50000   -0.00000    0.56250
 -82.51201    0.50000   -0.00000    0.56250
 -82.19521    0.50000   -0.00000    0.56250
 -81.87841    0.50000   -0.00000    0.56250
 -81.56161    0.50000   -0.00000    0.56250
 -81.24482    0.50000   -0.00000    0.56250
 -80.92802    0.50000   -0.00000    0.56250
 -80.61123    0.50000   -0.00000    0.56250
 -80.29444    0.50000   -0.00000    0.56250
 -79.97765    0.50000   -0.00000    0.56250
 -79.66087    0.50000   -0.00000    0.56250
 -79.34409    0.50000   -0.00000    0.56250
 -79.02731    0.50000   -0.00000    0.56250
 -78.71053    0.50000   -0.00000    0.56250
 -78.39376    0.50000   -0.00000    0.56250
 -78.07699    0.50000   -0.00000    0.56250
 -77.76023    0.50000   -0.00000    0.56250
 -77.44346    0.50000   -0.00000    0.56250
 -77.12670    0.50000   -0.00000    0.56250
 -76.80995    0.50000   -0.00000    0.56250
 -76.49320    0.50000   -0.00000    0.56250
 -76.17645    0.50000   -0.00000    0.56250
 -75.85971    0.50000   -0.00000    0.56250
 -75.54297    0.50000   -0.00000    0.56250
 -75.22623    0.50000   -0.00000    0.56250
 -74.90950    0.50000   -0.00000    0.56250
 -74.59278    0.50000   -0.00000    0.56250
 -74.27606    0.50000   -0.00000    0.56250
 -73.95935    0.50000   -0.00000    0.56250
 -73.64264    0.50000   -0.00000    0.56250
 -73.32593    0.50000   -0.00000    0.56250
 -73.00924    0.50000   -0.00000    0.56250
 -72.69255    0.50000   -0.00000    0.56250
 -72.37586    0.50000   -0.00000    0.56250
 -72.05919    0.50000   -0.00000    0.56250
 -71.74252    0.50000   -0.00000    0.56250
 -71.42585    0.50000   -0.00000    0.56250
 -71.10920    0.50000   -0.00000    0.56250
 -70.79255    0.50000   -0.00000    0.56250
 -70.47591    0.50000   -0.00000    0.56250
 -70.15928    0.50000   -0.00000    0.56250
 -69.84266    0.50000   -0.00000    0.56250
 -69.52605    0.50000   -0.00000    0.56250
 -69.20945    0.50000   -0.00000    0.56250
 -68.89285    0.50000   -0.00000    0.56250
 -68.57627    0.50000   -0.00000    0.56250
 -68.25970    0.50000   -0.00000    0.56250
 -67.94314    0.50000   -0.00000    0.56250
 -67.62659    0.50000   -0.00000    0.56250
 -67.31006    0.50000   -0.00000    0.56250
 -66.99354    0.50000   -0.00000    0.56250
 -66.67703    0.50000   -0.00000    0.56250
 -66.36053    0.50000   -0.00000    0.56250
 -66.04405    0.50000   -0.00000    0.56250
 -65.72758    0.50000   -0.00000    0.56250
 -65.41113    0.50000   -0.00000    0.56250
 -65.09470    0.50000   -0.00000    0.56250
 -64.77828    0.50000   -0.00000    0.56250
 -64.46188    0.50000   -0.00000    0.56250
 -64.14550    0.50000   -0.00000    0.56250
 -63.82914    0.50000   -0.00000    0.56250
 -63.51280    0.50000   -0.00000    0.56250
 -63.19648    0.50000   -0.00000    0.56250
 -62.88018    0.50000   -0.00000    0.56250
 -62.56390    0.50000   -0.00000    0.56250
 -62.24764    0.50000   -0.00000    0.56250
 -61.93141    0.50000   -0.00000    0.56250
 -61.61521    0.50000   -0.00000    0.56250
 -61.29903    0.50000   -0.00000    0.56250
 -60.98288    0.50000   -0.00000    0.56250
 -60.66675    0.50000   -0.00000    0.56250
 -60.35066    0.50000   -0.00000    0.56250
 -60.03460    0.50000   -0.00000    0.56250
 -59.71856    0.50000   -0.00000    0.56250
 -59.40256    0.50000   -0.00000    0.56250
 -59.08660    0.50000   -0.00000    0.56250
 -58.77067    0.50000   -0.00000    0.56250
 -58.45478    0.50000   -0.00000    0.56250
 -58.13893    0.50000   -0.00000    0.56250
 -57.82311    0.50000   -0.00000    0.56250
 -57.50734    0.50000   -0.00000    0.56250
 -57.19161    0.50000   -0.00000    0.56250
 -56.87593    0.50000   -0.00000    0.56250
 -56.56030    0.50000   -0.00000    0.56250
 -56.24471    0.50000   -0.00000    0.56250
 -55.92917    0.50000   -0.00000    0.56250
 -55.61369    0.50000   -0.00000    0.56250
 -55.29826    0.50000   -0.00000    0.56250
 -54.98289    0.50000   -0.00000    0.56250
 -54.66758    0.50000   -0.00000    0.56250
 -54.35233    0.50000   -0.00000    0.56250
 -54.03714    0.50000   -0.00000    0.56250
 -53.72202    0.50000   -0.00000    0.56250
 -53.40697    0.50000   -0.00000    0.56250
 -53.09199    0.50000   -0.00000    0.56250
 -52.77709    0.50000   -0.00000    0.56250
 -52.46226    0.50000   -0.00000    0.56250
 -52.14752    0.50000   -0.00000    0.56250
 -51.83286    0.50000   -0.00000    0.56250
 -51.51828    0.50000   -0.00000    0.56250
 -51.20379    0.50000   -0.00000    0.56250
 -50.88940    0.50000   -0.00000    0.56250
 -50.57511    0.50000   -0.00000    0.56250
 -50.26092    0.50000   -0.00000    0.56250
 -49.94683    0.50000   -0.00000    0.56250
 -49.63285    0.50000   -0.00000    0.56250
 -49.31898    0.50000   -0.00000    0.56250
 -49.00523    0.50000   -0.00000    0.56250
 -48.69160    0.50000   -0.00000    0.56250
 -48.37810    0.50000   -0.00000    0.56250
 -48.06473    0.50000   -0.00000    0.56250
 -47.75150    0.50000   -0.00000    0.56250
 -47.43840    0.50000   -0.00000    0.56250
 -47.12546    0.50000   -0.00000    0.56250
 -46.81266    0.50000   -0.00000    0.56250
 -46.50002    0.50000   -0.00000    0.56250
 -46.18755    0.50000   -0.00000    0.56250
 -45.87524    0.50000   -0.00000    0.56250
 -45.56311    0.50000   -0.00000    0.56250
 -45.25116    0.50000   -0.00000    0.56250
 -44.93940    0.50000   -0.00000    0.56250
 -44.62783    0.50000   -0.00000    0.56250
 -44.31646    0.50000   -0.00000    0.56250
 -44.00530    0.50000   -0.00000    0.56250
 -43.69436    0.50000   -0.00000    0.56250
 -43.38364    0.50000   -0.00000    0.56250
 -43.07316    0.50000   -0.00000    0.56250
 -42.76291    0.50000   -0.00000    0.56250
 -42.45291    0.50000   -0.00000    0.56250
 -42.14316    0.50000   -0.00000    0.56250
 -41.83368    0.50000   -0.00000    0.56250
 -41.52448    0.50000   -0.00000    0.56250
 -41.21555    0.50000   -0.00000    0.56250
 -40.90692    0.50000   -0.00000    0.56250
 -40.59859    0.50000   -0.00000    0.56250
 -40.29057    0.50000   -0.00000    0.56250
 -39.98287    0.50000   -0.00000    0.56250
 -39.67550    0.50000   -0.00000    0.56250
 -39.36847    0.50000   -0.00000    0.56250
 -39.06180    0.50000   -0.00000    0.56250
 -38.75549    0.50000   -0.00000    0.56250
 -38.44955    0.50000   -0.00000    0.56250
 -38.14400    0.50000   -0.00000    0.56250
 -37.83885    0.50000   -0.00000    0.56250
 -37.53410    0.50000   -0.00000    0.56250
 -37.22978    0.50000   -0.00000    0.56250
 -36.92588    0.50000   -0.00000    0.56250
 -36.62243    0.50000   -0.00000    0.56250
 -36.31944    0.50000   -0.00000    0.56250
 -36.01692    0.50000   -0.00000    0.56250
 -35.71487    0.50000   -0.00000    0.56250
 -35.41332    0.50000   -0.00000    0.56250
 -35.11228    0.50000   -0.00000    0.56250
 -34.81176    0.50000   -0.00000    0.56250
 -34.51177    0.50000   -0.00000    0.56250
 -34.21233    0.50000   -0.00000    0.56250
 -33.91344    0.50000   -0.00000    0.56250
 -33.61512    0.50000   -0.00000    0.56250
 -33.31739    0.50000   -0.00000    0.56250
 -33.02026    0.50000   -0.00000    0.56250
 -32.72373    0.50000   -0.00000    0.56250
 -32.42783    0.50000   -0.00000    0.56250
 -32.13256    0.50000   -0.00000    0.56250
 -31.83794    0.50000   -0.00000    0.56250
 -31.54398    0.50000   -0.00000    0.56250
 -31.25069    0.50000   -0.00000    0.56250
 -30.95809    0.50000   -0.00000    0.56250
 -30.66617    0.50000   -0.00000    0.56250
 -30.37497    0.50000   -0.00000    0.56250
 -30.08448    0.50000   -0.00000    0.56250
 -29.79473    0.50000   -0.00000    0.56250
 -29.50571    0.50000   -0.00000    0.56250
 -29.21744    0.50000   -0.00000    0.56250
 -28.92992    0.50000   -0.00000    0.56250
 -28.64318    0.50000   -0.00000    0.56250
 -28.35721    0.50000   -0.00000    0.56250
 -28.07203    0.50000   -0.00000    0.56250
 -27.78763    0.50000   -0.00000    0.56250
 -27.50404    0.50000   -0.00000    0.56250
 -27.22125    0.50000   -0.00000    0.56250
 -26.93928    0.50000   -0.00000    0.56250
 -26.65812    0.50000   -0.00000    0.56250
 -26.37779    0.50000   -0.00000    0.56250
 -26.09828    0.50000   -0.00000    0.56250
 -25.81960    0.50000   -0.00000    0.56250
 -25.54175    0.50000   -0.00000    0.56250
 -25.26474    0.50000   -0.00000    0.56250
 -24.98857    0.50000   -0.00000    0.56250
 -24.71324    0.50000   -0.00000    0.56250
 -24.43874    0.50000   -0.00000    0.56250
 -24.16509    0.50000   -0.00000    0.56250
 -23.89227    0.50000   -0.00000    0.56250
 -23.62028    0.50000   -0.00000    0.56250
 -23.34913    0.50000   -0.00000    0.56250
 -23.07881    0.50000   -0.00000    0.56250
 -22.80932    0.50000   -0.00000    0.56250
 -22.54065    0.50000   -0.00000    0.56250
 -22.27279    0.50000   -0.00000    0.56250
 -22.00575    0.50000   -0.00000    0.56250
 -21.73951    0.50000   -0.00000    0.56250
 -21.47408    0.50000   -0.00000    0.56250
 -21.20943    0.50000   -0.00000    0.56250
 -20.94557    0.50000   -0.00000    0.56250
 -20.68249    0.50000   -0.00000    0.56250
 -20.42017    0.50000   -0.00000    0.56250
 -20.15861    0.50000   -0.00000    0.56250
 -19.89781    0.50000   -0.00000    0.56250
 -19.63773    0.50000   -0.00000    0.56250
 -19.37839    0.50000   -0.00000    0.56250
 -19.11977    0.50000   -0.00000    0.56250
 -18.86185    0.50000   -0.00000    0.56250
 -18.60463    0.50000   -0.00000    0.56250
 -18.34809    0.50000   -0.00000    0.56250
 -18.09222    0.50000   -0.00000    0.56250
 -17.83701    0.50000   -0.00000    0.56250
 -17.58245    0.50000   -0.00000    0.56250
 -17.32852    0.50000   -0.00000    0.56250
 -17.07522    0.50000   -0.00000    0.56250
 -16.82252    0.50000   -0.00000    0.56250
 -16.57043    0.50000   -0.00000    0.56250
 -16.31891    0.50000   -0.00000    0.56250
 -16.06797    0.50000   -0.00000    0.56250
 -15.81759    0.50000   -0.00000    0.56250
 -15.56775    0.50000   -0.00000    0.56250
 -15.31844    0.50000   -0.00000    0.56250
 -15.06965    0.50000   -0.00000    0.56250
 -14.82137    0.50000   -0.00000    0.56250
 -14.57359    0.50000   -0.00000    0.56250
 -14.32628    0.50000   -0.00000    0.56250
 -14.07945    0.50000   -0.00000    0.56250
 -13.83307    0.50000   -0.00000    0.56250
 -13.58713    0.50000   -0.00000    0.56250
 -13.34163    0.50000   -0.00000    0.56250
 -13.09655    0.50000   -0.00000    0.56250
 -12.85187    0.50000   -0.00000    0.56250
 -12.60759    0.50000   -0.00000    0.56250
 -12.36370    0.50000    0.00000    0.56250
 -12.12018    0.50000   -0.00000    0.56250
 -11.87703    0.50000    0.00000    0.56250
 -11.63423    0.50000    0.00000    0.56250
 -11.39176    0.50000    0.00000    0.56250
 -11.14964    0.50000    0.00000    0.56250
 -10.90783    0.50000    0.00000    0.56250
 -10.66633    0.50000    0.00000    0.56250
 -10.42513    0.50000    0.00000    0.56250
 -10.18423    0.50000    0.00000    0.56251
  -9.94361    0.50000    0.00000    0.56251
  -9.70326    0.50000    0.00000    0.56252
  -9.46317    0.50000    0.00000    0.56252
  -9.22334    0.50000    0.00000    0.56254
  -8.98376    0.50000    0.00000    0.56256
  -8.74442    0.50000    0.00000    0.56259
  -8.50531    0.50000    0.00000    0.56263
  -8.26642    0.50000    0.00000    0.56269
  -8.02775    0.50000    0.00000    0.56278
  -7.78929    0.49999    0.00001    0.56291
  -7.55103    0.49999    0.00001    0.56309
  -7.31296    0.49998    0.00001    0.56334
  -7.07508    0.49997    0.00002    0.56369
  -6.83739    0.49996    0.00002    0.56416
  -6.59986    0.49993    0.00003    0.56480
  -6.36251    0.49990    0.00004    0.56565
  -6.12532    0.49984    0.00005    0.56678
  -5.88829    0.49976    0.00006    0.56825
  -5.65141    0.49965    0.00008    0.57016
  -5.41467    0.49948    0.00011    0.57260
  -5.17808    0.49925    0.00013    0.57569
  -4.94162    0.49893    0.00017    0.57957
  -4.70529    0.49850    0.00021    0.58439
  -4.46909    0.49792    0.00025    0.59031
  -4.23301    0.49714    0.00031    0.59753
  -3.99705    0.49613    0.00037    0.60625
  -3.76120    0.49483    0.00044    0.61665
  -3.52546    0.49317    0.00051    0.62895
  -3.28982    0.49110    0.00060    0.64335
  -3.05429    0.48853    0.00069    0.66008
  -2.81885    0.48539    0.00079    0.67931
  -2.58351    0.48160    0.00090    0.70125
  -2.34825    0.47708    0.00102    0.72607
  -2.11309    0.47176    0.00114    0.75392
  -1.87800    0.46555    0.00126    0.78491
  -1.64300    0.45839    0.00139    0.81917
  -1.40808    0.45022    0.00152    0.85674
  -1.17323    0.44098    0.00165    0.89769
  -0.93845    0.43063    0.00178    0.94201
  -0.70374    0.41915    0.00191    0.98969
  -0.46910    0.40651    0.00204    1.04067
  -0.23452    0.39271    0.00216    1.09489
   0.00000    0.37776    0.00228    1.15222
   0.23452    0.36168    0.00239    1.21253
   0.46910    0.34450    0.00250    1.27571
   0.70374    0.32627    0.00260    1.34160
   0.93845    0.30703    0.00269    1.41000
   1.17323    0.28686    0.00278    1.48072
   1.40808    0.26582    0.00286    1.55356
   1.64300    0.24400    0.00292    1.62830
   1.87800    0.22149    0.00298    1.70470
   2.11309    0.19837    0.00303    1.78255
   2.34825    0.17474    0.00307    1.86160
   2.58351    0.15069    0.00311    1.94163
   2.81885    0.12634    0.00313    2.02241
   3.05429    0.10176    0.00314    2.10369
   3.28982    0.07707    0.00315    2.18527
   3.52546    0.05235    0.00315    2.26691
   3.76120    0.02769    0.00313    2.34842
   3.99705    0.00319    0.00312    2.42958
   4.23301   -0.02107    0.00309    2.51021
   4.46909   -0.04501    0.00306    2.59008
   4.70529   -0.06855    0.00302    2.66901
   4.94162   -0.09164    0.00297    2.74689
   5.17808   -0.11421    0.00292    2.82357
   5.41467   -0.13621    0.00287    2.89891
   5.65141   -0.15760    0.00281    2.97278
   5.88829   -0.17833    0.00274    3.04507
   6.12532   -0.19837    0.00267    3.11568
   6.36251   -0.21769    0.00260    3.18451
   6.59986   -0.23626    0.00253    3.25148
   6.83739   -0.25407    0.00245    3.31653
   7.07508   -0.27110    0.00237    3.37960
   7.31296   -0.28735    0.00229    3.44064
   7.55103   -0.30282    0.00221    3.49962
   7.78929   -0.31749    0.00213    3.55648
   8.02775   -0.33138    0.00204    3.61118
   8.26642   -0.34449    0.00196    3.66376
   8.50531   -0.35686    0.00188    3.71423
   8.74442   -0.36848    0.00180    3.76259
   8.98376   -0.37940    0.00172    3.80886
   9.22334   -0.38961    0.00164    3.85305
   9.46317   -0.39915    0.00156    3.89519
   9.70326   -0.40804    0.00148    3.93532
   9.94361   -0.41631    0.00140    3.97347
  10.18423   -0.42398    0.00133    4.00968
  10.42513   -0.43107    0.00126    4.04397
  10.66633   -0.43762    0.00119    4.07640
  10.90783   -0.44365    0.00112    4.10704
  11.14964   -0.44920    0.00105    4.13595
  11.39176   -0.45429    0.00099    4.16318
  11.63423   -0.45895    0.00093    4.18879
  11.87703   -0.46322    0.00087    4.21285
  12.12018   -0.46710    0.00081    4.23542
  12.36370   -0.47064    0.00076    4.25655
  12.60759   -0.47384    0.00071    4.27627
  12.85187   -0.47674    0.00066    4.29467
  13.09655   -0.47935    0.00061    4.31182
  13.34163   -0.48172    0.00057    4.32779
  13.58713   -0.48385    0.00053    4.34263
  13.83307   -0.48576    0.00049    4.35641
  14.07945   -0.48747    0.00045    4.36917
  14.32628   -0.48899    0.00042    4.38095
  14.57359   -0.49035    0.00038    4.39182
  14.82137   -0.49156    0.00035    4.40186
  15.06965   -0.49264    0.00032    4.41109
  15.31844   -0.49359    0.00030    4.41959
  15.56775   -0.49444    0.00027    4.42739
  15.81759   -0.49518    0.00025    4.43452
  16.06797   -0.49583    0.00023    4.44104
  16.31891   -0.49640    0.00021    4.44699
  16.57043   -0.49690    0.00019    4.45243
  16.82252   -0.49734    0.00017    4.45738
  17.07522   -0.49772    0.00015    4.46187
  17.32852   -0.49805    0.00014    4.46594
  17.58245   -0.49834    0.00013    4.46963
  17.83701   -0.49859    0.00011    4.47296
  18.09222   -0.49880    0.00010    4.47598
  18.34809   -0.49898    0.00009    4.47868
  18.60463   -0.49914    0.00008    4.48112
  18.86185   -0.49928    0.00007    4.48331
  19.11977   -0.49939    0.00007    4.48527
  19.37839   -0.49949    0.00006    4.48702
  19.63773   -0.49957    0.00005    4.48858
  19.89781   -0.49964    0.00005    4.48998
  20.15861   -0.49970    0.00004    4.49122
  20.42017   -0.49976    0.00004    4.49232
  20.68249   -0.49980    0.00003    4.49329
  20.94557   -0.49983    0.00003    4.49416
  21.20943   -0.49986    0.00002    4.49492
  21.47408   -0.49989    0.00002    4.49559
  21.73951   -0.49991    0.00002    4.49618
  22.00575   -0.49992    0.00002    4.49670
  22.27279   -0.49994    0.00001    4.49715
  22.54065   -0.49995    0.00001    4.49755
  22.80932   -0.49996    0.00001    4.49789
  23.07881   -0.49997    0.00001    4.49819
  23.34913   -0.49997    0.00001    4.49845
  23.62028   -0.49998    0.00001    4.49868
  23.89227   -0.49998    0.00001    4.49887
  24.16509   -0.49999    0.00001    4.49904
  24.43874   -0.49999    0.00000    4.49919
  24.71324   -0.49999    0.00000    4.49931
  24.98857   -0.49999    0.00000    4.49942
  25.26474   -0.49999    0.00000    4.49951
  25.54175   -0.50000    0.00000    4.49959
  25.81960   -0.50000    0.00000    4.49965
  26.09828   -0.50000    0.00000    4.49971
  26.37779   -0.50000    0.00000    4.49976
  26.65812   -0.50000    0.00000    4.49980
  26.93928   -0.50000    0.00000    4.49983
  27.22125   -0.50000    0.00000    4.49986
  27.50404   -0.50000    0.00000    4.49988
  27.78763   -0.50000    0.00000    4.49990
  28.07203   -0.50000    0.00000    4.49992
  28.35721   -0.50000    0.00000    4.49994
  28.64318   -0.50000    0.00000    4.49995
  28.92992   -0.50000    0.00000    4.49996
  29.21744   -0.50000    0.00000    4.49996
  29.50571   -0.50000    0.00000    4.49997
  29.79473   -0.50000    0.00000    4.49998
  30.08448   -0.50000    0.00000    4.49998
  30.37497   -0.50000    0.00000    4.49998
  30.66617   -0.50000    0.00000    4.49999
  30.95809   -0.50000    0.00000    4.49999
  31.25069   -0.50000    0.00000    4.49999
  31.54398   -0.50000    0.00000    4.49999
  31.83794   -0.50000    0.00000    4.49999
  32.13256   -0.50000    0.00000    4.50000
  32.42783   -0.50000    0.00000    4.50000
  32.72373   -0.50000    0.00000    4.50000
  33.02026   -0.50000    0.00000    4.50000
  33.31739   -0.50000    0.00000    4.50000
  33.61512   -0.50000    0.00000    4.50000
  33.91344   -0.50000    0.00000    4.50000
  34.21233   -0.50000    0.00000    4.50000
  34.51177   -0.50000    0.00000    4.50000
  34.81176   -0.50000    0.00000    4.50000
  35.11228   -0.50000   -0.00000    4.50000
  35.41332   -0.50000   -0.00000    4.50000
  35.71487   -0.50000   -0.00000    4.50000
  36.01692   -0.50000   -0.00000    4.50000
  36.31944   -0.50000   -0.00000    4.50000
  36.62243   -0.50000   -0.00000    4.50000
  36.92588   -0.50000   -0.00000    4.50000
  37.22978   -0.50000   -0.00000    4.50000
  37.53410   -0.50000   -0.00000    4.50000
  37.83885   -0.50000   -0.00000    4.50000
  38.14400   -0.50000   -0.00000    4.50000
  38.44955   -0.50000   -0.00000    4.50000
  38.75549   -0.50000   -0.00000    4.50000
  39.06180   -0.50000   -0.00000    4.50000
  39.36847   -0.50000   -0.00000    4.50000
  39.67550   -0.50000   -0.00000    4.50000
  39.98287   -0.50000   -0.00000    4.50000
  40.29057   -0.50000   -0.00000    4.50000
  40.59859   -0.50000   -0.00000    4.50000
  40.90692   -0.50000   -0.00000    4.50000
  41.21555   -0.50000   -0.00000    4.50000
  41.52448   -0.50000   -0.00000    4.50000
  41.83368   -0.50000   -0.00000    4.50000
  42.14316   -0.50000   -0.00000    4.50000
  42.45291   -0.50000   -0.00000    4.50000
  42.76291   -0.50000   -0.00000    4.50000
  43.07316   -0.50000   -0.00000    4.50000
  43.38364   -0.50000   -0.00000    4.50000
  43.69436   -0.50000   -0.00000    4.50000
  44.00530   -0.50000   -0.00000    4.50000
  44.31646   -0.50000   -0.00000    4.50000
  44.62783   -0.50000   -0.00000    4.50000
  44.93940   -0.50000   -0.00000    4.50000
  45.25116   -0.50000   -0.00000    4.50000
  45.56311   -0.50000   -0.00000    4.50000
  45.87524   -0.50000   -0.00000    4.50000
  46.18755   -0.50000   -0.00000    4.50000
  46.50002   -0.50000   -0.00000    4.50000
  46.81266   -0.50000   -0.00000    4.50000
  47.12546   -0.50000   -0.00000    4.50000
  47.43840   -0.50000   -0.00000    4.50000
  47.75150   -0.50000   -0.00000    4.50000
  48.06473   -0.50000   -0.00000    4.50000
  48.37810   -0.50000   -0.00000    4.50000
  48.69160   -0.50000   -0.00000    4.50000
  49.00523   -0.50000   -0.00000    4.50000
  49.31898   -0.50000   -0.00000    4.50000
  49.63285   -0.50000   -0.00000    4.50000
  49.94683   -0.50000   -0.00000    4.50000
  50.26092   -0.50000   -0.00000    4.50000
  50.57511   -0.50000   -0.00000    4.50000
  50.88940   -0.50000   -0.00000    4.50000
  51.20379   -0.50000   -0.00000    4.50000
  51.51828   -0.50000   -0.00000    4.50000
  51.83286   -0.50000   -0.00000    4.50000
  52.14752   -0.50000   -0.00000    4.50000
  52.46226   -0.50000   -0.00000    4.50000
  52.77709   -0.50000   -0.00000    4.50000
  53.09199   -0.50000   -0.00000    4.50000
  53.40697   -0.50000   -0.00000    4.50000
  53.72202   -0.50000   -0.00000    4.50000
  54.03714   -0.50000   -0.00000    4.50000
  54.35233   -0.50000   -0.00000    4.50000
  54.66758   -0.50000   -0.00000    4.50000
  54.98289   -0.50000   -0.00000    4.50000
  55.29826   -0.50000   -0.00000    4.50000
  55.61369   -0.50000   -0.00000    4.50000
  55.92917   -0.50000   -0.00000    4.50000
  56.24471   -0.50000   -0.00000    4.50000
  56.56030   -0.50000   -0.00000    4.50000
  56.87593   -0.50000   -0.00000    4.50000
  57.19161   -0.50000   -0.00000    4.50000
  57.50734   -0.50000   -0.00000    4.50000
  57.82311   -0.50000   -0.00000    4.50000
  58.13893   -0.50000   -0.00000    4.50000
  58.45478   -0.50000   -0.00000    4.50000
  58.77067   -0.50000   -0.00000    4.50000
  59.08660   -0.50000   -0.00000    4.50000
  59.40256   -0.50000   -0.00000    4.50000
  59.71856   -0.50000   -0.00000    4.50000
  60.03460   -0.50000   -0.00000    4.50000
  60.35066   -0.50000   -0.00000    4.50000
  60.66675   -0.50000   -0.00000    4.50000
  60.98288   -0.50000   -0.00000    4.50000
  61.29903   -0.50000   -0.00000    4.50000
  61.61521   -0.50000   -0.00000    4.50000
  61.93141   -0.50000   -0.00000    4.50000
  62.24764   -0.50000   -0.00000    4.50000
  62.56390   -0.50000   -0.00000    4.50000
  62.88018   -0.50000   -0.00000    4.50000
  63.19648   -0.50000   -0.00000    4.50000
  63.51280   -0.50000   -0.00000    4.50000
  63.82914   -0.50000   -0.00000    4.50000
  64.14550   -0.50000   -0.00000    4.50000
  64.46188   -0.50000   -0.00000    4.50000
  64.77828   -0.50000   -0.00000    4.50000
  65.09470   -0.50000   -0.00000    4.50000
  65.41113   -0.50000   -0.00000    4.50000
  65.72758   -0.50000   -0.00000    4.50000
  66.04405   -0.50000   -0.00000    4.50000
  66.36053   -0.50000   -0.00000    4.50000
  66.67703   -0.50000   -0.00000    4.50000
  66.99354   -0.50000   -0.00000    4.50000
  67.31006   -0.50000   -0.00000    4.50000
  67.62659   -0.50000   -0.00000    4.50000
  67.94314   -0.50000   -0.00000    4.50000
  68.25970   -0.50000   -0.00000    4.50000
  68.57627   -0.50000   -0.00000    4.50000
  68.89285   -0.50000   -0.00000    4.50000
  69.20945   -0.50000   -0.00000    4.50000
  69.52605   -0.50000   -0.00000    4.50000
  69.84266   -0.50000   -0.00000    4.50000
  70.15928   -0.50000   -0.00000    4.50000
  70.47591   -0.50000   -0.00000    4.50000
  70.79255   -0.50000   -0.00000    4.50000
  71.10920   -0.50000   -0.00000    4.50000
  71.42585   -0.50000   -0.00000    4.50000
  71.74252   -0.50000   -0.00000    4.50000
  72.05919   -0.50000   -0.00000    4.50000
  72.37586   -0.50000   -0.00000    4.50000
  72.69255   -0.50000   -0.00000    4.50000
  73.00924   -0.50000   -0.00000    4.50000
  73.32593   -0.50000   -0.00000    4.50000
  73.64264   -0.50000   -0.00000    4.50000
  73.95935   -0.50000   -0.00000    4.50000
  74.27606   -0.50000   -0.00000    4.50000
  74.59278   -0.50000   -0.00000    4.50000
  74.90950   -0.50000   -0.00000    4.50000
  75.22623   -0.50000   -0.00000    4.50000
  75.54297   -0.50000   -0.00000    4.50000
  75.85971   -0.50000   -0.00000    4.50000
  76.17645   -0.50000   -0.00000    4.50000
  76.49320   -0.50000   -0.00000    4.50000
  76.80995   -0.50000   -0.00000    4.50000
  77.12670   -0.50000   -0.00000    4.50000
  77.44346   -0.50000   -0.00000    4.50000
  77.76023   -0.50000   -0.00000    4.50000
  78.07699   -0.50000   -0.00000    4.50000
  78.39376   -0.50000   -0.00000    4.50000
  78.71053   -0.50000   -0.00000    4.50000
  79.02731   -0.50000   -0.00000    4.50000
  79.34409   -0.50000   -0.00000    4.50000
  79.66087   -0.50000   -0.00000    4.50000
  79.97765   -0.50000   -0.00000    4.50000
  80.29444   -0.50000   -0.00000    4.50000
  80.61123   -0.50000   -0.00000    4.50000
  80.92802   -0.50000   -0.00000    4.50000
  81.24482   -0.50000   -0.00000    4.50000
  81.56161   -0.50000   -0.00000    4.50000
  81.87841   -0.50000   -0.00000    4.50000
  82.19521   -0.50000   -0.00000    4.50000
  82.51201   -0.50000   -0.00000    4.50000
  82.82882   -0.50000   -0.00000    4.50000
  83.14562   -0.50000   -0.00000    4.50000
  83.46243   -0.50000   -0.00000    4.50000
  83.77924   -0.50000   -0.00000    4.50000
  84.09605   -0.50000   -0.00000    4.50000
  84.41286   -0.50000   -0.00000    4.50000
  84.72968   -0.50000   -0.00000    4.50000
  85.04649   -0.50000   -0.00000    4.50000
  85.36331   -0.50000   -0.00000    4.50000
  85.68013   -0.50000   -0.00000    4.50000
  85.99695   -0.50000   -0.00000    4.50000
  86.31377   -0.50000   -0.00000    4.50000
  86.63059   -0.50000   -0.00000    4.50000
  86.94741   -0.50000   -0.00000    4.50000
  87.26424   -0.50000   -0.00000    4.50000
  87.58106   -0.50000   -0.00000    4.50000
  87.89789   -0.50000   -0.00000    4.50000
  88.21472   -0.50000   -0.00000    4.50000
  88.53154   -0.50000   -0.00000    4.50000
  88.84837   -0.50000   -0.00000    4.50000
  89.16520   -0.50000   -0.00000    4.50000
  89.48203   -0.50000   -0.00000    4.50000
  89.79886   -0.50000   -0.00000    4.50000
  90.11570   -0.50000   -0.00000    4.50000
  90.43253   -0.50000   -0.00000    4.50000
  90.74936   -0.50000   -0.00000    4.50000
  91.06620   -0.50000   -0.00000    4.50000
  91.38303   -0.50000   -0.00000    4.50000
  91.69987   -0.50000   -0.00000    4.50000
  92.01670   -0.50000   -0.00000    4.50000
  92.33354   -0.50000   -0.00000    4.50000
  92.65038   -0.50000   -0.00000    4.50000
  92.96721   -0.50000   -0.00000    4.50000
  93.28405   -0.50000   -0.00000    4.50000
  93.60089   -0.50000   -0.00000    4.50000
  93.91773   -0.50000   -0.00000    4.50000
  94.23457   -0.50000   -0.00000    4.50000
  94.55141   -0.50000   -0.00000    4.50000
  94.86825   -0.50000   -0.00000    4.50000
  95.18509   -0.50000   -0.00000    4.50000
  95.50193   -0.50000   -0.00000    4.50000
  95.81877   -0.50000   -0.00000    4.50000
  96.13562   -0.50000   -0.00000    4.50000
  96.45246   -0.50000   -0.00000    4.50000
  96.76930   -0.50000   -0.00000    4.50000
  97.08614   -0.50000   -0.00000    4.50000
  97.40299   -0.50000   -0.00000    4.50000
  97.71983   -0.50000   -0.00000    4.50000
  98.03667   -0.50000   -0.00000    4.50000
  98.35352   -0.50000   -0.00000    4.50000
  98.67036   -0.50000   -0.00000    4.50000
  98.98721   -0.50000   -0.00000    4.50000
  99.30405   -0.50000   -0.00000    4.50000
  99.62090   -0.50000   -0.00000    4.50000
  99.93774   -0.50000   -0.00000    4.50000
 100.25459   -0.50000   -0.00000    4.50000
 100.57143   -0.50000   -0.00000    4.50000
 100.88828   -0.50000   -0.00000    4.50000
 101.20512   -0.50000   -0.00000    4.50000
 101.52197   -0.50000   -0.00000    4.50000
 101.83882   -0.50000   -0.00000    4.50000
 102.15566   -0.50000   -0.00000    4.50000
 102.47251   -0.50000   -0.00000    4.50000
 102.78936   -0.50000   -0.00000    4.50000
 103.10620   -0.50000   -0.00000    4.50000
 103.42305   -0.50000   -0.00000    4.50000
 103.73990   -0.50000   -0.00000    4.50000
 104.05675   -0.50000   -0.00000    4.50000
 104.37359   -0.50000   -0.00000    4.50000
 104.69044   -0.50000   -0.00000    4.50000
 105.00729   -0.50000   -0.00000    4.50000
 105.32414   -0.50000   -0.00000    4.50000
 105.64098   -0.50000   -0.00000    4.50000
 105.95783   -0.50000   -0.00000    4.50000
 106.27468   -0.50000   -0.00000    4.50000
 106.59153   -0.50000   -0.00000    4.50000
 106.90838   -0.50000   -0.00000    4.50000
 107.22523   -0.50000   -0.00000    4.50000
 107.54207   -0.50000   -0.00000    4.50000
 107.85892   -0.50000   -0.00000    4.50000
 108.17577   -0.50000   -0.00000    4.50000
 108.49262   -0.50000   -0.00000    4.50000
 108.80947   -0.50000   -0.00000    4.50000
 109.12632   -0.50000   -0.00000    4.50000
 109.44317   -0.50000   -0.00000    4.50000
 109.76002   -0.50000   -0.00000    4.50000
 110.07687   -0.50000   -0.00000    4.50000
 110.39371   -0.50000   -0.00000    4.50000
 110.71056   -0.50000   -0.00000    4.50000
 111.02741   -0.50000   -0.00000    4.50000
 111.34426   -0.50000   -0.00000    4.50000
 111.66111   -0.50000   -0.00000    4.50000
 111.97796   -0.50000   -0.00000    4.50000
 112.29481   -0.50000   -0.00000    4.50000
 112.61166   -0.50000   -0.00000    4.50000
 112.92851   -0.50000   -0.00000    4.50000
 113.24536   -0.50000   -0.00000    4.50000
 113.56221   -0.50000   -0.00000    4.50000
 113.87906   -0.50000   -0.00000    4.50000
 114.19591   -0.50000   -0.00000    4.50000
 114.51276   -0.50000   -0.00000    4.50000
 114.82961   -0.50000   -0.00000    4.50000
 115.14646   -0.50000   -0.00000    4.50000
 115.46331   -0.50000   -0.00000    4.50000
 115.78016   -0.50000   -0.00000    4.50000
 116.09701   -0.50000   -0.00000    4.50000
 116.41386   -0.50000   -0.00000    4.50000
 116.73071   -0.50000   -0.00000    4.50000
 117.04756   -0.50000   -0.00000    4.50000
 117.36441   -0.50000   -0.00000    4.50000
 117.68126   -0.50000   -0.00000    4.50000
 117.99811   -0.50000   -0.00000    4.50000
 118.31496   -0.50000   -0.00000    4.50000
 118.63181   -0.50000   -0.00000    4.50000
 118.94866   -0.50000   -0.00000    4.50000
 119.26551   -0.50000   -0.00000    4.50000
 119.58236   -0.50000   -0.00000    4.50000
 119.89921   -0.50000   -0.00000    4.50000
 120.21606   -0.50000   -0.00000    4.50000
 120.53291   -0.50000   -0.00000    4.50000
 120.84976   -0.50000   -0.00000    4.50000
 121.16661   -0.50000   -0.00000    4.50000
 121.48346   -0.50000   -0.00000    4.50000
 121.80031   -0.50000   -0.00000    4.50000
 122.11716   -0.50000   -0.00000    4.50000
 122.43401   -0.50000   -0.00000    4.50000
 122.75086   -0.50000   -0.00000    4.50000
 123.06771   -0.50000   -0.00000    4.50000
 123.38456   -0.50000   -0.00000    4.50000
 123.70141   -0.50000   -0.00000    4.50000
 124.01826   -0.50000   -0.00000    4.50000
 124.33511   -0.50000   -0.00000    4.50000
 124.65196   -0.50000   -0.00000    4.50000
 124.96881   -0.50000   -0.00000    4.50000
 125.28566   -0.50000   -0.00000    4.50000
 125.60251   -0.50000   -0.00000    4.50000
 125.91936   -0.50000   -0.00000    4.50000
 126.23621   -0.50000   -0.00000    4.50000
 126.55306   -0.50000   -0.00000    4.50000
 126.86991   -0.50000   -0.00000    4.50000
 127.18676   -0.50000   -0.00000    4.50000
 127.50361   -0.50000   -0.00000    4.50000
 127.82046   -0.50000   -0.00000    4.50000
 128.13731   -0.50000   -0.00000    4.50000
 128.45416   -0.50000   -0.00000    4.50000
 128.77102   -0.50000   -0.00000    4.50000
 129.08787   -0.50000   -0.00000    4.50000
 129.40472   -0.50000   -0.00000    4.50000
 129.72157   -0.50000   -0.00000    4.50000
 130.03842   -0.50000   -0.00000    4.50000
 130.35527   -0.50000   -0.00000    4.50000
 130.67212   -0.50000   -0.00000    4.50000
 130.98897   -0.50000   -0.00000    4.50000
 131.30582   -0.50000   -0.00000    4.50000
 131.62267   -0.50000   -0.00000    4.50000
 131.93952   -0.50000   -0.00000    4.50000
 132.25637   -0.50000   -0.00000    4.50000
 132.57322   -0.50000   -0.00000    4.50000
 132.89007   -0.50000   -0.00000    4.50000
 133.20692   -0.50000   -0.00000    4.50000
 133.52377   -0.50000   -0.00000    4.50000
 133.84062   -0.50000   -0.00000    4.50000
 134.15747   -0.50000   -0.00000    4.50000
 134.47432   -0.50000   -0.00000    4.50000
 134.79117   -0.50000   -0.00000    4.50000
 135.10802   -0.50000   -0.00000    4.50000
 135.42488   -0.50000   -0.00000    4.50000
 135.74173   -0.50000   -0.00000    4.50000
 136.05858   -0.50000   -0.00000    4.50000
 136.37543   -0.50000   -0.00000    4.50000
 136.69228   -0.50000   -0.00000    4.50000
 137.00913   -0.50000   -0.00000    4.50000
 137.32598   -0.50000   -0.00000    4.50000
 137.64283   -0.50000   -0.00000    4.50000
 137.95968   -0.50000   -0.00000    4.50000
 138.27653   -0.50000   -0.00000    4.50000
 138.59338   -0.50000   -0.00000    4.50000
 138.91023   -0.50000   -0.00000    4.50000
 139.22708   -0.50000   -0.00000    4.50000
 139.54393   -0.50000   -0.00000    4.50000
 139.86078   -0.50000   -0.00000    4.50000
 140.17763   -0.50000   -0.00000    4.50000
 140.49448   -0.50000   -0.00000    4.50000
 140.81133   -0.50000   -0.00000    4.50000
 141.12818   -0.50000   -0.00000    4.50000
 141.44504   -0.50000   -0.00000    4.50000
 141.76189   -0.50000   -0.00000    4.50000
 142.07874   -0.50000   -0.00000    4.50000
 142.39559   -0.50000   -0.00000    4.50000
 142.71244   -0.50000   -0.00000    4.50000
 143.02929   -0.50000   -0.00000    4.50000
 143.34614   -0.50000   -0.00000    4.50000
 143.66299   -0.50000   -0.00000    4.50000
 143.97984   -0.50000   -0.00000    4.50000
 144.29669   -0.50000   -0.00000    4.50000
 144.61354   -0.50000   -0.00000    4.50000
 144.93039   -0.50000   -0.00000    4.50000
 145.24724   -0.50000   -0.00000    4.50000
 145.56409   -0.50000   -0.00000    4.50000
 145.88094   -0.50000   -0.00000    4.50000
 146.19779   -0.50000   -0.00000    4.50000
 146.51464   -0.50000   -0.00000    4.50000
 146.83149   -0.50000   -0.00000    4.50000
 147.14835   -0.50000   -0.00000    4.50000
 147.46520   -0.50000   -0.00000    4.50000
 147.78205   -0.50000   -0.00000    4.50000
 148.09890   -0.50000   -0.00000    4.50000
 148.41575   -0.50000   -0.00000    4.50000
 148.73260   -0.50000   -0.00000    4.50000
 149.04945   -0.50000   -0.00000    4.50000
 149.36630   -0.50000   -0.00000    4.50000
 149.68315   -0.50000   -0.00000    4.50000
 150.00000   -0.50000   -0.00000    4.50000
