-1.720000000000000000e+02
-1.711224546515233271e+02
-1.702449100532701323e+02
-1.693673662607858432e+02
-1.684898233337282818e+02
-1.676122813361720318e+02
-1.667347403369354026e+02
-1.658572004099316359e+02
-1.649796616345459483e+02
-1.641021240960407965e+02
-1.632245878859907009e+02
-1.623470531027496691e+02
-1.614695198519528958e+02
-1.605919882470558093e+02
-1.597144584099129077e+02
-1.588369304713992278e+02
-1.579594045720783413e+02
-1.570818808629190642e+02
-1.562043595060658561e+02
-1.553268406756657214e+02
-1.544493245587565298e+02
-1.535718113562209339e+02
-1.526943012838109439e+02
-1.518167945732481598e+02
-1.509392914734055466e+02
-1.500617922515762359e+02
-1.491842971948365175e+02
-1.483068066115094723e+02
-1.474293208327366642e+02
-1.465518402141661625e+02
-1.456743651377651645e+02
-1.447968960137667125e+02
-1.439194332827601670e+02
-1.430419774179359251e+02
-1.421645289274961499e+02
-1.412870883572435048e+02
-1.404096562933607686e+02
-1.395322333653957969e+02
-1.386548202494667805e+02
-1.377774176717037449e+02
-1.369000264119441113e+02
-1.360226473077004812e+02
-1.351452812584213348e+02
-1.342679292300648797e+02
-1.333905922600106067e+02
-1.325132714623319714e+02
-1.316359680334573170e+02
-1.307586832582472027e+02
-1.298814185165184938e+02
-1.290041752900480958e+02
-1.281269551700909233e+02
-1.272497598654496613e+02
-1.263725912111368928e+02
-1.254954511776717538e+02
-1.246183418810578303e+02
-1.237412655934913630e+02
-1.228642247548524580e+02
-1.219872219850359727e+02
-1.211102600971823335e+02
-1.202333421118730286e+02
-1.193564712723601815e+02
-1.184796510609033646e+02
-1.176028852162936431e+02
-1.167261777526483542e+02
-1.158495329795672859e+02
-1.149729555237460659e+02
-1.140964503521494748e+02
-1.132200227968541100e+02
-1.123436785816764854e+02
-1.114674238507113131e+02
-1.105912651989114011e+02
-1.097152097048498121e+02
-1.088392649658133422e+02
-1.079634391353856699e+02
-1.070877409636880486e+02
-1.062121798404552777e+02
-1.053367658411353460e+02
-1.044615097762112725e+02
-1.035864232439551955e+02
-1.027115186868358023e+02
-1.018368094518112912e+02
-1.009623098547524194e+02
-1.000880352492509644e+02
-9.921400210008130216e+01
-9.834022806159300956e+01
-9.746673206132494727e+01
-9.659353438914008905e+01
-9.572065679219096523e+01
-9.484812257603401520e+01
-9.397595671221768043e+01
-9.310418595267545072e+01
-9.223283895125754839e+01
-9.136194639273587370e+01
-9.049154112961427643e+01
-8.962165832706965318e+01
-8.875233561633820045e+01
-8.788361325684523706e+01
-8.701553430735341976e+01
-8.614814480637522820e+01
-8.528149396205587607e+01
-8.441563435168528429e+01
-8.355062213093800949e+01
-8.268651725286757426e+01
-8.182338369659569821e+01
-8.096128970553404258e+01
-8.010030803485521744e+01
-7.924051620779000871e+01
-7.838199678016451344e+01
-7.752483761240517879e+01
-7.666913214802606547e+01
-7.581497969737324638e+01
-7.496248572512980957e+01
-7.411176213978384908e+01
-7.326292758292665042e+01
-7.241610771588231898e+01
-7.157143550076787619e+01
-7.072905147265204562e+01
-6.988910399901737946e+01
-6.905174952224199103e+01
-6.821715278030636398e+01
-6.738548700040612971e+01
-6.655693405962091447e+01
-6.573168460626548892e+01
-6.490993813504547916e+01
-6.409190300867389567e+01
-6.327779641819648759e+01
-6.246784427394609907e+01
-6.166228101882644808e+01
-6.086134935554049719e+01
-6.006529987946083793e+01
-5.927439060911876823e+01
-5.848888640679967921e+01
-5.770905828250302250e+01
-5.693518257558508822e+01
-5.616754000977462624e+01
-5.540641461894915665e+01
-5.465209254309048958e+01
-5.390486069619468878e+01
-5.316500531057327805e+01
-5.243281036491133307e+01
-5.170855590658743495e+01
-5.099251628203944620e+01
-5.028495829228032221e+01
-4.958613929392642206e+01
-4.889630526916982944e+01
-4.821568889087484422e+01
-4.754450761127280600e+01
-4.688296180443488481e+01
-4.623123299369896699e+01
-4.558948219541497338e+01
-4.495784840967620255e+01
-4.433644728708517846e+01
-4.372536999806098379e+01
-4.312468232777331423e+01
-4.253442401557344965e+01
-4.195460835291032708e+01
-4.138522204833500950e+01
-4.082622536249621703e+01
-4.027755251022423977e+01
-3.973911232110003766e+01
-3.921078914452101571e+01
-3.869244398039398902e+01
-3.818391581236892307e+01
-3.768502311710795993e+01
-3.719556552053992959e+01
-3.671532557043354927e+01
-3.624407059392444808e+01
-3.578155460882061334e+01
-3.532752025850561495e+01
-3.488170074196651171e+01
-3.444382171276549798e+01
-3.401360312352389315e+01
-3.359076099555673522e+01
-3.317500909655240093e+01
-3.276606051251485496e+01
-3.236362910346232979e+01
-3.196743083551729114e+01
-3.157718498495094650e+01
-3.119261521240701995e+01
-3.081345050788610251e+01
-3.043942600910278884e+01
-3.007028369752572416e+01
-2.970577297778240222e+01
-2.934565114716977519e+01
-2.898968376278421033e+01
-2.863764491429282089e+01
-2.828931741064985772e+01
-2.794449288914228191e+01
-2.760297185506451001e+01
-2.726456366010174293e+01
-2.692908642717438283e+01
-2.659636692908679834e+01
-2.626624042785843471e+01
-2.593855048111129236e+01
-2.561314872136273380e+01
-2.528989461354407808e+01
-2.496865519553824697e+01
-2.464930480602123453e+01
-2.433172480340169841e+01
-2.401580327919151614e+01
-2.370143476870765653e+01
-2.338851996160400404e+01
-2.307696541436649795e+01
-2.276668326656874797e+01
-2.245759096238455754e+01
-2.214961097858324024e+01
-2.184267055999211493e+01
-2.153670146319956302e+01
-2.123163970908382225e+01
-2.092742534459145531e+01
-2.062400221404780609e+01
-2.032131774016301051e+01
-2.001932271479182646e+01
-1.971797109942181692e+01
-1.941721983529023987e+01
-1.911702866297187597e+01
-1.881735995123045768e+01
-1.851817853488913102e+01
-1.821945156144403200e+01
-1.792114834612328877e+01
-1.762324023507667903e+01
-1.732570047637062771e+01
-1.702850409845677859e+01
-1.673162779577864967e+01
-1.643504982118372482e+01
-1.613874988480901607e+01
-1.584270905911566274e+01
-1.554690968975413057e+01
-1.525133531195001524e+01
-1.495597057211153924e+01
-1.466080115436793108e+01
-1.436581371176100674e+01
-1.407099580182210730e+01
-1.377633582627902342e+01
-1.348182297464879298e+01
-1.318744717148345558e+01
-1.289319902704812648e+01
-1.259906979122163762e+01
-1.230505131042019684e+01
-1.201113598735713595e+01
-1.171731674345932106e+01
-1.142358698377395854e+01
-1.112994056420635047e+01
-1.083637176093992593e+01
-1.054287524189814462e+01
-1.024944604011622573e+01
-9.956079528898527542e+00
-9.662771398645247700e+00
-9.369517635239105857e+00
-9.076314499888951559e+00
-8.783158510335255187e+00
-8.490046423325878777e+00
-8.196975218279419551e+00
-7.903942082055294804e+00
-7.610944394758803355e+00
-7.317979716509739774e+00
-7.025045775111863122e+00
-6.732140454561658771e+00
-6.439261784339947781e+00
-6.146407929434133166e+00
-5.853577181041515587e+00
-5.560767947907208963e+00
-5.267978748254336097e+00
-4.975208202266003354e+00
-4.682455025081679878e+00
-4.389718020272965759e+00
-4.096996073766433710e+00
-3.804288148182621399e+00
-3.511593277563179072e+00
-3.218910562459853963e+00
-2.926239165359845629e+00
-2.633578306425903293e+00
-2.340927259527859405e+00
-2.048285348547608464e+00
-1.755651943937294845e+00
-1.463026459514054523e+00
-1.170408349475337673e+00
-8.777971056188960119e-01
-5.851922547543608744e-01
-2.925933562923432874e-01
1.421085471520200372e-13
2.925933562926275044e-01
5.851922547546450915e-01
8.777971056191802290e-01
1.170408349475621890e+00
1.463026459514367161e+00
1.755651943937579063e+00
2.048285348547892681e+00
2.340927259528143622e+00
2.633578306426187510e+00
2.926239165360158268e+00
3.218910562460081337e+00
3.511593277563463289e+00
3.804288148182905616e+00
4.096996073766717927e+00
4.389718020273249977e+00
4.682455025081964095e+00
4.975208202266315993e+00
5.267978748254620314e+00
5.560767947907493181e+00
5.853577181041799804e+00
6.146407929434417383e+00
6.439261784340231998e+00
6.732140454561942988e+00
7.025045775112175761e+00
7.317979716510023991e+00
7.610944394759087572e+00
7.903942082055579021e+00
8.196975218279703768e+00
8.490046423326219838e+00
8.783158510335539404e+00
9.076314499889235776e+00
9.369517635239361653e+00
9.662771398645560339e+00
9.956079528898811759e+00
1.024944604011650995e+01
1.054287524189842884e+01
1.083637176094018173e+01
1.112994056420657785e+01
1.142358698377418591e+01
1.171731674345954843e+01
1.201113598735736332e+01
1.230505131042045264e+01
1.259906979122180815e+01
1.289319902704835386e+01
1.318744717148365453e+01
1.348182297464904877e+01
1.377633582627927922e+01
1.407099580182233467e+01
1.436581371176123412e+01
1.466080115436818687e+01
1.495597057211176661e+01
1.525133531195021419e+01
1.554690968975435794e+01
1.584270905911591854e+01
1.613874988480924344e+01
1.643504982118395219e+01
1.673162779577887704e+01
1.702850409845694912e+01
1.732570047637085509e+01
1.762324023507687798e+01
1.792114834612354457e+01
1.821945156144428779e+01
1.851817853488938681e+01
1.881735995123068506e+01
1.911702866297210335e+01
1.941721983529046724e+01
1.971797109942201587e+01
2.001932271479205383e+01
2.032131774016320946e+01
2.062400221404803347e+01
2.092742534459165427e+01
2.123163970908407805e+01
2.153670146319981882e+01
2.184267055999237073e+01
2.214961097858346761e+01
2.245759096238481334e+01
2.276668326656897534e+01
2.307696541436672533e+01
2.338851996160425983e+01
2.370143476870788390e+01
2.401580327919174351e+01
2.433172480340192578e+01
2.464930480602149032e+01
2.496865519553850277e+01
2.528989461354430546e+01
2.561314872136293275e+01
2.593855048111149131e+01
2.626624042785866209e+01
2.659636692908696887e+01
2.692908642717461021e+01
2.726456366010191346e+01
2.760297185506468054e+01
2.794449288914245244e+01
2.828931741065002825e+01
2.863764491429301984e+01
2.898968376278443770e+01
2.934565114717003098e+01
2.970577297778260117e+01
3.007028369752592312e+01
3.043942600910298779e+01
3.081345050788632989e+01
3.119261521240724733e+01
3.157718498495114545e+01
3.196743083551749010e+01
3.236362910346252875e+01
3.276606051251502549e+01
3.317500909655257146e+01
3.359076099555687733e+01
3.401360312352403525e+01
3.444382171276564009e+01
3.488170074196665382e+01
3.532752025850572863e+01
3.578155460882072703e+01
3.624407059392456176e+01
3.671532557043363454e+01
3.719556552054007170e+01
3.768502311710810204e+01
3.818391581236909360e+01
3.869244398039413113e+01
3.921078914452121467e+01
3.973911232110020819e+01
4.027755251022443872e+01
4.082622536249641598e+01
4.138522204833520846e+01
4.195460835291052604e+01
4.253442401557364860e+01
4.312468232777351318e+01
4.372536999806115432e+01
4.433644728708537741e+01
4.495784840967638729e+01
4.558948219541511548e+01
4.623123299369910910e+01
4.688296180443506955e+01
4.754450761127299074e+01
4.821568889087501475e+01
4.889630526916999997e+01
4.958613929392657838e+01
5.028495829228049274e+01
5.099251628203961673e+01
5.170855590658763390e+01
5.243281036491151781e+01
5.316500531057351964e+01
5.390486069619487353e+01
5.465209254309070275e+01
5.540641461894938402e+01
5.616754000977482519e+01
5.693518257558531559e+01
5.770905828250323566e+01
5.848888640679990658e+01
5.927439060911899560e+01
6.006529987946103688e+01
6.086134935554071035e+01
6.166228101882671808e+01
6.246784427394635486e+01
6.327779641819674339e+01
6.409190300867413725e+01
6.490993813504573495e+01
6.573168460626573051e+01
6.655693405962117026e+01
6.738548700040635708e+01
6.821715278030657714e+01
6.905174952224223262e+01
6.988910399901763526e+01
7.072905147265225878e+01
7.157143550076810357e+01
7.241610771588256057e+01
7.326292758292689200e+01
7.411176213978407645e+01
7.496248572513007957e+01
7.581497969737344533e+01
7.666913214802633547e+01
7.752483761240546301e+01
7.838199678016482608e+01
7.924051620779027871e+01
8.010030803485551587e+01
8.096128970553434101e+01
8.182338369659601085e+01
8.268651725286784426e+01
8.355062213093830792e+01
8.441563435168558271e+01
8.528149396205611765e+01
8.614814480637545557e+01
8.701553430735361871e+01
8.788361325684547865e+01
8.875233561633842783e+01
8.962165832706983792e+01
9.049154112961446117e+01
9.136194639273611529e+01
9.223283895125774734e+01
9.310418595267566388e+01
9.397595671221790781e+01
9.484812257603425678e+01
9.572065679219116419e+01
9.659353438914030221e+01
9.746673206132521727e+01
9.834022806159327956e+01
9.921400210008152953e+01
1.000880352492511633e+02
1.009623098547526183e+02
1.018368094518114617e+02
1.027115186868359729e+02
1.035864232439553803e+02
1.044615097762114715e+02
1.053367658411355023e+02
1.062121798404554625e+02
1.070877409636882476e+02
1.079634391353858973e+02
1.088392649658135269e+02
1.097152097048499968e+02
1.105912651989116284e+02
1.114674238507114978e+02
1.123436785816767269e+02
1.132200227968543231e+02
1.140964503521497591e+02
1.149729555237462932e+02
1.158495329795675275e+02
1.167261777526485389e+02
1.176028852162938279e+02
1.184796510609036204e+02
1.193564712723604089e+02
1.202333421118732417e+02
1.211102600971825041e+02
1.219872219850361716e+02
1.228642247548527848e+02
1.237412655934916756e+02
1.246183418810580861e+02
1.254954511776720096e+02
1.263725912111371485e+02
1.272497598654499598e+02
1.281269551700911506e+02
1.290041752900484084e+02
1.298814185165187496e+02
1.307586832582474585e+02
1.316359680334575728e+02
1.325132714623322272e+02
1.333905922600108056e+02
1.342679292300651355e+02
1.351452812584215621e+02
1.360226473077007086e+02
1.369000264119442818e+02
1.377774176717039722e+02
1.386548202494670363e+02
1.395322333653960527e+02
1.404096562933610244e+02
1.412870883572437606e+02
1.421645289274964057e+02
1.430419774179362093e+02
1.439194332827604512e+02
1.447968960137669683e+02
1.456743651377653919e+02
1.465518402141664183e+02
1.474293208327368916e+02
1.483068066115097281e+02
1.491842971948367449e+02
1.500617922515764349e+02
1.509392914734057172e+02
1.518167945732483304e+02
1.526943012838111144e+02
1.535718113562210760e+02
1.544493245587567003e+02
1.553268406756658919e+02
1.562043595060660550e+02
1.570818808629192063e+02
1.579594045720785402e+02
1.588369304713993984e+02
1.597144584099130498e+02
1.605919882470559514e+02
1.614695198519530095e+02
1.623470531027497827e+02
1.632245878859907862e+02
1.641021240960408250e+02
1.649796616345460052e+02
1.658572004099316359e+02
1.667347403369353742e+02
1.676122813361719750e+02
1.684898233337281681e+02
1.693673662607858432e+02
1.702449100532701323e+02
1.711224546515233556e+02
1.720000000000000000e+02
