-8.650000000000000000e+01
-8.603955876502446642e+01
-8.557911780922263745e+01
-8.511867715842525683e+01
-8.465823684085300727e+01
-8.419779688733750334e+01
-8.373735733156297556e+01
-8.327691821033005226e+01
-8.281647956384411202e+01
-8.235604143603022465e+01
-8.189560387487725279e+01
-8.143516693281372909e+01
-8.097473066711856404e+01
-8.051429514036965429e+01
-8.005386042093402921e+01
-7.959342658350327326e+01
-7.913299370967844482e+01
-7.867256188860913824e+01
-7.821213121769150689e+01
-7.775170180333086023e+01
-7.729127376177473252e+01
-7.683084722002293177e+01
-7.637042231682163163e+01
-7.590999920374935073e+01
-7.544957804640316112e+01
-7.498915902569449088e+01
-7.452874233926463887e+01
-7.406832820303073106e+01
-7.360791685287465214e+01
-7.314750854648755762e+01
-7.268710356538471729e+01
-7.222670221710600913e+01
-7.176630483761942969e+01
-7.130591179394599521e+01
-7.084552348702654001e+01
-7.038514035485241038e+01
-6.992476287588442574e+01
-6.946439157278639698e+01
-6.900402701650176596e+01
-6.854366983070521258e+01
-6.808332069666268183e+01
-6.762298035853791589e+01
-6.716264962918509696e+01
-6.670232939647290493e+01
-6.624202063018680064e+01
-6.578172438956320889e+01
-6.532144183151156369e+01
-6.486117421958681462e+01
-6.440092293377942667e+01
-6.394068948119630136e+01
-6.348047550771214276e+01
-6.302028281067750015e+01
-6.256011335277730012e+01
-6.209996927714129811e+01
-6.163985292381661907e+01
-6.117976684772132501e+01
-6.071971383820796575e+01
-6.025969694037594593e+01
-5.979971947828327927e+01
-5.933978508021895948e+01
-5.887989770621067720e+01
-5.842006167795433669e+01
-5.796028171136663332e+01
-5.750056295197500589e+01
-5.704091101337483849e+01
-5.658133201899796916e+01
-5.612183264745264921e+01
-5.566242018170969175e+01
-5.520310256242518676e+01
-5.474388844570489709e+01
-5.428478726562869383e+01
-5.382580930186713886e+01
-5.336696575273178667e+01
-5.290826881401036275e+01
-5.244973176394179859e+01
-5.199136905468811420e+01
-5.153319641065416334e+01
-5.107523093399633751e+01
-5.061749121764055559e+01
-5.015999746610106769e+01
-4.970277162434926765e+01
-4.924583751492562556e+01
-4.878922098341431024e+01
-4.833295005230633024e+01
-4.787705508315961822e+01
-4.742156894682058521e+01
-4.696652720129569047e+01
-4.651196827665169309e+01
-4.605793366607346684e+01
-4.560446812191506893e+01
-4.515161985524029831e+01
-4.469944073695757680e+01
-4.424798649821175189e+01
-4.379731692719654745e+01
-4.334749605900223202e+01
-4.289859235451094577e+01
-4.245067886370838295e+01
-4.200383336810212853e+01
-4.155813849624095724e+01
-4.111368180563571428e+01
-4.067055582371914113e+01
-4.022885803988292253e+01
-3.978869084013809498e+01
-3.935016137560901939e+01
-3.891338135594647696e+01
-3.847846675889634582e+01
-3.804553744774685953e+01
-3.761471668926827761e+01
-3.718613056610631418e+01
-3.675990727944788716e+01
-3.633617634016614772e+01
-3.591506764958074882e+01
-3.549671047440264715e+01
-3.508123232430344984e+01
-3.466875774474117833e+01
-3.425940704202554343e+01
-3.385329496191293686e+01
-3.345052934704063574e+01
-3.305120980197808223e+01
-3.265542639731763330e+01
-3.226325844579420732e+01
-3.187477338369882318e+01
-3.149002578968540433e+01
-3.110905657040251526e+01
-3.073189233824901123e+01
-3.035854500110201570e+01
-2.998901157734403000e+01
-2.962327424225917838e+01
-2.926130060427274771e+01
-2.890304420199692714e+01
-2.854844520603884206e+01
-2.819743130339772108e+01
-2.784991873733032719e+01
-2.750581347200559179e+01
-2.716501244920389269e+01
-2.682740490374003173e+01
-2.649287370510282358e+01
-2.616129669483130016e+01
-2.583254799215308140e+01
-2.550649924413221470e+01
-2.518302080073886628e+01
-2.486198279960540702e+01
-2.454325614954274926e+01
-2.422671340597154455e+01
-2.391222953512927063e+01
-2.359968256715234958e+01
-2.328895414084670534e+01
-2.297992994513403886e+01
-2.267250006380999139e+01
-2.236655923140902757e+01
-2.206200700869187870e+01
-2.175874788661694481e+01
-2.145669132768905740e+01
-2.115575175336346092e+01
-2.085584848577789785e+01
-2.055690565154486649e+01
-2.025885205470734718e+01
-1.996162102528154492e+01
-1.966515024911319642e+01
-1.936938158408251809e+01
-1.907426086702686518e+01
-1.877973771512218093e+01
-1.848576532488286261e+01
-1.819230027140994821e+01
-1.789930231004214534e+01
-1.760673418214162211e+01
-1.731456142637699713e+01
-1.702275219654495686e+01
-1.673127708669662184e+01
-1.644010896410190981e+01
-1.614922281038860774e+01
-1.585859557103083262e+01
-1.556820601322834818e+01
-1.527803459211065729e+01
-1.498806332511495043e+01
-1.469827567432022875e+01
-1.440865643646976935e+01
-1.411919164037792029e+01
-1.382986845139103593e+01
-1.354067508255710095e+01
-1.325160071214925495e+01
-1.296263540718720719e+01
-1.267377005260195233e+01
-1.238499628569671529e+01
-1.209630643556549501e+01
-1.180769346714291146e+01
-1.151915092957187881e+01
-1.123067290858993772e+01
-1.094225398265004401e+01
-1.065388918250681627e+01
-1.036557395401480619e+01
-1.007730412390013441e+01
-9.789075868282210990e+00
-9.500885683736086662e+00
-9.212730360700732035e+00
-8.924606959051033073e+00
-8.636512785664550051e+00
-8.348445373826066884e+00
-8.060402464324113225e+00
-7.772381988104697825e+00
-7.484382050357453409e+00
-7.196400915918587771e+00
-6.908436995884258636e+00
-6.620488835336118427e+00
-6.332555102088008425e+00
-6.044634576370640389e+00
-5.756726141377015438e+00
-5.468828774597866982e+00
-5.180941539881928293e+00
-4.893063580161125969e+00
-4.605194110785504336e+00
-4.317332413417432235e+00
-4.029477830438324304e+00
-3.741629759825585211e+00
-3.453787650460014902e+00
-3.165950997828375080e+00
-2.878119340087408773e+00
-2.590292254459512833e+00
-2.302469353932167451e+00
-2.014650284235599997e+00
-1.726834721075192647e+00
-1.439022367597544871e+00
-1.151212952070338247e+00
-8.634062257580552568e-01
-5.756019609769964518e-01
-2.877999493148024612e-01
-4.263256414560601115e-14
2.877999493147171961e-01
5.756019609769396084e-01
8.634062257579557809e-01
1.151212952070252982e+00
1.439022367597445395e+00
1.726834721075107382e+00
2.014650284235500521e+00
2.302469353932082186e+00
2.590292254459399146e+00
2.878119340087323508e+00
3.165950997828289815e+00
3.453787650459943848e+00
3.741629759825485735e+00
4.029477830438239039e+00
4.317332413417361181e+00
4.605194110785419070e+00
4.893063580161054915e+00
5.180941539881843028e+00
5.468828774597781717e+00
5.756726141376915962e+00
6.044634576370540913e+00
6.332555102087908949e+00
6.620488835336033162e+00
6.908436995884159160e+00
7.196400915918488295e+00
7.484382050357353933e+00
7.772381988104598349e+00
8.060402464323985328e+00
8.348445373825967408e+00
8.636512785664450575e+00
8.924606959050905175e+00
9.212730360700618348e+00
9.500885683735958764e+00
9.789075868282068882e+00
1.007730412390002073e+01
1.036557395401467829e+01
1.065388918250667416e+01
1.094225398264991611e+01
1.123067290858978140e+01
1.151915092957173670e+01
1.180769346714276935e+01
1.209630643556536711e+01
1.238499628569658739e+01
1.267377005260183864e+01
1.296263540718707929e+01
1.325160071214914126e+01
1.354067508255700147e+01
1.382986845139095067e+01
1.411919164037780661e+01
1.440865643646966987e+01
1.469827567432011506e+01
1.498806332511485095e+01
1.527803459211054360e+01
1.556820601322822029e+01
1.585859557103073314e+01
1.614922281038846563e+01
1.644010896410176770e+01
1.673127708669647973e+01
1.702275219654484317e+01
1.731456142637686924e+01
1.760673418214149422e+01
1.789930231004200323e+01
1.819230027140982031e+01
1.848576532488274893e+01
1.877973771512206724e+01
1.907426086702672308e+01
1.936938158408237598e+01
1.966515024911305431e+01
1.996162102528140281e+01
2.025885205470720507e+01
2.055690565154472438e+01
2.085584848577775574e+01
2.115575175336333302e+01
2.145669132768894372e+01
2.175874788661683112e+01
2.206200700869176501e+01
2.236655923140891389e+01
2.267250006380986349e+01
2.297992994513391807e+01
2.328895414084659876e+01
2.359968256715224300e+01
2.391222953512914273e+01
2.422671340597145218e+01
2.454325614954262846e+01
2.486198279960527202e+01
2.518302080073873128e+01
2.550649924413208680e+01
2.583254799215293929e+01
2.616129669483116515e+01
2.649287370510269568e+01
2.682740490373990383e+01
2.716501244920375768e+01
2.750581347200544258e+01
2.784991873733018508e+01
2.819743130339759318e+01
2.854844520603872127e+01
2.890304420199679214e+01
2.926130060427263402e+01
2.962327424225905759e+01
2.998901157734390210e+01
3.035854500110190202e+01
3.073189233824889754e+01
3.110905657040238736e+01
3.149002578968529065e+01
3.187477338369870949e+01
3.226325844579409363e+01
3.265542639731752672e+01
3.305120980197798986e+01
3.345052934704052916e+01
3.385329496191285159e+01
3.425940704202542975e+01
3.466875774474105754e+01
3.508123232430332905e+01
3.549671047440253346e+01
3.591506764958062092e+01
3.633617634016601983e+01
3.675990727944777348e+01
3.718613056610620049e+01
3.761471668926817813e+01
3.804553744774676716e+01
3.847846675889624635e+01
3.891338135594637038e+01
3.935016137560893412e+01
3.978869084013800261e+01
4.022885803988282305e+01
4.067055582371904165e+01
4.111368180563560770e+01
4.155813849624084355e+01
4.200383336810202195e+01
4.245067886370827637e+01
4.289859235451083919e+01
4.334749605900213965e+01
4.379731692719647640e+01
4.424798649821167373e+01
4.469944073695751285e+01
4.515161985524025567e+01
4.560446812191503341e+01
4.605793366607341000e+01
4.651196827665165756e+01
4.696652720129566205e+01
4.742156894682054258e+01
4.787705508315957559e+01
4.833295005230627339e+01
4.878922098341428182e+01
4.924583751492556871e+01
4.970277162434922502e+01
5.015999746610103216e+01
5.061749121764052006e+01
5.107523093399629488e+01
5.153319641065411361e+01
5.199136905468807868e+01
5.244973176394174175e+01
5.290826881401031301e+01
5.336696575273174403e+01
5.382580930186711043e+01
5.428478726562866541e+01
5.474388844570486867e+01
5.520310256242518676e+01
5.566242018170967754e+01
5.612183264745263500e+01
5.658133201899792653e+01
5.704091101337482428e+01
5.750056295197498457e+01
5.796028171136660490e+01
5.842006167795429405e+01
5.887989770621064167e+01
5.933978508021894527e+01
5.979971947828326506e+01
6.025969694037593172e+01
6.071971383820795154e+01
6.117976684772131080e+01
6.163985292381661907e+01
6.209996927714129811e+01
6.256011335277730723e+01
6.302028281067751436e+01
6.348047550771215697e+01
6.394068948119632978e+01
6.440092293377944088e+01
6.486117421958681462e+01
6.532144183151157790e+01
6.578172438956320889e+01
6.624202063018677222e+01
6.670232939647289072e+01
6.716264962918506853e+01
6.762298035853788747e+01
6.808332069666266761e+01
6.854366983070519836e+01
6.900402701650173753e+01
6.946439157278638277e+01
6.992476287588442574e+01
7.038514035485238196e+01
7.084552348702649738e+01
7.130591179394596679e+01
7.176630483761940127e+01
7.222670221710595229e+01
7.268710356538468886e+01
7.314750854648755762e+01
7.360791685287463793e+01
7.406832820303071685e+01
7.452874233926462466e+01
7.498915902569447667e+01
7.544957804640313270e+01
7.590999920374935073e+01
7.637042231682164584e+01
7.683084722002291755e+01
7.729127376177470410e+01
7.775170180333083181e+01
7.821213121769145005e+01
7.867256188860912403e+01
7.913299370967843060e+01
7.959342658350325905e+01
8.005386042093400079e+01
8.051429514036962587e+01
8.097473066711853562e+01
8.143516693281372909e+01
8.189560387487722437e+01
8.235604143603021043e+01
8.281647956384409781e+01
8.327691821033005226e+01
8.373735733156297556e+01
8.419779688733748912e+01
8.465823684085299305e+01
8.511867715842524262e+01
8.557911780922262324e+01
8.603955876502442379e+01
8.650000000000000000e+01
