-1.000000000000000000e+02
-9.941004350975920545e+01
-9.882008831590235332e+01
-9.823013453837003794e+01
-9.764018230819837640e+01
-9.705023176854514588e+01
-9.646028307581083538e+01
-9.587033640086330877e+01
-9.528039193037557197e+01
-9.469044986828728838e+01
-9.410051043740116938e+01
-9.351057388112708679e+01
-9.292064046538705213e+01
-9.233071048069625419e+01
-9.174078424443624158e+01
-9.115086210333804217e+01
-9.056094443619433321e+01
-8.997103165682207759e+01
-8.938112421729839241e+01
-8.879122261149488793e+01
-8.820132737893797525e+01
-8.761143910902501375e+01
-8.702155844562882692e+01
-8.643168609212662545e+01
-8.584182281689167837e+01
-8.525196945929060632e+01
-8.466212693623231189e+01
-8.407229624931883905e+01
-8.348247849265349885e+01
-8.289267486136583329e+01
-8.230288666091873040e+01
-8.171311531726898636e+01
-8.112336238795853660e+01
-8.053362957422079660e+01
-7.994391873419385774e+01
-7.935423189734034111e+01
-7.876457128018242315e+01
-7.817493930347036724e+01
-7.758533861091234485e+01
-7.699577208960536723e+01
-7.640624289231797661e+01
-7.581675446178920197e+01
-7.522731055722096016e+01
-7.463791528315701385e+01
-7.404857312095610666e+01
-7.345928896308512890e+01
-7.287006815047510599e+01
-7.228091651320237077e+01
-7.169184041477771530e+01
-7.110284680034735061e+01
-7.051394324913221112e+01
-6.992513803145553197e+01
-6.933644017073312682e+01
-6.874785951082616009e+01
-6.815940678918151718e+01
-6.757109371621166360e+01
-6.698293306139174774e+01
-6.639493874657713945e+01
-6.580712594707020457e+01
-6.521951120098694332e+01
-6.463211252749678692e+01
-6.404494955452372551e+01
-6.345804365651201806e+01
-6.287141810286434662e+01
-6.228509821766039778e+01
-6.169911155125206648e+01
-6.111348806430842018e+01
-6.052826032484555441e+01
-5.994346371871938572e+01
-5.935913667398167348e+01
-5.877532089939450088e+01
-5.819206163726360614e+01
-5.760940793057841347e+01
-5.702741290423472265e+01
-5.644613405985215593e+01
-5.586563358338389662e+01
-5.528597866433515406e+01
-5.470724182496116583e+01
-5.412950125728950468e+01
-5.355284116520678594e+01
-5.297735210815488927e+01
-5.240313134219730529e+01
-5.183028315333851310e+01
-5.125891917701204648e+01
-5.068915869660270346e+01
-5.012112891274767890e+01
-4.955496517399073042e+01
-4.899081115817121201e+01
-4.842881899275521107e+01
-4.786914930120806844e+01
-4.731197116153234816e+01
-4.675746196232347529e+01
-4.620580714122036170e+01
-4.565719979054447464e+01
-4.511184011533967464e+01
-4.456993473005173456e+01
-4.403169578183315735e+01
-4.349733989101503795e+01
-4.296708690272900100e+01
-4.244115844802246329e+01
-4.191977631808020988e+01
-4.140316066127191874e+01
-4.089152801954615057e+01
-4.038508922796751932e+01
-3.988404720864389930e+01
-3.938859469754830656e+01
-3.889891194937137442e+01
-3.841516447109341215e+01
-3.793750083897236891e+01
-3.746605065569502813e+01
-3.700092270418972618e+01
-3.654220335184308510e+01
-3.608995525353841316e+01
-3.564421639416396204e+01
-3.520499950132602862e+01
-3.477229184741831602e+01
-3.434605544755255835e+01
-3.392622764684547576e+01
-3.351272207791042490e+01
-3.310542995781908360e+01
-3.270422168388468265e+01
-3.230894867984920893e+01
-3.191944543873242424e+01
-3.153553170584363841e+01
-3.115701474520989223e+01
-3.078369163472324033e+01
-3.041535153931916113e+01
-3.005177791704902290e+01
-2.969275061954316186e+01
-2.933804785561680717e+01
-2.898744799422253493e+01
-2.864073119022872049e+01
-2.829768082330427603e+01
-2.795808474629669149e+01
-2.762173634476017980e+01
-2.728843541365093017e+01
-2.695798886064739008e+01
-2.663021124811074003e+01
-2.630492518744549102e+01
-2.598196160064911453e+01
-2.566115986425621998e+01
-2.534236785080079812e+01
-2.502544188244343104e+01
-2.471024661064038241e+01
-2.439665483475445740e+01
-2.408454727140086504e+01
-2.377381228514606448e+01
-2.346434558998556952e+01
-2.315604992985591082e+01
-2.284883474531517322e+01
-2.254261583247676981e+01
-2.223731499931311362e+01
-2.193285972356902391e+01
-2.162918281573915635e+01
-2.132622208987048396e+01
-2.102392004434327077e+01
-2.072222355426178808e+01
-2.042108357663654772e+01
-2.012045486916187542e+01
-1.982029572307567378e+01
-1.952056771032613369e+01
-1.922123544505737414e+01
-1.892226635925334222e+01
-1.862363049224488520e+01
-1.832530029368015789e+01
-1.802725043947947370e+01
-1.772945766024014347e+01
-1.743190058151792243e+01
-1.713455957538877783e+01
-1.683741662268334949e+01
-1.654045518528553771e+01
-1.624366008789306193e+01
-1.594701740865052386e+01
-1.565051437808278934e+01
-1.535413928577736442e+01
-1.505788139428736372e+01
-1.476173085975167965e+01
-1.446567865875442749e+01
-1.416971652097238632e+01
-1.387383686718466436e+01
-1.357803275224500794e+01
-1.328229781264263920e+01
-1.298662621830121111e+01
-1.269101262828974086e+01
-1.239545215014132395e+01
-1.209994030249715991e+01
-1.180447298081355711e+01
-1.150904642588854188e+01
-1.121365719498314206e+01
-1.091830213532878702e+01
-1.062297835982845129e+01
-1.032768322477397760e+01
-1.003241430941511680e+01
-9.737169397229649803e+00
-9.441946458755012372e+00
-9.146743635853070487e+00
-8.851559227290422882e+00
-8.556391675525134133e+00
-8.261239554600422252e+00
-7.966101559053370806e+00
-7.670976493754452008e+00
-7.375863264600383218e+00
-7.080760869989049411e+00
-6.785668393011604849e+00
-6.490584994301428878e+00
-6.195509905485224067e+00
-5.900442423185808138e+00
-5.605381903530314958e+00
-5.310327757121427794e+00
-5.015279444432735545e+00
-4.720236471592585303e+00
-4.425198386523902627e+00
-4.130164775409710387e+00
-3.835135259457331358e+00
-3.540109491935737651e+00
-3.245087155463380668e+00
-2.950067959525085826e+00
-2.655051638198784758e+00
-2.360037948074705128e+00
-2.065026666350050277e+00
-1.770017589085185250e+00
-1.475010529607089893e+00
-1.180005317047928770e+00
-8.850017950072128770e-01
-5.899998203271366037e-01
-2.949992619716113040e-01
0.000000000000000000e+00
2.949992619715970932e-01
5.899998203271366037e-01
8.850017950072128770e-01
1.180005317047942981e+00
1.475010529607089893e+00
1.770017589085199461e+00
2.065026666350036066e+00
2.360037948074705128e+00
2.655051638198784758e+00
2.950067959525071615e+00
3.245087155463380668e+00
3.540109491935709229e+00
3.835135259457302936e+00
4.130164775409667755e+00
4.425198386523874206e+00
4.720236471592542671e+00
5.015279444432678702e+00
5.310327757121370951e+00
5.605381903530258114e+00
5.900442423185751295e+00
6.195509905485181434e+00
6.490584994301386246e+00
6.785668393011576427e+00
7.080760869989006778e+00
7.375863264600340585e+00
7.670976493754409375e+00
7.966101559053342385e+00
8.261239554600393831e+00
8.556391675525134133e+00
8.851559227290408671e+00
9.146743635853056276e+00
9.441946458754998162e+00
9.737169397229649803e+00
1.003241430941511680e+01
1.032768322477397760e+01
1.062297835982847971e+01
1.091830213532880123e+01
1.121365719498317048e+01
1.150904642588857030e+01
1.180447298081359975e+01
1.209994030249718833e+01
1.239545215014135238e+01
1.269101262828978349e+01
1.298662621830128217e+01
1.328229781264268183e+01
1.357803275224505057e+01
1.387383686718469278e+01
1.416971652097241474e+01
1.446567865875447012e+01
1.476173085975170807e+01
1.505788139428740635e+01
1.535413928577740705e+01
1.565051437808283197e+01
1.594701740865058071e+01
1.624366008789310456e+01
1.654045518528558034e+01
1.683741662268339212e+01
1.713455957538882046e+01
1.743190058151797928e+01
1.772945766024018610e+01
1.802725043947951633e+01
1.832530029368020053e+01
1.862363049224491363e+01
1.892226635925335643e+01
1.922123544505740256e+01
1.952056771032617632e+01
1.982029572307567378e+01
2.012045486916190384e+01
2.042108357663657614e+01
2.072222355426180229e+01
2.102392004434325656e+01
2.132622208987049817e+01
2.162918281573917056e+01
2.193285972356902391e+01
2.223731499931312783e+01
2.254261583247676981e+01
2.284883474531515901e+01
2.315604992985589661e+01
2.346434558998555531e+01
2.377381228514605027e+01
2.408454727140086504e+01
2.439665483475444319e+01
2.471024661064036820e+01
2.502544188244341683e+01
2.534236785080078391e+01
2.566115986425620576e+01
2.598196160064911453e+01
2.630492518744547681e+01
2.663021124811074003e+01
2.695798886064739008e+01
2.728843541365093017e+01
2.762173634476017980e+01
2.795808474629670570e+01
2.829768082330426182e+01
2.864073119022873470e+01
2.898744799422254914e+01
2.933804785561679296e+01
2.969275061954317607e+01
3.005177791704900869e+01
3.041535153931917534e+01
3.078369163472322612e+01
3.115701474520989223e+01
3.153553170584362420e+01
3.191944543873242424e+01
3.230894867984918051e+01
3.270422168388466844e+01
3.310542995781906939e+01
3.351272207791043911e+01
3.392622764684548997e+01
3.434605544755257256e+01
3.477229184741830181e+01
3.520499950132600020e+01
3.564421639416394783e+01
3.608995525353839184e+01
3.654220335184308510e+01
3.700092270418969065e+01
3.746605065569499970e+01
3.793750083897234049e+01
3.841516447109339083e+01
3.889891194937138152e+01
3.938859469754831366e+01
3.988404720864389219e+01
4.038508922796751222e+01
4.089152801954614347e+01
4.140316066127186900e+01
4.191977631808018145e+01
4.244115844802240645e+01
4.296708690272896547e+01
4.349733989101500242e+01
4.403169578183312183e+01
4.456993473005169903e+01
4.511184011533967464e+01
4.565719979054446753e+01
4.620580714122033328e+01
4.675746196232347529e+01
4.731197116153234106e+01
4.786914930120806844e+01
4.842881899275522528e+01
4.899081115817122623e+01
4.955496517399072332e+01
5.012112891274770732e+01
5.068915869660273188e+01
5.125891917701207490e+01
5.183028315333854152e+01
5.240313134219732660e+01
5.297735210815491769e+01
5.355284116520684279e+01
5.412950125728951889e+01
5.470724182496118715e+01
5.528597866433517538e+01
5.586563358338392504e+01
5.644613405985222698e+01
5.702741290423475107e+01
5.760940793057844189e+01
5.819206163726366299e+01
5.877532089939452931e+01
5.935913667398168059e+01
5.994346371871941415e+01
6.052826032484554730e+01
6.111348806430842728e+01
6.169911155125203095e+01
6.228509821766039067e+01
6.287141810286431109e+01
6.345804365651201806e+01
6.404494955452372551e+01
6.463211252749678692e+01
6.521951120098694332e+01
6.580712594707020457e+01
6.639493874657713945e+01
6.698293306139174774e+01
6.757109371621163518e+01
6.815940678918150297e+01
6.874785951082614588e+01
6.933644017073311261e+01
6.992513803145550355e+01
7.051394324913218270e+01
7.110284680034735061e+01
7.169184041477768687e+01
7.228091651320238498e+01
7.287006815047510599e+01
7.345928896308510048e+01
7.404857312095606403e+01
7.463791528315698542e+01
7.522731055722096016e+01
7.581675446178917355e+01
7.640624289231794819e+01
7.699577208960533881e+01
7.758533861091231643e+01
7.817493930347038145e+01
7.876457128018239473e+01
7.935423189734029847e+01
7.994391873419385774e+01
8.053362957422075397e+01
8.112336238795853660e+01
8.171311531726900057e+01
8.230288666091877303e+01
8.289267486136586172e+01
8.348247849265351306e+01
8.407229624931881062e+01
8.466212693623236873e+01
8.525196945929064896e+01
8.584182281689172100e+01
8.643168609212668230e+01
8.702155844562889797e+01
8.761143910902507059e+01
8.820132737893800368e+01
8.879122261149493056e+01
8.938112421729840662e+01
8.997103165682210602e+01
9.056094443619434742e+01
9.115086210333808481e+01
9.174078424443627000e+01
9.233071048069629683e+01
9.292064046538709476e+01
9.351057388112712943e+01
9.410051043740119781e+01
9.469044986828731680e+01
9.528039193037557197e+01
9.587033640086332298e+01
9.646028307581082117e+01
9.705023176854518852e+01
9.764018230819837640e+01
9.823013453837003794e+01
9.882008831590235332e+01
9.941004350975919124e+01
1.000000000000000000e+02
