-6.759853054781650883e+01
-6.702428767110545493e+01
-6.645573036743114415e+01
-6.589280234399123515e+01
-6.533544786533785498e+01
-6.478361174785925414e+01
-6.423723935431608822e+01
-6.369627658843176476e+01
-6.316066988953639338e+01
-6.263036622726374958e+01
-6.210531309630073338e+01
-6.158545851118883263e+01
-6.107075100117705091e+01
-6.056113960512578132e+01
-6.005657386646115725e+01
-5.955700382817935434e+01
-5.906238002790033903e+01
-5.857265349297062329e+01
-5.808777573561447127e+01
-5.760769874813313152e+01
-5.713237499815160447e+01
-5.666175742391246928e+01
-5.619579942961629371e+01
-5.573445488080820098e+01
-5.527767809981008895e+01
-5.482542386119809663e+01
-5.437764738732483494e+01
-5.393430434388596240e+01
-5.349535083553064396e+01
-5.306074340151547375e+01
-5.263043901140144243e+01
-5.220439506079348746e+01
-5.178256936712224245e+01
-5.136492016546754513e+01
-5.095140610442329177e+01
-5.054198624200324019e+01
-5.013662004158734931e+01
-4.973526736790824998e+01
-4.933788848307745667e+01
-4.894444404265092885e+01
-4.855489509173357732e+01
-4.816920306112233874e+01
-4.778732976348744899e+01
-4.740923738959151734e+01
-4.703488850454603920e+01
-4.666424604410497068e+01
-4.629727331099500276e+01
-4.593393397128216549e+01
-4.557419205077440694e+01
-4.521801193145979170e+01
-4.486535834797997779e+01
-4.451619638413858127e+01
-4.417049146944412996e+01
-4.382820937568724418e+01
-4.348931621355171018e+01
-4.315377842925910556e+01
-4.282156280124662828e+01
-4.249263643687783798e+01
-4.216696676918596864e+01
-4.184452155364946435e+01
-4.152526886499946102e+01
-4.120917709405886598e+01
-4.089621494461272988e+01
-4.058635143030962666e+01
-4.027955587159368633e+01
-3.997579789266701056e+01
-3.967504741848217975e+01
-3.937727467176452478e+01
-3.908245017006387911e+01
-3.879054472283552002e+01
-3.850152942855001470e+01
-3.821537567183169415e+01
-3.793205512062543505e+01
-3.765153972339151522e+01
-3.737380170632822995e+01
-3.709881357062200635e+01
-3.682654808972475280e+01
-3.655697830665816639e+01
-3.629007753134471415e+01
-3.602581933796506064e+01
-3.576417756234164358e+01
-3.550512629934816289e+01
-3.524863990034471328e+01
-3.499469297063832585e+01
-3.474326036696863440e+01
-3.449431719501844640e+01
-3.424783880694895544e+01
-3.400380079895936092e+01
-3.376217900887065326e+01
-3.352294951373331600e+01
-3.328608862745872443e+01
-3.305157289847397806e+01
-3.281937910739997477e+01
-3.258948426475244986e+01
-3.236186560866579498e+01
-3.213650060263940134e+01
-3.191336693330633878e+01
-3.169244250822409725e+01
-3.147370545368722361e+01
-3.125713411256160512e+01
-3.104270704214020071e+01
-3.083040301201999966e+01
-3.062020100199999817e+01
-3.041208019999999834e+01
-3.020601999999999876e+01
-3.000199999999999889e+01
-2.980000000000000071e+01
-2.960000000000000142e+01
-2.940000000000000213e+01
-2.920000000000000284e+01
-2.900000000000000000e+01
-2.880000000000000071e+01
-2.860000000000000142e+01
-2.840000000000000213e+01
-2.820000000000000284e+01
-2.800000000000000000e+01
-2.780000000000000071e+01
-2.760000000000000142e+01
-2.740000000000000213e+01
-2.720000000000000284e+01
-2.700000000000000000e+01
-2.680000000000000071e+01
-2.660000000000000142e+01
-2.640000000000000213e+01
-2.620000000000000284e+01
-2.600000000000000000e+01
-2.580000000000000071e+01
-2.560000000000000142e+01
-2.540000000000000213e+01
-2.520000000000000284e+01
-2.500000000000000000e+01
-2.480000000000000071e+01
-2.460000000000000142e+01
-2.440000000000000213e+01
-2.420000000000000284e+01
-2.400000000000000000e+01
-2.380000000000000071e+01
-2.360000000000000142e+01
-2.340000000000000213e+01
-2.320000000000000284e+01
-2.300000000000000000e+01
-2.280000000000000071e+01
-2.260000000000000142e+01
-2.240000000000000213e+01
-2.220000000000000284e+01
-2.200000000000000000e+01
-2.180000000000000071e+01
-2.160000000000000142e+01
-2.140000000000000213e+01
-2.120000000000000284e+01
-2.100000000000000000e+01
-2.080000000000000071e+01
-2.060000000000000142e+01
-2.040000000000000213e+01
-2.020000000000000284e+01
-2.000000000000000000e+01
-1.980000000000000071e+01
-1.960000000000000142e+01
-1.940000000000000213e+01
-1.920000000000000284e+01
-1.900000000000000000e+01
-1.880000000000000071e+01
-1.860000000000000142e+01
-1.840000000000000213e+01
-1.819999999999999929e+01
-1.800000000000000000e+01
-1.780000000000000071e+01
-1.760000000000000142e+01
-1.740000000000000213e+01
-1.719999999999999929e+01
-1.700000000000000000e+01
-1.680000000000000071e+01
-1.660000000000000142e+01
-1.640000000000000213e+01
-1.619999999999999929e+01
-1.600000000000000000e+01
-1.580000000000000071e+01
-1.560000000000000142e+01
-1.540000000000000036e+01
-1.520000000000000107e+01
-1.500000000000000000e+01
-1.480000000000000071e+01
-1.460000000000000142e+01
-1.440000000000000036e+01
-1.420000000000000107e+01
-1.400000000000000000e+01
-1.380000000000000071e+01
-1.360000000000000142e+01
-1.340000000000000036e+01
-1.320000000000000107e+01
-1.300000000000000000e+01
-1.280000000000000071e+01
-1.260000000000000142e+01
-1.240000000000000036e+01
-1.220000000000000107e+01
-1.200000000000000000e+01
-1.180000000000000071e+01
-1.160000000000000142e+01
-1.140000000000000036e+01
-1.120000000000000107e+01
-1.100000000000000000e+01
-1.080000000000000071e+01
-1.060000000000000142e+01
-1.040000000000000036e+01
-1.020000000000000107e+01
-1.000000000000000000e+01
-9.800000000000000711e+00
-9.600000000000001421e+00
-9.400000000000000355e+00
-9.200000000000001066e+00
-9.000000000000000000e+00
-8.800000000000000711e+00
-8.599999999999999645e+00
-8.400000000000000355e+00
-8.200000000000001066e+00
-8.000000000000000000e+00
-7.800000000000000711e+00
-7.600000000000000533e+00
-7.400000000000000355e+00
-7.200000000000000178e+00
-7.000000000000000000e+00
-6.800000000000000711e+00
-6.600000000000000533e+00
-6.400000000000000355e+00
-6.200000000000000178e+00
-6.000000000000000000e+00
-5.800000000000000711e+00
-5.600000000000000533e+00
-5.400000000000000355e+00
-5.200000000000000178e+00
-5.000000000000000000e+00
-4.800000000000000711e+00
-4.600000000000000533e+00
-4.400000000000000355e+00
-4.200000000000000178e+00
-4.000000000000000000e+00
-3.800000000000000266e+00
-3.600000000000000089e+00
-3.400000000000000355e+00
-3.200000000000000178e+00
-3.000000000000000000e+00
-2.800000000000000266e+00
-2.600000000000000089e+00
-2.400000000000000355e+00
-2.200000000000000178e+00
-2.000000000000000000e+00
-1.800000000000000044e+00
-1.600000000000000089e+00
-1.400000000000000133e+00
-1.200000000000000178e+00
-1.000000000000000000e+00
-8.000000000000000444e-01
-6.000000000000000888e-01
-4.000000000000000222e-01
-2.000000000000000111e-01
0.000000000000000000e+00
2.000000000000000111e-01
4.000000000000000222e-01
6.000000000000000888e-01
8.000000000000000444e-01
1.000000000000000000e+00
1.200000000000000178e+00
1.400000000000000133e+00
1.600000000000000089e+00
1.800000000000000044e+00
2.000000000000000000e+00
2.200000000000000178e+00
2.400000000000000355e+00
2.600000000000000089e+00
2.800000000000000266e+00
3.000000000000000000e+00
3.200000000000000178e+00
3.400000000000000355e+00
3.600000000000000089e+00
3.800000000000000266e+00
4.000000000000000000e+00
4.200000000000000178e+00
4.400000000000000355e+00
4.600000000000000533e+00
4.800000000000000711e+00
5.000000000000000000e+00
5.200000000000000178e+00
5.400000000000000355e+00
5.600000000000000533e+00
5.800000000000000711e+00
6.000000000000000000e+00
6.200000000000000178e+00
6.400000000000000355e+00
6.600000000000000533e+00
6.800000000000000711e+00
7.000000000000000000e+00
7.200000000000000178e+00
7.400000000000000355e+00
7.600000000000000533e+00
7.800000000000000711e+00
8.000000000000000000e+00
8.200000000000001066e+00
8.400000000000000355e+00
8.599999999999999645e+00
8.800000000000000711e+00
9.000000000000000000e+00
9.200000000000001066e+00
9.400000000000000355e+00
9.600000000000001421e+00
9.800000000000000711e+00
1.000000000000000000e+01
1.020000000000000107e+01
1.040000000000000036e+01
1.060000000000000142e+01
1.080000000000000071e+01
1.100000000000000000e+01
1.120000000000000107e+01
1.140000000000000036e+01
1.160000000000000142e+01
1.180000000000000071e+01
1.200000000000000000e+01
1.220000000000000107e+01
1.240000000000000036e+01
1.260000000000000142e+01
1.280000000000000071e+01
1.300000000000000000e+01
1.320000000000000107e+01
1.340000000000000036e+01
1.360000000000000142e+01
1.380000000000000071e+01
1.400000000000000000e+01
1.420000000000000107e+01
1.440000000000000036e+01
1.460000000000000142e+01
1.480000000000000071e+01
1.500000000000000000e+01
1.520000000000000107e+01
1.540000000000000036e+01
1.560000000000000142e+01
1.580000000000000071e+01
1.600000000000000000e+01
1.619999999999999929e+01
1.640000000000000213e+01
1.660000000000000142e+01
1.680000000000000071e+01
1.700000000000000000e+01
1.719999999999999929e+01
1.740000000000000213e+01
1.760000000000000142e+01
1.780000000000000071e+01
1.800000000000000000e+01
1.819999999999999929e+01
1.840000000000000213e+01
1.860000000000000142e+01
1.880000000000000071e+01
1.900000000000000000e+01
1.920000000000000284e+01
1.940000000000000213e+01
1.960000000000000142e+01
1.980000000000000071e+01
2.000000000000000000e+01
2.020000000000000284e+01
2.040000000000000213e+01
2.060000000000000142e+01
2.080000000000000071e+01
2.100000000000000000e+01
2.120000000000000284e+01
2.140000000000000213e+01
2.160000000000000142e+01
2.180000000000000071e+01
2.200000000000000000e+01
2.220000000000000284e+01
2.240000000000000213e+01
2.260000000000000142e+01
2.280000000000000071e+01
2.300000000000000000e+01
2.320000000000000284e+01
2.340000000000000213e+01
2.360000000000000142e+01
2.380000000000000071e+01
2.400000000000000000e+01
2.420000000000000284e+01
2.440000000000000213e+01
2.460000000000000142e+01
2.480000000000000071e+01
2.500000000000000000e+01
2.520000000000000284e+01
2.540000000000000213e+01
2.560000000000000142e+01
2.580000000000000071e+01
2.600000000000000000e+01
2.620000000000000284e+01
2.640000000000000213e+01
2.660000000000000142e+01
2.680000000000000071e+01
2.700000000000000000e+01
2.720000000000000284e+01
2.740000000000000213e+01
2.760000000000000142e+01
2.780000000000000071e+01
2.800000000000000000e+01
2.820000000000000284e+01
2.840000000000000213e+01
2.860000000000000142e+01
2.880000000000000071e+01
2.900000000000000000e+01
2.920000000000000284e+01
2.940000000000000213e+01
2.960000000000000142e+01
2.980000000000000071e+01
3.000199999999999889e+01
3.020601999999999876e+01
3.041208019999999834e+01
3.062020100199999817e+01
3.083040301201999966e+01
3.104270704214020071e+01
3.125713411256160512e+01
3.147370545368722361e+01
3.169244250822409725e+01
3.191336693330633878e+01
3.213650060263940134e+01
3.236186560866579498e+01
3.258948426475244986e+01
3.281937910739997477e+01
3.305157289847397806e+01
3.328608862745872443e+01
3.352294951373331600e+01
3.376217900887065326e+01
3.400380079895936092e+01
3.424783880694895544e+01
3.449431719501844640e+01
3.474326036696863440e+01
3.499469297063832585e+01
3.524863990034471328e+01
3.550512629934816289e+01
3.576417756234164358e+01
3.602581933796506064e+01
3.629007753134471415e+01
3.655697830665816639e+01
3.682654808972475280e+01
3.709881357062200635e+01
3.737380170632822995e+01
3.765153972339151522e+01
3.793205512062543505e+01
3.821537567183169415e+01
3.850152942855001470e+01
3.879054472283552002e+01
3.908245017006387911e+01
3.937727467176452478e+01
3.967504741848217975e+01
3.997579789266701056e+01
4.027955587159368633e+01
4.058635143030962666e+01
4.089621494461272988e+01
4.120917709405886598e+01
4.152526886499946102e+01
4.184452155364946435e+01
4.216696676918596864e+01
4.249263643687783798e+01
4.282156280124662828e+01
4.315377842925910556e+01
4.348931621355171018e+01
4.382820937568724418e+01
4.417049146944412996e+01
4.451619638413858127e+01
4.486535834797997779e+01
4.521801193145979170e+01
4.557419205077440694e+01
4.593393397128216549e+01
4.629727331099500276e+01
4.666424604410497068e+01
4.703488850454603920e+01
4.740923738959151734e+01
4.778732976348744899e+01
4.816920306112233874e+01
4.855489509173357732e+01
4.894444404265092885e+01
4.933788848307745667e+01
4.973526736790824998e+01
5.013662004158734931e+01
5.054198624200324019e+01
5.095140610442329177e+01
5.136492016546754513e+01
5.178256936712224245e+01
5.220439506079348746e+01
5.263043901140144243e+01
5.306074340151547375e+01
5.349535083553064396e+01
5.393430434388596240e+01
5.437764738732483494e+01
5.482542386119809663e+01
5.527767809981008895e+01
5.573445488080820098e+01
5.619579942961629371e+01
5.666175742391246928e+01
5.713237499815160447e+01
5.760769874813313152e+01
5.808777573561447127e+01
5.857265349297062329e+01
5.906238002790033903e+01
5.955700382817935434e+01
6.005657386646115725e+01
6.056113960512578132e+01
6.107075100117705091e+01
6.158545851118883263e+01
6.210531309630073338e+01
6.263036622726374958e+01
6.316066988953639338e+01
6.369627658843176476e+01
6.423723935431608822e+01
6.478361174785925414e+01
6.533544786533785498e+01
6.589280234399123515e+01
6.645573036743114415e+01
6.702428767110545493e+01
6.759853054781650883e+01
