-6.646119911665215341e+01
-6.554235207514916794e+01
-6.464152164230310404e+01
-6.375835455127754869e+01
-6.289250446203681122e+01
-6.204363182552628331e+01
-6.121140375051596294e+01
-6.039549387305486761e+01
-5.959558222848516351e+01
-5.881135512596584647e+01
-5.804250502545671253e+01
-5.728873041711442227e+01
-5.654973570305335073e+01
-5.582523108142484602e+01
-5.511493243276945009e+01
-5.441856120859749524e+01
-5.373584432215439932e+01
-5.306651404132783512e+01
-5.241030788365473114e+01
-5.176696851338698480e+01
-5.113624364057547211e+01
-5.051788592213281248e+01
-4.991165286483608554e+01
-4.931730673023145073e+01
-4.873461444140338017e+01
-4.816334749157194040e+01
-4.760328185448229021e+01
-4.705419789655125840e+01
-4.651588029073651853e+01
-4.598811793209461740e+01
-4.547070385499471712e+01
-4.496343515195560059e+01
-4.446611289407411505e+01
-4.397854205301383246e+01
-4.350053142452335919e+01
-4.303189355345426748e+01
-4.257244466024927476e+01
-4.212200456887183009e+01
-4.168039663614884205e+01
-4.124744768249885141e+01
-4.082298792401847010e+01
-4.040685090590044837e+01
-3.999887343715729315e+01
-3.959889552662478707e+01
-3.920676032022036850e+01
-3.882231403943172410e+01
-3.844540592101148491e+01
-3.807588815785438641e+01
-3.771361584103370035e+01
-3.735844690297420101e+01
-3.701024206173939746e+01
-3.666886476641116133e+01
-3.633418114354034145e+01
-3.600605994464738302e+01
-3.568437249475232420e+01
-3.536899264191403347e+01
-3.505979670775884927e+01
-3.475666343897925969e+01
-3.445947395978358685e+01
-3.416811172527802398e+01
-3.388246247576276460e+01
-3.360241419192427514e+01
-3.332785705090614670e+01
-3.305868338324131628e+01
-3.279478763062873981e+01
-3.253606630453797521e+01
-3.228241794562546119e+01
-3.203374308394652559e+01
-3.178994419994756981e+01
-3.155092568622310623e+01
-3.131659381002265263e+01
-3.108685667649279694e+01
-3.086162419263999723e+01
-3.064080803199999892e+01
-3.042432159999999897e+01
-3.021208000000000027e+01
-3.000400000000000134e+01
-2.980000000000000071e+01
-2.960000000000000142e+01
-2.940000000000000213e+01
-2.920000000000000284e+01
-2.900000000000000000e+01
-2.880000000000000071e+01
-2.860000000000000142e+01
-2.840000000000000213e+01
-2.820000000000000284e+01
-2.800000000000000000e+01
-2.780000000000000071e+01
-2.760000000000000142e+01
-2.740000000000000213e+01
-2.720000000000000284e+01
-2.700000000000000000e+01
-2.680000000000000071e+01
-2.660000000000000142e+01
-2.640000000000000213e+01
-2.620000000000000284e+01
-2.600000000000000000e+01
-2.580000000000000071e+01
-2.560000000000000142e+01
-2.540000000000000213e+01
-2.520000000000000284e+01
-2.500000000000000000e+01
-2.480000000000000071e+01
-2.460000000000000142e+01
-2.440000000000000213e+01
-2.420000000000000284e+01
-2.400000000000000000e+01
-2.380000000000000071e+01
-2.360000000000000142e+01
-2.340000000000000213e+01
-2.320000000000000284e+01
-2.300000000000000000e+01
-2.280000000000000071e+01
-2.260000000000000142e+01
-2.240000000000000213e+01
-2.220000000000000284e+01
-2.200000000000000000e+01
-2.180000000000000071e+01
-2.160000000000000142e+01
-2.140000000000000213e+01
-2.120000000000000284e+01
-2.100000000000000000e+01
-2.080000000000000071e+01
-2.060000000000000142e+01
-2.040000000000000213e+01
-2.020000000000000284e+01
-2.000000000000000000e+01
-1.980000000000000071e+01
-1.960000000000000142e+01
-1.940000000000000213e+01
-1.920000000000000284e+01
-1.900000000000000000e+01
-1.880000000000000071e+01
-1.860000000000000142e+01
-1.840000000000000213e+01
-1.819999999999999929e+01
-1.800000000000000000e+01
-1.780000000000000071e+01
-1.760000000000000142e+01
-1.740000000000000213e+01
-1.719999999999999929e+01
-1.700000000000000000e+01
-1.680000000000000071e+01
-1.660000000000000142e+01
-1.640000000000000213e+01
-1.619999999999999929e+01
-1.600000000000000000e+01
-1.580000000000000071e+01
-1.560000000000000142e+01
-1.540000000000000036e+01
-1.520000000000000107e+01
-1.500000000000000000e+01
-1.480000000000000071e+01
-1.460000000000000142e+01
-1.440000000000000036e+01
-1.420000000000000107e+01
-1.400000000000000000e+01
-1.380000000000000071e+01
-1.360000000000000142e+01
-1.340000000000000036e+01
-1.320000000000000107e+01
-1.300000000000000000e+01
-1.280000000000000071e+01
-1.260000000000000142e+01
-1.240000000000000036e+01
-1.220000000000000107e+01
-1.200000000000000000e+01
-1.180000000000000071e+01
-1.160000000000000142e+01
-1.140000000000000036e+01
-1.120000000000000107e+01
-1.100000000000000000e+01
-1.080000000000000071e+01
-1.060000000000000142e+01
-1.040000000000000036e+01
-1.020000000000000107e+01
-1.000000000000000000e+01
-9.800000000000000711e+00
-9.600000000000001421e+00
-9.400000000000000355e+00
-9.200000000000001066e+00
-9.000000000000000000e+00
-8.800000000000000711e+00
-8.599999999999999645e+00
-8.400000000000000355e+00
-8.200000000000001066e+00
-8.000000000000000000e+00
-7.800000000000000711e+00
-7.600000000000000533e+00
-7.400000000000000355e+00
-7.200000000000000178e+00
-7.000000000000000000e+00
-6.800000000000000711e+00
-6.600000000000000533e+00
-6.400000000000000355e+00
-6.200000000000000178e+00
-6.000000000000000000e+00
-5.800000000000000711e+00
-5.600000000000000533e+00
-5.400000000000000355e+00
-5.200000000000000178e+00
-5.000000000000000000e+00
-4.800000000000000711e+00
-4.600000000000000533e+00
-4.400000000000000355e+00
-4.200000000000000178e+00
-4.000000000000000000e+00
-3.800000000000000266e+00
-3.600000000000000089e+00
-3.400000000000000355e+00
-3.200000000000000178e+00
-3.000000000000000000e+00
-2.800000000000000266e+00
-2.600000000000000089e+00
-2.400000000000000355e+00
-2.200000000000000178e+00
-2.000000000000000000e+00
-1.800000000000000044e+00
-1.600000000000000089e+00
-1.400000000000000133e+00
-1.200000000000000178e+00
-1.000000000000000000e+00
-8.000000000000000444e-01
-6.000000000000000888e-01
-4.000000000000000222e-01
-2.000000000000000111e-01
0.000000000000000000e+00
2.000000000000000111e-01
4.000000000000000222e-01
6.000000000000000888e-01
8.000000000000000444e-01
1.000000000000000000e+00
1.200000000000000178e+00
1.400000000000000133e+00
1.600000000000000089e+00
1.800000000000000044e+00
2.000000000000000000e+00
2.200000000000000178e+00
2.400000000000000355e+00
2.600000000000000089e+00
2.800000000000000266e+00
3.000000000000000000e+00
3.200000000000000178e+00
3.400000000000000355e+00
3.600000000000000089e+00
3.800000000000000266e+00
4.000000000000000000e+00
4.200000000000000178e+00
4.400000000000000355e+00
4.600000000000000533e+00
4.800000000000000711e+00
5.000000000000000000e+00
5.200000000000000178e+00
5.400000000000000355e+00
5.600000000000000533e+00
5.800000000000000711e+00
6.000000000000000000e+00
6.200000000000000178e+00
6.400000000000000355e+00
6.600000000000000533e+00
6.800000000000000711e+00
7.000000000000000000e+00
7.200000000000000178e+00
7.400000000000000355e+00
7.600000000000000533e+00
7.800000000000000711e+00
8.000000000000000000e+00
8.200000000000001066e+00
8.400000000000000355e+00
8.599999999999999645e+00
8.800000000000000711e+00
9.000000000000000000e+00
9.200000000000001066e+00
9.400000000000000355e+00
9.600000000000001421e+00
9.800000000000000711e+00
1.000000000000000000e+01
1.020000000000000107e+01
1.040000000000000036e+01
1.060000000000000142e+01
1.080000000000000071e+01
1.100000000000000000e+01
1.120000000000000107e+01
1.140000000000000036e+01
1.160000000000000142e+01
1.180000000000000071e+01
1.200000000000000000e+01
1.220000000000000107e+01
1.240000000000000036e+01
1.260000000000000142e+01
1.280000000000000071e+01
1.300000000000000000e+01
1.320000000000000107e+01
1.340000000000000036e+01
1.360000000000000142e+01
1.380000000000000071e+01
1.400000000000000000e+01
1.420000000000000107e+01
1.440000000000000036e+01
1.460000000000000142e+01
1.480000000000000071e+01
1.500000000000000000e+01
1.520000000000000107e+01
1.540000000000000036e+01
1.560000000000000142e+01
1.580000000000000071e+01
1.600000000000000000e+01
1.619999999999999929e+01
1.640000000000000213e+01
1.660000000000000142e+01
1.680000000000000071e+01
1.700000000000000000e+01
1.719999999999999929e+01
1.740000000000000213e+01
1.760000000000000142e+01
1.780000000000000071e+01
1.800000000000000000e+01
1.819999999999999929e+01
1.840000000000000213e+01
1.860000000000000142e+01
1.880000000000000071e+01
1.900000000000000000e+01
1.920000000000000284e+01
1.940000000000000213e+01
1.960000000000000142e+01
1.980000000000000071e+01
2.000000000000000000e+01
2.020000000000000284e+01
2.040000000000000213e+01
2.060000000000000142e+01
2.080000000000000071e+01
2.100000000000000000e+01
2.120000000000000284e+01
2.140000000000000213e+01
2.160000000000000142e+01
2.180000000000000071e+01
2.200000000000000000e+01
2.220000000000000284e+01
2.240000000000000213e+01
2.260000000000000142e+01
2.280000000000000071e+01
2.300000000000000000e+01
2.320000000000000284e+01
2.340000000000000213e+01
2.360000000000000142e+01
2.380000000000000071e+01
2.400000000000000000e+01
2.420000000000000284e+01
2.440000000000000213e+01
2.460000000000000142e+01
2.480000000000000071e+01
2.500000000000000000e+01
2.520000000000000284e+01
2.540000000000000213e+01
2.560000000000000142e+01
2.580000000000000071e+01
2.600000000000000000e+01
2.620000000000000284e+01
2.640000000000000213e+01
2.660000000000000142e+01
2.680000000000000071e+01
2.700000000000000000e+01
2.720000000000000284e+01
2.740000000000000213e+01
2.760000000000000142e+01
2.780000000000000071e+01
2.800000000000000000e+01
2.820000000000000284e+01
2.840000000000000213e+01
2.860000000000000142e+01
2.880000000000000071e+01
2.900000000000000000e+01
2.920000000000000284e+01
2.940000000000000213e+01
2.960000000000000142e+01
2.980000000000000071e+01
3.000400000000000134e+01
3.021208000000000027e+01
3.042432159999999897e+01
3.064080803199999892e+01
3.086162419263999723e+01
3.108685667649279694e+01
3.131659381002265263e+01
3.155092568622310623e+01
3.178994419994756981e+01
3.203374308394652559e+01
3.228241794562546119e+01
3.253606630453797521e+01
3.279478763062873981e+01
3.305868338324131628e+01
3.332785705090614670e+01
3.360241419192427514e+01
3.388246247576276460e+01
3.416811172527802398e+01
3.445947395978358685e+01
3.475666343897925969e+01
3.505979670775884927e+01
3.536899264191403347e+01
3.568437249475232420e+01
3.600605994464738302e+01
3.633418114354034145e+01
3.666886476641116133e+01
3.701024206173939746e+01
3.735844690297420101e+01
3.771361584103370035e+01
3.807588815785438641e+01
3.844540592101148491e+01
3.882231403943172410e+01
3.920676032022036850e+01
3.959889552662478707e+01
3.999887343715729315e+01
4.040685090590044837e+01
4.082298792401847010e+01
4.124744768249885141e+01
4.168039663614884205e+01
4.212200456887183009e+01
4.257244466024927476e+01
4.303189355345426748e+01
4.350053142452335919e+01
4.397854205301383246e+01
4.446611289407411505e+01
4.496343515195560059e+01
4.547070385499471712e+01
4.598811793209461740e+01
4.651588029073651853e+01
4.705419789655125840e+01
4.760328185448229021e+01
4.816334749157194040e+01
4.873461444140338017e+01
4.931730673023145073e+01
4.991165286483608554e+01
5.051788592213281248e+01
5.113624364057547211e+01
5.176696851338698480e+01
5.241030788365473114e+01
5.306651404132783512e+01
5.373584432215439932e+01
5.441856120859749524e+01
5.511493243276945009e+01
5.582523108142484602e+01
5.654973570305335073e+01
5.728873041711442227e+01
5.804250502545671253e+01
5.881135512596584647e+01
5.959558222848516351e+01
6.039549387305486761e+01
6.121140375051596294e+01
6.204363182552628331e+01
6.289250446203681122e+01
6.375835455127754869e+01
6.464152164230310404e+01
6.554235207514916794e+01
6.646119911665215341e+01
