-8.375805593521940295e+01
-8.331754452936657174e+01
-8.287856953599055032e+01
-8.244112559640308291e+01
-8.200520737060590193e+01
-8.157080953722555705e+01
-8.113792679344842895e+01
-8.070655385495602729e+01
-8.027668545586045923e+01
-7.984831634864016792e+01
-7.942144130407585578e+01
-7.899605511118664936e+01
-7.857215257716651990e+01
-7.814972852732084618e+01
-7.772877780500328981e+01
-7.730929527155281278e+01
-7.689127580623096492e+01
-7.647471430615937038e+01
-7.605960568625742724e+01
-7.564594487918024868e+01
-7.523372683525680316e+01
-7.482294652242825350e+01
-7.441359892618655181e+01
-7.400567904951320486e+01
-7.359918191281829536e+01
-7.319410255387967368e+01
-7.279043602778239119e+01
-7.238817740685834679e+01
-7.198732178062611808e+01
-7.158786425573102008e+01
-7.118979995588537690e+01
-7.079312402180900676e+01
-7.039783161116987742e+01
-7.000391789852500324e+01
-6.961137807526155541e+01
-6.922020734953814269e+01
-6.883040094622631955e+01
-6.844195410685230740e+01
-6.805486208953888649e+01
-6.766912016894752924e+01
-6.728472363622071839e+01
-6.690166779892444993e+01
-6.651994798099094908e+01
-6.613955952266159954e+01
-6.576049778043005745e+01
-6.538275812698556422e+01
-6.500633595115647267e+01
-6.463122665785394361e+01
-6.425742566801584132e+01
-6.388492841855086368e+01
-6.351373036228282842e+01
-6.314382696789515137e+01
-6.277521371987554488e+01
-6.240788611846088685e+01
-6.204183967958230284e+01
-6.167706993481041877e+01
-6.131357243130081969e+01
-6.095134273173968609e+01
-6.059037641428962928e+01
-6.023066907253571145e+01
-5.987221631543165756e+01
-5.951501376724625203e+01
-5.915905706750992721e+01
-5.880434187096152243e+01
-5.845086384749524910e+01
-5.809861868210783342e+01
-5.774760207484583674e+01
-5.739780974075316777e+01
-5.704923740981877245e+01
-5.670188082692450848e+01
-5.635573575179320471e+01
-5.601079795893689806e+01
-5.566706323760525521e+01
-5.532452739173415779e+01
-5.498318623989450060e+01
-5.464303561524113206e+01
-5.430407136546199354e+01
-5.396628935272742922e+01
-5.362968545363967365e+01
-5.329425555918251689e+01
-5.295999557467114727e+01
-5.262690141970217184e+01
-5.229496902810379311e+01
-5.196419434788617764e+01
-5.163457334119199515e+01
-5.130610198424712109e+01
-5.097877626731152390e+01
-5.065259219463030860e+01
-5.032754578438495230e+01
-5.000363306864468882e+01
-4.968085009331807100e+01
-4.935919291810470355e+01
-4.903865761644713928e+01
-4.871924027548295300e+01
-4.840093699599696464e+01
-4.808374389237366131e+01
-4.776765709254974013e+01
-4.745267273796685714e+01
-4.713878698352452545e+01
-4.682599599753316255e+01
-4.651429596166732949e+01
-4.620368307091911220e+01
-4.589415353355168037e+01
-4.558570357105299564e+01
-4.527832941808968314e+01
-4.497202732246107360e+01
-4.466679354505338750e+01
-4.436262435979411123e+01
-4.405951605360649381e+01
-4.375746492636422147e+01
-4.345646729084626259e+01
-4.315651947269184774e+01
-4.285761781035561313e+01
-4.255975865506290035e+01
-4.226293837076522664e+01
-4.196715333409589732e+01
-4.167239993432576028e+01
-4.137867457331914522e+01
-4.108597366548993080e+01
-4.079429363775778228e+01
-4.050363092950451716e+01
-4.021398199253066252e+01
-3.992534329101212620e+01
-3.963771130145703125e+01
-3.935108251266271395e+01
-3.906545342567286383e+01
-3.878082055373479875e+01
-3.849718042225690340e+01
-3.821452956876622409e+01
-3.793286454286619147e+01
-3.765218190619450667e+01
-3.737247823238116951e+01
-3.709375010700664177e+01
-3.681599412756017387e+01
-3.653920690339827360e+01
-3.626338505570330284e+01
-3.598852521744224475e+01
-3.571462403332559177e+01
-3.544167815976639702e+01
-3.516968426483944654e+01
-3.489863902824059494e+01
-3.462853914124622179e+01
-3.435938130667285861e+01
-3.409116223883692243e+01
-3.382387866351461270e+01
-3.355752731790195043e+01
-3.329210495057493091e+01
-3.302760832144984704e+01
-3.276403420174373338e+01
-3.250137937393495235e+01
-3.223964063172390837e+01
-3.197881477999392175e+01
-3.171889863477221283e+01
-3.145988902319103886e+01
-3.120178278344896228e+01
-3.094457676477225405e+01
-3.068826782737643200e+01
-3.043285284242793054e+01
-3.017832869200590551e+01
-2.992469226906417745e+01
-2.967194047739329577e+01
-2.942007023158275203e+01
-2.916907845698330703e+01
-2.891896208966945991e+01
-2.866971807640204872e+01
-2.842134337459097537e+01
-2.817383495225806556e+01
-2.792718978800006013e+01
-2.768140487095172375e+01
-2.743647720074909557e+01
-2.719240378749286435e+01
-2.694918165171186786e+01
-2.670680782432672018e+01
-2.646527934661356696e+01
-2.622459327016797204e+01
-2.598474665686892493e+01
-2.574573657884296907e+01
-2.550756011842846505e+01
-2.527021436813997113e+01
-2.503369643063275163e+01
-2.479800341866740965e+01
-2.456313245507464060e+01
-2.432908067272011365e+01
-2.409584521446946326e+01
-2.386342323315341929e+01
-2.363181189153304729e+01
-2.340100836226511305e+01
-2.317100982786757157e+01
-2.294181348068516968e+01
-2.271341652285517299e+01
-2.248581616627321367e+01
-2.225900963255925191e+01
-2.203299415302366526e+01
-2.180776696863344455e+01
-2.158332532997851771e+01
-2.135966649723818378e+01
-2.113678774014766759e+01
-2.091468633796479182e+01
-2.069335957943676263e+01
-2.047280476276707617e+01
-2.025301919558253516e+01
-2.003400019490038275e+01
-1.981574508709554649e+01
-1.959825120786800667e+01
-1.938151590221026765e+01
-1.916553652437495359e+01
-1.895031043784250357e+01
-1.873583501528899120e+01
-1.852210763855405062e+01
-1.830912569860891637e+01
-1.809688659552457679e+01
-1.788538773844003416e+01
-1.767462654553067480e+01
-1.746460044397675304e+01
-1.725530686993198870e+01
-1.704674326849226418e+01
-1.683890709366443872e+01
-1.663179580833526572e+01
-1.642540688424042372e+01
-1.621973780193365400e+01
-1.601478605075600470e+01
-1.581054912880518337e+01
-1.560702454290501429e+01
-1.540420980857500055e+01
-1.520210244999999993e+01
-1.500070000000000014e+01
-1.480000000000000071e+01
-1.460000000000000142e+01
-1.440000000000000036e+01
-1.420000000000000107e+01
-1.400000000000000000e+01
-1.380000000000000071e+01
-1.360000000000000142e+01
-1.340000000000000036e+01
-1.320000000000000107e+01
-1.300000000000000000e+01
-1.280000000000000071e+01
-1.260000000000000142e+01
-1.240000000000000036e+01
-1.220000000000000107e+01
-1.200000000000000000e+01
-1.180000000000000071e+01
-1.160000000000000142e+01
-1.140000000000000036e+01
-1.120000000000000107e+01
-1.100000000000000000e+01
-1.080000000000000071e+01
-1.060000000000000142e+01
-1.040000000000000036e+01
-1.020000000000000107e+01
-1.000000000000000000e+01
-9.800000000000000711e+00
-9.600000000000001421e+00
-9.400000000000000355e+00
-9.200000000000001066e+00
-9.000000000000000000e+00
-8.800000000000000711e+00
-8.599999999999999645e+00
-8.400000000000000355e+00
-8.200000000000001066e+00
-8.000000000000000000e+00
-7.800000000000000711e+00
-7.600000000000000533e+00
-7.400000000000000355e+00
-7.200000000000000178e+00
-7.000000000000000000e+00
-6.800000000000000711e+00
-6.600000000000000533e+00
-6.400000000000000355e+00
-6.200000000000000178e+00
-6.000000000000000000e+00
-5.800000000000000711e+00
-5.600000000000000533e+00
-5.400000000000000355e+00
-5.200000000000000178e+00
-5.000000000000000000e+00
-4.800000000000000711e+00
-4.600000000000000533e+00
-4.400000000000000355e+00
-4.200000000000000178e+00
-4.000000000000000000e+00
-3.800000000000000266e+00
-3.600000000000000089e+00
-3.400000000000000355e+00
-3.200000000000000178e+00
-3.000000000000000000e+00
-2.800000000000000266e+00
-2.600000000000000089e+00
-2.400000000000000355e+00
-2.200000000000000178e+00
-2.000000000000000000e+00
-1.800000000000000044e+00
-1.600000000000000089e+00
-1.400000000000000133e+00
-1.200000000000000178e+00
-1.000000000000000000e+00
-8.000000000000000444e-01
-6.000000000000000888e-01
-4.000000000000000222e-01
-2.000000000000000111e-01
0.000000000000000000e+00
2.000000000000000111e-01
4.000000000000000222e-01
6.000000000000000888e-01
8.000000000000000444e-01
1.000000000000000000e+00
1.200000000000000178e+00
1.400000000000000133e+00
1.600000000000000089e+00
1.800000000000000044e+00
2.000000000000000000e+00
2.200000000000000178e+00
2.400000000000000355e+00
2.600000000000000089e+00
2.800000000000000266e+00
3.000000000000000000e+00
3.200000000000000178e+00
3.400000000000000355e+00
3.600000000000000089e+00
3.800000000000000266e+00
4.000000000000000000e+00
4.200000000000000178e+00
4.400000000000000355e+00
4.600000000000000533e+00
4.800000000000000711e+00
5.000000000000000000e+00
5.200000000000000178e+00
5.400000000000000355e+00
5.600000000000000533e+00
5.800000000000000711e+00
6.000000000000000000e+00
6.200000000000000178e+00
6.400000000000000355e+00
6.600000000000000533e+00
6.800000000000000711e+00
7.000000000000000000e+00
7.200000000000000178e+00
7.400000000000000355e+00
7.600000000000000533e+00
7.800000000000000711e+00
8.000000000000000000e+00
8.200000000000001066e+00
8.400000000000000355e+00
8.599999999999999645e+00
8.800000000000000711e+00
9.000000000000000000e+00
9.200000000000001066e+00
9.400000000000000355e+00
9.600000000000001421e+00
9.800000000000000711e+00
1.000000000000000000e+01
1.020000000000000107e+01
1.040000000000000036e+01
1.060000000000000142e+01
1.080000000000000071e+01
1.100000000000000000e+01
1.120000000000000107e+01
1.140000000000000036e+01
1.160000000000000142e+01
1.180000000000000071e+01
1.200000000000000000e+01
1.220000000000000107e+01
1.240000000000000036e+01
1.260000000000000142e+01
1.280000000000000071e+01
1.300000000000000000e+01
1.320000000000000107e+01
1.340000000000000036e+01
1.360000000000000142e+01
1.380000000000000071e+01
1.400000000000000000e+01
1.420000000000000107e+01
1.440000000000000036e+01
1.460000000000000142e+01
1.480000000000000071e+01
1.500070000000000014e+01
1.520210244999999993e+01
1.540420980857500055e+01
1.560702454290501429e+01
1.581054912880518337e+01
1.601478605075600470e+01
1.621973780193365400e+01
1.642540688424042372e+01
1.663179580833526572e+01
1.683890709366443872e+01
1.704674326849226418e+01
1.725530686993198870e+01
1.746460044397675304e+01
1.767462654553067480e+01
1.788538773844003416e+01
1.809688659552457679e+01
1.830912569860891637e+01
1.852210763855405062e+01
1.873583501528899120e+01
1.895031043784250357e+01
1.916553652437495359e+01
1.938151590221026765e+01
1.959825120786800667e+01
1.981574508709554649e+01
2.003400019490038275e+01
2.025301919558253516e+01
2.047280476276707617e+01
2.069335957943676263e+01
2.091468633796479182e+01
2.113678774014766759e+01
2.135966649723818378e+01
2.158332532997851771e+01
2.180776696863344455e+01
2.203299415302366526e+01
2.225900963255925191e+01
2.248581616627321367e+01
2.271341652285517299e+01
2.294181348068516968e+01
2.317100982786757157e+01
2.340100836226511305e+01
2.363181189153304729e+01
2.386342323315341929e+01
2.409584521446946326e+01
2.432908067272011365e+01
2.456313245507464060e+01
2.479800341866740965e+01
2.503369643063275163e+01
2.527021436813997113e+01
2.550756011842846505e+01
2.574573657884296907e+01
2.598474665686892493e+01
2.622459327016797204e+01
2.646527934661356696e+01
2.670680782432672018e+01
2.694918165171186786e+01
2.719240378749286435e+01
2.743647720074909557e+01
2.768140487095172375e+01
2.792718978800006013e+01
2.817383495225806556e+01
2.842134337459097537e+01
2.866971807640204872e+01
2.891896208966945991e+01
2.916907845698330703e+01
2.942007023158275203e+01
2.967194047739329577e+01
2.992469226906417745e+01
3.017832869200590551e+01
3.043285284242793054e+01
3.068826782737643200e+01
3.094457676477225405e+01
3.120178278344896228e+01
3.145988902319103886e+01
3.171889863477221283e+01
3.197881477999392175e+01
3.223964063172390837e+01
3.250137937393495235e+01
3.276403420174373338e+01
3.302760832144984704e+01
3.329210495057493091e+01
3.355752731790195043e+01
3.382387866351461270e+01
3.409116223883692243e+01
3.435938130667285861e+01
3.462853914124622179e+01
3.489863902824059494e+01
3.516968426483944654e+01
3.544167815976639702e+01
3.571462403332559177e+01
3.598852521744224475e+01
3.626338505570330284e+01
3.653920690339827360e+01
3.681599412756017387e+01
3.709375010700664177e+01
3.737247823238116951e+01
3.765218190619450667e+01
3.793286454286619147e+01
3.821452956876622409e+01
3.849718042225690340e+01
3.878082055373479875e+01
3.906545342567286383e+01
3.935108251266271395e+01
3.963771130145703125e+01
3.992534329101212620e+01
4.021398199253066252e+01
4.050363092950451716e+01
4.079429363775778228e+01
4.108597366548993080e+01
4.137867457331914522e+01
4.167239993432576028e+01
4.196715333409589732e+01
4.226293837076522664e+01
4.255975865506290035e+01
4.285761781035561313e+01
4.315651947269184774e+01
4.345646729084626259e+01
4.375746492636422147e+01
4.405951605360649381e+01
4.436262435979411123e+01
4.466679354505338750e+01
4.497202732246107360e+01
4.527832941808968314e+01
4.558570357105299564e+01
4.589415353355168037e+01
4.620368307091911220e+01
4.651429596166732949e+01
4.682599599753316255e+01
4.713878698352452545e+01
4.745267273796685714e+01
4.776765709254974013e+01
4.808374389237366131e+01
4.840093699599696464e+01
4.871924027548295300e+01
4.903865761644713928e+01
4.935919291810470355e+01
4.968085009331807100e+01
5.000363306864468882e+01
5.032754578438495230e+01
5.065259219463030860e+01
5.097877626731152390e+01
5.130610198424712109e+01
5.163457334119199515e+01
5.196419434788617764e+01
5.229496902810379311e+01
5.262690141970217184e+01
5.295999557467114727e+01
5.329425555918251689e+01
5.362968545363967365e+01
5.396628935272742922e+01
5.430407136546199354e+01
5.464303561524113206e+01
5.498318623989450060e+01
5.532452739173415779e+01
5.566706323760525521e+01
5.601079795893689806e+01
5.635573575179320471e+01
5.670188082692450848e+01
5.704923740981877245e+01
5.739780974075316777e+01
5.774760207484583674e+01
5.809861868210783342e+01
5.845086384749524910e+01
5.880434187096152243e+01
5.915905706750992721e+01
5.951501376724625203e+01
5.987221631543165756e+01
6.023066907253571145e+01
6.059037641428962928e+01
6.095134273173968609e+01
6.131357243130081969e+01
6.167706993481041877e+01
6.204183967958230284e+01
6.240788611846088685e+01
6.277521371987554488e+01
6.314382696789515137e+01
6.351373036228282842e+01
6.388492841855086368e+01
6.425742566801584132e+01
6.463122665785394361e+01
6.500633595115647267e+01
6.538275812698556422e+01
6.576049778043005745e+01
6.613955952266159954e+01
6.651994798099094908e+01
6.690166779892444993e+01
6.728472363622071839e+01
6.766912016894752924e+01
6.805486208953888649e+01
6.844195410685230740e+01
6.883040094622631955e+01
6.922020734953814269e+01
6.961137807526155541e+01
7.000391789852500324e+01
7.039783161116987742e+01
7.079312402180900676e+01
7.118979995588537690e+01
7.158786425573102008e+01
7.198732178062611808e+01
7.238817740685834679e+01
7.279043602778239119e+01
7.319410255387967368e+01
7.359918191281829536e+01
7.400567904951320486e+01
7.441359892618655181e+01
7.482294652242825350e+01
7.523372683525680316e+01
7.564594487918024868e+01
7.605960568625742724e+01
7.647471430615937038e+01
7.689127580623096492e+01
7.730929527155281278e+01
7.772877780500328981e+01
7.814972852732084618e+01
7.857215257716651990e+01
7.899605511118664936e+01
7.942144130407585578e+01
7.984831634864016792e+01
8.027668545586045923e+01
8.070655385495602729e+01
8.113792679344842895e+01
8.157080953722555705e+01
8.200520737060590193e+01
8.244112559640308291e+01
8.287856953599055032e+01
8.331754452936657174e+01
8.375805593521940295e+01
