-4.594737081231656362e+01
-4.546888199239262462e+01
-4.499513068553724082e+01
-4.452606998568042229e+01
-4.406165345116872345e+01
-4.360183510016704389e+01
-4.314656940610597502e+01
-4.269581129317422352e+01
-4.224951613185565691e+01
-4.180763973451054483e+01
-4.137013835100053427e+01
-4.093696866435696080e+01
-4.050808778649203390e+01
-4.008345325395250569e+01
-3.966302302371534694e+01
-3.924675546902508927e+01
-3.883460937527235757e+01
-3.842654393591321593e+01
-3.802251874842891510e+01
-3.762249381032564344e+01
-3.722642951517389065e+01
-3.683428664868700508e+01
-3.644602638483860346e+01
-3.606161028201840679e+01
-3.568100027922613293e+01
-3.530415869230309056e+01
-3.493104821020106954e+01
-3.456163189128817947e+01
-3.419587315969125996e+01
-3.383373580167450712e+01
-3.347518396205396130e+01
-3.312018214064747923e+01
-3.276869518875987097e+01
-3.242068830570283211e+01
-3.207612703534933019e+01
-3.173497726272209718e+01
-3.139720521061592251e+01
-3.106277743625337351e+01
-3.073166082797362364e+01
-3.040382260195406872e+01
-3.007923029896441136e+01
-2.975785178115286911e+01
-2.943965522886421482e+01
-2.912460913748930835e+01
-2.881268231434583527e+01
-2.850384387558992216e+01
-2.819806324315832669e+01
-2.789531014174090373e+01
-2.759555459578306014e+01
-2.729876692651786740e+01
-2.700491774902757669e+01
-2.671397796933421986e+01
-2.642591878151901597e+01
-2.614071166487029885e+01
-2.585832838105968889e+01
-2.557874097134621394e+01
-2.530192175380812003e+01
-2.502784332060208783e+01
-2.475647853524958109e+01
-2.448780052995006784e+01
-2.422178270292084790e+01
-2.395839871576320590e+01
-2.369762249085464845e+01
-2.343942820876696942e+01
-2.318379030570986288e+01
-2.293068347099985616e+01
-2.268008264455430378e+01
-2.243196301441019358e+01
-2.218630001426750908e+01
-2.194306932105693164e+01
-2.170224685253160857e+01
-2.146380876488277423e+01
-2.122773145037897891e+01
-2.099399153502868742e+01
-2.076256587626602368e+01
-2.053343156065942665e+01
-2.030656590164299402e+01
-2.008194643727028961e+01
-1.985955092799038368e+01
-1.963935735444592368e+01
-1.942134391529299364e+01
-1.920548902504256716e+01
-1.899177131192333334e+01
-1.878016961576567567e+01
-1.857066298590660836e+01
-1.836323067911545337e+01
-1.815785215754005222e+01
-1.795450708667331696e+01
-1.775317533333991449e+01
-1.755383696370288149e+01
-1.735647224128997834e+01
-1.716106162503957933e+01
-1.696758576736591806e+01
-1.677602551224348204e+01
-1.658636189331037869e+01
-1.639857613199047393e+01
-1.621264963563413275e+01
-1.602856399567735934e+01
-1.584630098581916791e+01
-1.566584256021699773e+01
-1.548717085169999841e+01
-1.531026816999999873e+01
-1.513511699999999927e+01
-1.496170000000000044e+01
-1.479000000000000092e+01
-1.462000000000000099e+01
-1.445000000000000107e+01
-1.428000000000000114e+01
-1.411000000000000121e+01
-1.394000000000000128e+01
-1.377000000000000135e+01
-1.360000000000000142e+01
-1.343000000000000149e+01
-1.326000000000000156e+01
-1.309000000000000163e+01
-1.292000000000000171e+01
-1.275000000000000178e+01
-1.258000000000000007e+01
-1.241000000000000014e+01
-1.224000000000000021e+01
-1.207000000000000028e+01
-1.190000000000000036e+01
-1.173000000000000043e+01
-1.156000000000000050e+01
-1.139000000000000057e+01
-1.122000000000000064e+01
-1.105000000000000071e+01
-1.088000000000000078e+01
-1.071000000000000085e+01
-1.054000000000000092e+01
-1.037000000000000099e+01
-1.020000000000000107e+01
-1.003000000000000114e+01
-9.860000000000001208e+00
-9.690000000000001279e+00
-9.520000000000001350e+00
-9.350000000000001421e+00
-9.180000000000001492e+00
-9.009999999999999787e+00
-8.839999999999999858e+00
-8.669999999999999929e+00
-8.500000000000000000e+00
-8.330000000000000071e+00
-8.160000000000000142e+00
-7.990000000000000213e+00
-7.820000000000000284e+00
-7.650000000000000355e+00
-7.480000000000000426e+00
-7.310000000000000497e+00
-7.140000000000000568e+00
-6.970000000000000639e+00
-6.800000000000000711e+00
-6.630000000000000782e+00
-6.460000000000000853e+00
-6.290000000000000036e+00
-6.120000000000000107e+00
-5.950000000000000178e+00
-5.780000000000000249e+00
-5.610000000000000320e+00
-5.440000000000000391e+00
-5.270000000000000462e+00
-5.100000000000000533e+00
-4.930000000000000604e+00
-4.760000000000000675e+00
-4.590000000000000746e+00
-4.419999999999999929e+00
-4.250000000000000000e+00
-4.080000000000000071e+00
-3.910000000000000142e+00
-3.740000000000000213e+00
-3.570000000000000284e+00
-3.400000000000000355e+00
-3.230000000000000426e+00
-3.060000000000000053e+00
-2.890000000000000124e+00
-2.720000000000000195e+00
-2.550000000000000266e+00
-2.380000000000000338e+00
-2.209999999999999964e+00
-2.040000000000000036e+00
-1.870000000000000107e+00
-1.700000000000000178e+00
-1.530000000000000027e+00
-1.360000000000000098e+00
-1.190000000000000169e+00
-1.020000000000000018e+00
-8.500000000000000888e-01
-6.800000000000000488e-01
-5.100000000000000089e-01
-3.400000000000000244e-01
-1.700000000000000122e-01
0.000000000000000000e+00
1.700000000000000122e-01
3.400000000000000244e-01
5.100000000000000089e-01
6.800000000000000488e-01
8.500000000000000888e-01
1.020000000000000018e+00
1.190000000000000169e+00
1.360000000000000098e+00
1.530000000000000027e+00
1.700000000000000178e+00
1.870000000000000107e+00
2.040000000000000036e+00
2.209999999999999964e+00
2.380000000000000338e+00
2.550000000000000266e+00
2.720000000000000195e+00
2.890000000000000124e+00
3.060000000000000053e+00
3.230000000000000426e+00
3.400000000000000355e+00
3.570000000000000284e+00
3.740000000000000213e+00
3.910000000000000142e+00
4.080000000000000071e+00
4.250000000000000000e+00
4.419999999999999929e+00
4.590000000000000746e+00
4.760000000000000675e+00
4.930000000000000604e+00
5.100000000000000533e+00
5.270000000000000462e+00
5.440000000000000391e+00
5.610000000000000320e+00
5.780000000000000249e+00
5.950000000000000178e+00
6.120000000000000107e+00
6.290000000000000036e+00
6.460000000000000853e+00
6.630000000000000782e+00
6.800000000000000711e+00
6.970000000000000639e+00
7.140000000000000568e+00
7.310000000000000497e+00
7.480000000000000426e+00
7.650000000000000355e+00
7.820000000000000284e+00
7.990000000000000213e+00
8.160000000000000142e+00
8.330000000000000071e+00
8.500000000000000000e+00
8.669999999999999929e+00
8.839999999999999858e+00
9.009999999999999787e+00
9.180000000000001492e+00
9.350000000000001421e+00
9.520000000000001350e+00
9.690000000000001279e+00
9.860000000000001208e+00
1.003000000000000114e+01
1.020000000000000107e+01
1.037000000000000099e+01
1.054000000000000092e+01
1.071000000000000085e+01
1.088000000000000078e+01
1.105000000000000071e+01
1.122000000000000064e+01
1.139000000000000057e+01
1.156000000000000050e+01
1.173000000000000043e+01
1.190000000000000036e+01
1.207000000000000028e+01
1.224000000000000021e+01
1.241000000000000014e+01
1.258000000000000007e+01
1.275000000000000178e+01
1.292000000000000171e+01
1.309000000000000163e+01
1.326000000000000156e+01
1.343000000000000149e+01
1.360000000000000142e+01
1.377000000000000135e+01
1.394000000000000128e+01
1.411000000000000121e+01
1.428000000000000114e+01
1.445000000000000107e+01
1.462000000000000099e+01
1.479000000000000092e+01
1.496170000000000044e+01
1.513511699999999927e+01
1.531026816999999873e+01
1.548717085169999841e+01
1.566584256021699773e+01
1.584630098581916791e+01
1.602856399567735934e+01
1.621264963563413275e+01
1.639857613199047393e+01
1.658636189331037869e+01
1.677602551224348204e+01
1.696758576736591806e+01
1.716106162503957933e+01
1.735647224128997834e+01
1.755383696370288149e+01
1.775317533333991449e+01
1.795450708667331696e+01
1.815785215754005222e+01
1.836323067911545337e+01
1.857066298590660836e+01
1.878016961576567567e+01
1.899177131192333334e+01
1.920548902504256716e+01
1.942134391529299364e+01
1.963935735444592368e+01
1.985955092799038368e+01
2.008194643727028961e+01
2.030656590164299402e+01
2.053343156065942665e+01
2.076256587626602368e+01
2.099399153502868742e+01
2.122773145037897891e+01
2.146380876488277423e+01
2.170224685253160857e+01
2.194306932105693164e+01
2.218630001426750908e+01
2.243196301441019358e+01
2.268008264455430378e+01
2.293068347099985616e+01
2.318379030570986288e+01
2.343942820876696942e+01
2.369762249085464845e+01
2.395839871576320590e+01
2.422178270292084790e+01
2.448780052995006784e+01
2.475647853524958109e+01
2.502784332060208783e+01
2.530192175380812003e+01
2.557874097134621394e+01
2.585832838105968889e+01
2.614071166487029885e+01
2.642591878151901597e+01
2.671397796933421986e+01
2.700491774902757669e+01
2.729876692651786740e+01
2.759555459578306014e+01
2.789531014174090373e+01
2.819806324315832669e+01
2.850384387558992216e+01
2.881268231434583527e+01
2.912460913748930835e+01
2.943965522886421482e+01
2.975785178115286911e+01
3.007923029896441136e+01
3.040382260195406872e+01
3.073166082797362364e+01
3.106277743625337351e+01
3.139720521061592251e+01
3.173497726272209718e+01
3.207612703534933019e+01
3.242068830570283211e+01
3.276869518875987097e+01
3.312018214064747923e+01
3.347518396205396130e+01
3.383373580167450712e+01
3.419587315969125996e+01
3.456163189128817947e+01
3.493104821020106954e+01
3.530415869230309056e+01
3.568100027922613293e+01
3.606161028201840679e+01
3.644602638483860346e+01
3.683428664868700508e+01
3.722642951517389065e+01
3.762249381032564344e+01
3.802251874842891510e+01
3.842654393591321593e+01
3.883460937527235757e+01
3.924675546902508927e+01
3.966302302371534694e+01
4.008345325395250569e+01
4.050808778649203390e+01
4.093696866435696080e+01
4.137013835100053427e+01
4.180763973451054483e+01
4.224951613185565691e+01
4.269581129317422352e+01
4.314656940610597502e+01
4.360183510016704389e+01
4.406165345116872345e+01
4.452606998568042229e+01
4.499513068553724082e+01
4.546888199239262462e+01
4.594737081231656362e+01
