-4.600000000000000000e+01
-4.575057539367353598e+01
-4.550115131961955939e+01
-4.525172782126108473e+01
-4.500230494556319627e+01
-4.475288274332188365e+01
-4.450346126947649594e+01
-4.425404058344754787e+01
-4.400462074950214486e+01
-4.375520183714919398e+01
-4.350578392156673857e+01
-4.325636708406419473e+01
-4.300695141258216125e+01
-4.275753700223305032e+01
-4.250812395588560122e+01
-4.225871238479714265e+01
-4.200930240929721293e+01
-4.175989415952690820e+01
-4.151048777623835662e+01
-4.126108341165927129e+01
-4.101168123042783265e+01
-4.076228141060360599e+01
-4.051288414476066180e+01
-4.026348964116956353e+01
-4.001409812507539243e+01
-3.976470984007961107e+01
-3.951532504963419967e+01
-3.926594403865696847e+01
-3.901656711527807886e+01
-3.876719461272817568e+01
-3.851782689137954918e+01
-3.826846434095276805e+01
-3.801910738290200698e+01
-3.776975647299336458e+01
-3.752041210409181815e+01
-3.727107480917333504e+01
-3.702174516458035214e+01
-3.677242379353987900e+01
-3.652311136996521412e+01
-3.627380862256396910e+01
-3.602451633927648800e+01
-3.577523537207098059e+01
-3.552596664212360622e+01
-3.527671114541362840e+01
-3.502746995876650971e+01
-3.477824424637974943e+01
-3.452903526686945668e+01
-3.427984438087784724e+01
-3.403067305928526309e+01
-3.378152289207325509e+01
-3.353239559788872270e+01
-3.328329303436242270e+01
-3.303421720923932270e+01
-3.278517029238170011e+01
-3.253615462871047725e+01
-3.228717275215439741e+01
-3.203822740068113717e+01
-3.178932153248945269e+01
-3.154045834344603350e+01
-3.129164128585593474e+01
-3.104287408866061782e+01
-3.079416077916277317e+01
-3.054550570638252793e+01
-3.029691356615472841e+01
-3.004838942808219571e+01
-2.979993876446496159e+01
-2.955156748132997535e+01
-2.930328195169015260e+01
-2.905508905116545293e+01
-2.880699619610136253e+01
-2.855901138432249198e+01
-2.831114323865956450e+01
-2.806340105338746227e+01
-2.781579484370950084e+01
-2.756833539841836611e+01
-2.732103433585666963e+01
-2.707390416328964378e+01
-2.682695833978814903e+01
-2.658021134270155983e+01
-2.633367873777636703e+01
-2.608737725294668053e+01
-2.584132485578665595e+01
-2.559554083457064877e+01
-2.535004588283445415e+01
-2.510486218726837748e+01
-2.486001351869974130e+01
-2.461552532583711894e+01
-2.437142483135032478e+01
-2.412774112974748775e+01
-2.388450528638331249e+01
-2.364175043678888599e+01
-2.339951188535372140e+01
-2.315782720221450575e+01
-2.291673631701230462e+01
-2.267628160797282888e+01
-2.243650798454276440e+01
-2.219746296158394472e+01
-2.195919672288810531e+01
-2.172176217153499778e+01
-2.148521496438101863e+01
-2.124961352774357692e+01
-2.101501905114767155e+01
-2.078149545583756819e+01
-2.054910933464200440e+01
-2.031792985973071808e+01
-2.008802865483062305e+01
-1.985947962859818716e+01
-1.963235876608858277e+01
-1.940674387563833392e+01
-1.918271428900097320e+01
-1.896035051325651111e+01
-1.873973383386045199e+01
-1.852094586920816965e+01
-1.830406807825586668e+01
-1.808918122404335094e+01
-1.787636479737776796e+01
-1.766569640642148897e+01
-1.745725113943169404e+01
-1.725110090936270169e+01
-1.704731379039743899e+01
-1.684595335764757351e+01
-1.664707804218056353e+01
-1.645074051412521499e+01
-1.625698710681610848e+01
-1.606585729471614243e+01
-1.587738323717834632e+01
-1.569158939897161176e+01
-1.550849225692192945e+01
-1.532810010005918144e+01
-1.515041292838337483e+01
-1.497542245286462048e+01
-1.480311219667693123e+01
-1.463345769505140481e+01
-1.446642678863501530e+01
-1.430198000296487137e+01
-1.414007100470639244e+01
-1.398064712373076901e+01
-1.382364992897054634e+01
-1.366901584531403557e+01
-1.351667679857834514e+01
-1.336656087580913521e+01
-1.321859298874922928e+01
-1.307269552923625611e+01
-1.292878900646307017e+01
-1.278679265738986004e+01
-1.264662502306043024e+01
-1.250820448507939631e+01
-1.237144975799127167e+01
-1.223628033471603516e+01
-1.210261688350013287e+01
-1.197038159600707985e+01
-1.183949848718168596e+01
-1.170989364836748337e+01
-1.158149545583756179e+01
-1.145423473742217624e+01
-1.132804490029258915e+01
-1.120286202320454549e+01
-1.107862491663303217e+01
-1.095527515426065435e+01
-1.083275707923100128e+01
-1.071101778846433206e+01
-1.059000709816889696e+01
-1.046967749348289090e+01
-1.034998406495959244e+01
-1.023088443437332984e+01
-1.011233867208299131e+01
-9.994309207951936003e+00
-9.876760737590615236e+00
-9.759660125467966907e+00
-9.642976306229272154e+00
-9.526680185366394937e+00
-9.410744540209542208e+00
-9.295143922050129959e+00
-9.179854560060839219e+00
-9.064854267551353928e+00
-8.950122350985893149e+00
-8.835639522090090736e+00
-8.721387813289801727e+00
-8.607350496650894911e+00
-8.493512006426904293e+00
-8.379857865268441230e+00
-8.266374614104634588e+00
-8.153049745670280402e+00
-8.039871641622752918e+00
-7.926829513169366237e+00
-7.813913345106797692e+00
-7.701113843160179329e+00
-7.588422384498777262e+00
-7.475830971297988015e+00
-7.363332187212314750e+00
-7.250919156621819184e+00
-7.138585506513564383e+00
-7.026325330860608176e+00
-6.914133157362925886e+00
-6.802003916417675100e+00
-6.689932912190030834e+00
-6.577915795659855291e+00
-6.465948539524461580e+00
-6.354027414842384758e+00
-6.242148969308580320e+00
-6.130310007056351651e+00
-6.018507569886942576e+00
-5.906738919832662305e+00
-5.795001522964788876e+00
-5.683293034362407070e+00
-5.571611284163218158e+00
-5.459954264622268738e+00
-5.348320118108773613e+00
-5.236707125975875954e+00
-5.125113698241996474e+00
-5.013538364026793204e+00
-4.901979762688064568e+00
-4.790436635609708560e+00
-4.678907818594183254e+00
-4.567392234816068708e+00
-4.455888888296087202e+00
-4.344396857858079386e+00
-4.232915291533828395e+00
-4.121443401383004357e+00
-4.009980458697988581e+00
-3.898525789565475463e+00
-3.787078770758469659e+00
-3.675638825934534282e+00
-3.564205422117687760e+00
-3.452778066442959926e+00
-3.341356303144245032e+00
-3.229939710767382621e+00
-3.118527899591803987e+00
-3.007120509245190476e+00
-2.895717206496925655e+00
-2.784317683216848138e+00
-2.672921654487147691e+00
-2.561528856855829872e+00
-2.450139046721439229e+00
-2.338751998838894508e+00
-2.227367504937625142e+00
-2.115985372443574875e+00
-2.004605423297171285e+00
-1.893227492860233951e+00
-1.781851428905049772e+00
-1.670477090679490573e+00
-1.559104348042467336e+00
-1.447733080664420413e+00
-1.336363177288042436e+00
-1.224994535044586996e+00
-1.113627058821641924e+00
-1.002260660678601312e+00
-8.908952593060632807e-01
-7.795307795259631689e-01
-6.681671518294294287e-01
-5.568043119493282234e-01
-4.454422004651377165e-01
-3.340807624375372598e-01
-2.227199470705230056e-01
-1.113597073990106878e-01
7.105427357601001859e-15
1.113597073990391095e-01
2.227199470705514273e-01
3.340807624375656815e-01
4.454422004651661382e-01
5.568043119493566451e-01
6.681671518294578505e-01
7.795307795259915906e-01
8.908952593060917025e-01
1.002260660678629733e+00
1.113627058821670346e+00
1.224994535044615418e+00
1.336363177288070858e+00
1.447733080664448835e+00
1.559104348042488652e+00
1.670477090679518994e+00
1.781851428905078194e+00
1.893227492860262373e+00
2.004605423297192601e+00
2.115985372443596191e+00
2.227367504937653564e+00
2.338751998838908719e+00
2.450139046721460545e+00
2.561528856855851188e+00
2.672921654487169008e+00
2.784317683216890771e+00
2.895717206496961182e+00
3.007120509245211792e+00
3.118527899591818198e+00
3.229939710767411043e+00
3.341356303144273454e+00
3.452778066442988347e+00
3.564205422117716182e+00
3.675638825934562703e+00
3.787078770758490975e+00
3.898525789565496780e+00
4.009980458698009897e+00
4.121443401383025673e+00
4.232915291533849711e+00
4.344396857858093597e+00
4.455888888296108519e+00
4.567392234816090024e+00
4.678907818594211676e+00
4.790436635609729876e+00
4.901979762688092990e+00
5.013538364026821625e+00
5.125113698242017790e+00
5.236707125975897270e+00
5.348320118108802035e+00
5.459954264622290054e+00
5.571611284163239475e+00
5.683293034362428386e+00
5.795001522964817298e+00
5.906738919832690726e+00
6.018507569886970998e+00
6.130310007056380073e+00
6.242148969308608741e+00
6.354027414842420285e+00
6.465948539524490002e+00
6.577915795659883713e+00
6.689932912190052150e+00
6.802003916417696416e+00
6.914133157362954307e+00
7.026325330860636598e+00
7.138585506513585699e+00
7.250919156621847605e+00
7.363332187212343172e+00
7.475830971298016436e+00
7.588422384498798579e+00
7.701113843160200645e+00
7.813913345106826114e+00
7.926829513169380448e+00
8.039871641622767129e+00
8.153049745670294612e+00
8.266374614104663010e+00
8.379857865268462547e+00
8.493512006426918504e+00
8.607350496650916227e+00
8.721387813289823043e+00
8.835639522090104947e+00
8.950122350985914466e+00
9.064854267551375244e+00
9.179854560060853430e+00
9.295143922050151275e+00
9.410744540209563525e+00
9.526680185366416254e+00
9.642976306229286365e+00
9.759660125467988223e+00
9.876760737590643657e+00
9.994309207951950214e+00
1.011233867208301263e+01
1.023088443437334405e+01
1.034998406495961376e+01
1.046967749348290511e+01
1.059000709816891828e+01
1.071101778846435337e+01
1.083275707923101550e+01
1.095527515426067566e+01
1.107862491663306059e+01
1.120286202320455970e+01
1.132804490029261046e+01
1.145423473742219755e+01
1.158149545583758311e+01
1.170989364836750468e+01
1.183949848718170017e+01
1.197038159600710117e+01
1.210261688350016129e+01
1.223628033471605647e+01
1.237144975799128588e+01
1.250820448507941762e+01
1.264662502306043734e+01
1.278679265738986714e+01
1.292878900646307727e+01
1.307269552923627742e+01
1.321859298874925059e+01
1.336656087580914942e+01
1.351667679857836646e+01
1.366901584531404978e+01
1.382364992897056055e+01
1.398064712373078322e+01
1.414007100470640665e+01
1.430198000296489624e+01
1.446642678863502596e+01
1.463345769505141902e+01
1.480311219667695610e+01
1.497542245286464890e+01
1.515041292838341036e+01
1.532810010005922408e+01
1.550849225692196853e+01
1.569158939897165084e+01
1.587738323717837829e+01
1.606585729471617441e+01
1.625698710681613335e+01
1.645074051412524341e+01
1.664707804218058840e+01
1.684595335764758772e+01
1.704731379039746031e+01
1.725110090936271945e+01
1.745725113943170470e+01
1.766569640642151739e+01
1.787636479737778927e+01
1.808918122404337225e+01
1.830406807825588089e+01
1.852094586920819097e+01
1.873973383386046976e+01
1.896035051325652887e+01
1.918271428900098385e+01
1.940674387563835523e+01
1.963235876608860053e+01
1.985947962859819427e+01
2.008802865483062305e+01
2.031792985973072518e+01
2.054910933464201150e+01
2.078149545583758595e+01
2.101501905114767510e+01
2.124961352774359113e+01
2.148521496438104350e+01
2.172176217153501909e+01
2.195919672288813729e+01
2.219746296158396603e+01
2.243650798454278572e+01
2.267628160797283954e+01
2.291673631701232239e+01
2.315782720221451996e+01
2.339951188535374627e+01
2.364175043678889665e+01
2.388450528638333026e+01
2.412774112974750551e+01
2.437142483135033899e+01
2.461552532583712605e+01
2.486001351869974485e+01
2.510486218726839525e+01
2.535004588283447902e+01
2.559554083457065587e+01
2.584132485578665239e+01
2.608737725294668053e+01
2.633367873777636703e+01
2.658021134270155983e+01
2.682695833978813482e+01
2.707390416328964022e+01
2.732103433585666608e+01
2.756833539841835545e+01
2.781579484370948308e+01
2.806340105338745161e+01
2.831114323865955384e+01
2.855901138432250264e+01
2.880699619610135187e+01
2.905508905116545293e+01
2.930328195169015260e+01
2.955156748132996825e+01
2.979993876446495449e+01
3.004838942808218860e+01
3.029691356615472841e+01
3.054550570638252793e+01
3.079416077916276606e+01
3.104287408866061071e+01
3.129164128585594540e+01
3.154045834344603350e+01
3.178932153248945269e+01
3.203822740068112296e+01
3.228717275215439031e+01
3.253615462871047725e+01
3.278517029238169300e+01
3.303421720923932980e+01
3.328329303436242981e+01
3.353239559788872270e+01
3.378152289207328351e+01
3.403067305928527730e+01
3.427984438087786145e+01
3.452903526686947089e+01
3.477824424637977074e+01
3.502746995876653102e+01
3.527671114541364261e+01
3.552596664212362043e+01
3.577523537207098059e+01
3.602451633927648800e+01
3.627380862256397620e+01
3.652311136996522123e+01
3.677242379353988611e+01
3.702174516458035214e+01
3.727107480917332794e+01
3.752041210409180394e+01
3.776975647299336458e+01
3.801910738290200698e+01
3.826846434095277516e+01
3.851782689137954208e+01
3.876719461272816147e+01
3.901656711527807886e+01
3.926594403865696847e+01
3.951532504963419967e+01
3.976470984007961817e+01
4.001409812507539243e+01
4.026348964116957063e+01
4.051288414476066180e+01
4.076228141060363441e+01
4.101168123042785396e+01
4.126108341165928550e+01
4.151048777623836372e+01
4.175989415952693662e+01
4.200930240929723425e+01
4.225871238479717817e+01
4.250812395588563675e+01
4.275753700223307874e+01
4.300695141258218257e+01
4.325636708406419473e+01
4.350578392156674568e+01
4.375520183714920108e+01
4.400462074950215197e+01
4.425404058344754787e+01
4.450346126947650305e+01
4.475288274332189076e+01
4.500230494556319627e+01
4.525172782126108473e+01
4.550115131961955228e+01
4.575057539367354309e+01
4.600000000000000000e+01
