 -0.17000000000000D+03  0.88888901472092D+00  0.00000000000000D+00  0.00000000000000D+00  0.17777777910233D+01
 -0.16964489062667D+03  0.88888901472092D+00  0.00000000000000D+00  0.00000000000000D+00  0.17777777910233D+01
 -0.16928916005548D+03  0.88888901472092D+00  0.00000000000000D+00  0.00000000000000D+00  0.17777777910233D+01
 -0.16893220319769D+03  0.88888901472092D+00  0.00000000000000D+00  0.00000000000000D+00  0.17777777910233D+01
 -0.16857343429551D+03  0.88888901472092D+00  0.00000000000000D+00  0.00000000000000D+00  0.17777777910233D+01
 -0.16821228692207D+03  0.88888901472092D+00  0.00000000000000D+00  0.00000000000000D+00  0.17777777910233D+01
 -0.16784821398145D+03  0.88888901472092D+00  0.00000000000000D+00  0.00000000000000D+00  0.17777777910233D+01
 -0.16748068770865D+03  0.88888901472092D+00  0.00000000000000D+00  0.00000000000000D+00  0.17777777910233D+01
 -0.16710919966965D+03  0.88888901472092D+00  0.00000000000000D+00  0.00000000000000D+00  0.17777777910233D+01
 -0.16673326076133D+03  0.88888901472092D+00  0.00000000000000D+00  0.00000000000000D+00  0.17777777910233D+01
 -0.16635240121152D+03  0.88888901472092D+00  0.00000000000000D+00  0.00000000000000D+00  0.17777777910233D+01
 -0.16596617057899D+03  0.88888901472092D+00  0.00000000000000D+00  0.00000000000000D+00  0.17777777910233D+01
 -0.16557413775345D+03  0.88888901472092D+00  0.00000000000000D+00  0.00000000000000D+00  0.17777777910233D+01
 -0.16517589095555D+03  0.88888901472092D+00  0.00000000000000D+00  0.00000000000000D+00  0.17777777910233D+01
 -0.16477103773687D+03  0.88888901472092D+00  0.00000000000000D+00  0.00000000000000D+00  0.17777777910233D+01
 -0.16435920497995D+03  0.88888901472092D+00  0.00000000000000D+00  0.00000000000000D+00  0.17777777910233D+01
 -0.16394003889825D+03  0.88888901472092D+00  0.00000000000000D+00  0.00000000000000D+00  0.17777777910233D+01
 -0.16351320503616D+03  0.88888901472092D+00  0.00000000000000D+00  0.00000000000000D+00  0.17777777910233D+01
 -0.16307838826904D+03  0.88888901472092D+00  0.00000000000000D+00  0.00000000000000D+00  0.17777777910233D+01
 -0.16263529280315D+03  0.88888901472092D+00  0.00000000000000D+00  0.00000000000000D+00  0.17777777910233D+01
 -0.16218364217573D+03  0.88888901472092D+00  0.00000000000000D+00  0.00000000000000D+00  0.17777777910233D+01
 -0.16172317925493D+03  0.88888901472092D+00  0.00000000000000D+00  0.00000000000000D+00  0.17777777910233D+01
 -0.16125366623985D+03  0.88888901472092D+00  0.00000000000000D+00  0.00000000000000D+00  0.17777777910233D+01
 -0.16077488466053D+03  0.88888901472092D+00  0.00000000000000D+00  0.00000000000000D+00  0.17777777910233D+01
 -0.16028663537793D+03  0.88888901472092D+00  0.00000000000000D+00  0.00000000000000D+00  0.17777777910233D+01
 -0.15978873858397D+03  0.88888901472092D+00  0.00000000000000D+00  0.00000000000000D+00  0.17777777910233D+01
 -0.15928103380151D+03  0.88888901472092D+00  0.00000000000000D+00  0.00000000000000D+00  0.17777777910233D+01
 -0.15876337988434D+03  0.88888901472092D+00  0.00000000000000D+00  0.00000000000000D+00  0.17777777910233D+01
 -0.15823565501718D+03  0.88888901472092D+00  0.00000000000000D+00  0.00000000000000D+00  0.17777777910233D+01
 -0.15769775671570D+03  0.88888901472092D+00  0.00000000000000D+00  0.00000000000000D+00  0.17777777910233D+01
 -0.15714960182652D+03  0.88888901472092D+00  0.00000000000000D+00  0.00000000000000D+00  0.17777777910233D+01
 -0.15659112652718D+03  0.88888901472092D+00  0.00000000000000D+00  0.00000000000000D+00  0.17777777910233D+01
 -0.15602228632617D+03  0.88888901472092D+00  0.00000000000000D+00  0.00000000000000D+00  0.17777777910233D+01
 -0.15544305606290D+03  0.88888901472092D+00  0.00000000000000D+00  0.00000000000000D+00  0.17777777910233D+01
 -0.15485342990774D+03  0.88888901472092D+00  0.00000000000000D+00  0.00000000000000D+00  0.17777777910233D+01
 -0.15425342136200D+03  0.88888901472092D+00  0.00000000000000D+00  0.00000000000000D+00  0.17777777910233D+01
 -0.15364306325791D+03  0.88888901472092D+00  0.00000000000000D+00  0.00000000000000D+00  0.17777777910233D+01
 -0.15302240775865D+03  0.88888901472092D+00  0.00000000000000D+00  0.00000000000000D+00  0.17777777910233D+01
 -0.15239152635834D+03  0.88888901472092D+00  0.00000000000000D+00  0.00000000000000D+00  0.17777777910233D+01
 -0.15175050988204D+03  0.88888901472092D+00  0.00000000000000D+00  0.00000000000000D+00  0.17777777910233D+01
 -0.15109946848575D+03  0.88888901472092D+00  0.00000000000000D+00  0.00000000000000D+00  0.17777777910233D+01
 -0.15043853165639D+03  0.88888901472092D+00  0.00000000000000D+00  0.00000000000000D+00  0.17777777910233D+01
 -0.14976784821184D+03  0.88888901472092D+00  0.00000000000000D+00  0.00000000000000D+00  0.17777777910233D+01
 -0.14908758630092D+03  0.88888901472092D+00  0.00000000000000D+00  0.00000000000000D+00  0.17777777910233D+01
 -0.14839793340337D+03  0.88888901472092D+00  0.00000000000000D+00  0.00000000000000D+00  0.17777777910233D+01
 -0.14769909632988D+03  0.88888901472092D+00  0.00000000000000D+00  0.00000000000000D+00  0.17777777910233D+01
 -0.14699130122209D+03  0.88888901472092D+00  0.00000000000000D+00  0.00000000000000D+00  0.17777777910233D+01
 -0.14627479355255D+03  0.88888901472092D+00  0.00000000000000D+00  0.00000000000000D+00  0.17777777910233D+01
 -0.14554983812478D+03  0.88888901472092D+00  0.00000000000000D+00  0.00000000000000D+00  0.17777777910233D+01
 -0.14481671907322D+03  0.88888901472092D+00  0.00000000000000D+00  0.00000000000000D+00  0.17777777910233D+01
 -0.14407573986326D+03  0.88888901472092D+00  0.00000000000000D+00  0.00000000000000D+00  0.17777777910233D+01
 -0.14332722329121D+03  0.88888901472092D+00  0.00000000000000D+00  0.00000000000000D+00  0.17777777910233D+01
 -0.14257151148433D+03  0.88888901472092D+00  0.00000000000000D+00  0.00000000000000D+00  0.17777777910233D+01
 -0.14180896590084D+03  0.88888901472092D+00  0.00000000000000D+00  0.00000000000000D+00  0.17777777910233D+01
 -0.14103996732986D+03  0.88888901472092D+00  0.00000000000000D+00  0.00000000000000D+00  0.17777777910233D+01
 -0.14026491589147D+03  0.88888901472092D+00  0.00000000000000D+00  0.00000000000000D+00  0.17777777910233D+01
 -0.13948423103670D+03  0.88888901472092D+00  0.00000000000000D+00  0.00000000000000D+00  0.17777777910233D+01
 -0.13869835154749D+03  0.88888901472092D+00  0.00000000000000D+00  0.00000000000000D+00  0.17777777910233D+01
 -0.13790773553674D+03  0.88888901472092D+00  0.00000000000000D+00  0.00000000000000D+00  0.17777777910233D+01
 -0.13711286044828D+03  0.88888901472092D+00  0.00000000000000D+00  0.00000000000000D+00  0.17777777910233D+01
 -0.13631422305689D+03  0.88888901472092D+00  0.00000000000000D+00  0.00000000000000D+00  0.17777777910233D+01
 -0.13551233946827D+03  0.88888901472092D+00  0.00000000000000D+00  0.00000000000000D+00  0.17777777910233D+01
 -0.13470774511907D+03  0.88888901472092D+00  0.00000000000000D+00  0.00000000000000D+00  0.17777777910233D+01
 -0.13390099477689D+03  0.88888901472092D+00  0.00000000000000D+00  0.00000000000000D+00  0.17777777910233D+01
 -0.13309266254025D+03  0.88888901472092D+00  0.00000000000000D+00  0.00000000000000D+00  0.17777777910233D+01
 -0.13228334183861D+03  0.88888901472092D+00  0.00000000000000D+00  0.00000000000000D+00  0.17777777910233D+01
 -0.13147364543237D+03  0.88888901472092D+00  0.00000000000000D+00  0.00000000000000D+00  0.17777777910233D+01
 -0.13066420541289D+03  0.88888901472092D+00  0.00000000000000D+00  0.00000000000000D+00  0.17777777910233D+01
 -0.12985567320245D+03  0.88888901472092D+00  0.00000000000000D+00  0.00000000000000D+00  0.17777777910233D+01
 -0.12904871955426D+03  0.88888901472092D+00  0.00000000000000D+00  0.00000000000000D+00  0.17777777910233D+01
 -0.12824403455248D+03  0.88888901472092D+00  0.00000000000000D+00  0.00000000000000D+00  0.17777777910233D+01
 -0.12744214623116D+03  0.88888901472092D+00  0.00000000000000D+00  0.00000000000000D+00  0.17777777910233D+01
 -0.12664323274953D+03  0.88888901472092D+00  0.00000000000000D+00  0.00000000000000D+00  0.17777777910233D+01
 -0.12584729410759D+03  0.88888901472092D+00  0.00000000000000D+00  0.00000000000000D+00  0.17777777910233D+01
 -0.12505433030534D+03  0.88888901472092D+00  0.00000000000000D+00  0.00000000000000D+00  0.17777777910233D+01
 -0.12426434134278D+03  0.88888901472092D+00  0.00000000000000D+00  0.00000000000000D+00  0.17777777910233D+01
 -0.12347732721991D+03  0.88888901472092D+00  0.00000000000000D+00  0.00000000000000D+00  0.17777777910233D+01
 -0.12269328793673D+03  0.88888901472092D+00  0.00000000000000D+00  0.00000000000000D+00  0.17777777910233D+01
 -0.12191222349324D+03  0.88888901472092D+00  0.00000000000000D+00  0.00000000000000D+00  0.17777777910233D+01
 -0.12113413388944D+03  0.88888901472092D+00  0.00000000000000D+00  0.00000000000000D+00  0.17777777910233D+01
 -0.12035901912532D+03  0.88888901472092D+00  0.00000000000000D+00  0.00000000000000D+00  0.17777777910233D+01
 -0.11958687920090D+03  0.88888901472092D+00  0.00000000000000D+00  0.00000000000000D+00  0.17777777910233D+01
 -0.11881771411617D+03  0.88888901472092D+00  0.00000000000000D+00  0.00000000000000D+00  0.17777777910233D+01
 -0.11805152387113D+03  0.88888901472092D+00  0.00000000000000D+00  0.00000000000000D+00  0.17777777910233D+01
 -0.11728830846577D+03  0.88888901472092D+00  0.00000000000000D+00  0.00000000000000D+00  0.17777777910233D+01
 -0.11652806790011D+03  0.88888901472092D+00  0.00000000000000D+00  0.00000000000000D+00  0.17777777910233D+01
 -0.11577080217413D+03  0.88888901472092D+00  0.00000000000000D+00  0.00000000000000D+00  0.17777777910233D+01
 -0.11501651128785D+03  0.88888901472092D+00  0.00000000000000D+00  0.00000000000000D+00  0.17777777910233D+01
 -0.11426519524125D+03  0.88888901472092D+00  0.00000000000000D+00  0.00000000000000D+00  0.17777777910233D+01
 -0.11351685403434D+03  0.88888901472092D+00  0.00000000000000D+00  0.00000000000000D+00  0.17777777910233D+01
 -0.11277148766713D+03  0.88888901472092D+00  0.00000000000000D+00  0.00000000000000D+00  0.17777777910233D+01
 -0.11202909613960D+03  0.88888901472092D+00  0.00000000000000D+00  0.00000000000000D+00  0.17777777910233D+01
 -0.11128967945176D+03  0.88888901472092D+00  0.00000000000000D+00  0.00000000000000D+00  0.17777777910233D+01
 -0.11055323760362D+03  0.88888901472092D+00  0.00000000000000D+00  0.00000000000000D+00  0.17777777910233D+01
 -0.10981977059516D+03  0.88888901472092D+00  0.00000000000000D+00  0.00000000000000D+00  0.17777777910233D+01
 -0.10908927842639D+03  0.88888901472092D+00  0.00000000000000D+00  0.00000000000000D+00  0.17777777910233D+01
 -0.10836176109731D+03  0.88888901472092D+00  0.00000000000000D+00  0.00000000000000D+00  0.17777777910233D+01
 -0.10763721860792D+03  0.88888901472092D+00  0.00000000000000D+00  0.00000000000000D+00  0.17777777910233D+01
 -0.10691565095822D+03  0.88888901472092D+00  0.00000000000000D+00  0.00000000000000D+00  0.17777777910233D+01
 -0.10619705814821D+03  0.88888901472092D+00  0.00000000000000D+00  0.00000000000000D+00  0.17777777910233D+01
 -0.10548144017789D+03  0.88888901472092D+00  0.00000000000000D+00  0.00000000000000D+00  0.17777777910233D+01
 -0.10476879704726D+03  0.88888901472092D+00  0.00000000000000D+00  0.00000000000000D+00  0.17777777910233D+01
 -0.10405912875631D+03  0.88888901472092D+00  0.00000000000000D+00  0.00000000000000D+00  0.17777777910233D+01
 -0.10335243530506D+03  0.88888901472092D+00  0.00000000000000D+00  0.00000000000000D+00  0.17777777910233D+01
 -0.10264871669350D+03  0.88888901472092D+00  0.00000000000000D+00  0.00000000000000D+00  0.17777777910233D+01
 -0.10194797292162D+03  0.88888901472092D+00  0.00000000000000D+00  0.00000000000000D+00  0.17777777910233D+01
 -0.10125020398944D+03  0.88888901472092D+00  0.00000000000000D+00  0.00000000000000D+00  0.17777777910233D+01
 -0.10055540989695D+03  0.88888901472092D+00  0.00000000000000D+00  0.00000000000000D+00  0.17777777910233D+01
 -0.99863590644142D+02  0.88888901472092D+00  0.00000000000000D+00  0.00000000000000D+00  0.17777777910233D+01
 -0.99174746231027D+02  0.88888901472092D+00  0.00000000000000D+00  0.00000000000000D+00  0.17777777910233D+01
 -0.98488876657601D+02  0.88888901472092D+00  0.00000000000000D+00  0.00000000000000D+00  0.17777777910233D+01
 -0.97805981923865D+02  0.88888901472092D+00  0.00000000000000D+00  0.00000000000000D+00  0.17777777910233D+01
 -0.97126062029819D+02  0.88888901472092D+00  0.00000000000000D+00  0.00000000000000D+00  0.17777777910233D+01
 -0.96449116975462D+02  0.88888901472092D+00  0.00000000000000D+00  0.00000000000000D+00  0.17777777910233D+01
 -0.95775146760795D+02  0.88888901472092D+00  0.00000000000000D+00  0.00000000000000D+00  0.17777777910233D+01
 -0.95104151385817D+02  0.88888901472092D+00  0.00000000000000D+00  0.00000000000000D+00  0.17777777910233D+01
 -0.94436130850529D+02  0.88888901472092D+00  0.00000000000000D+00  0.00000000000000D+00  0.17777777910233D+01
 -0.93771085154930D+02  0.88888901472092D+00  0.00000000000000D+00  0.00000000000000D+00  0.17777777910233D+01
 -0.93109014299021D+02  0.88888901472092D+00  0.00000000000000D+00  0.00000000000000D+00  0.17777777910233D+01
 -0.92449918282802D+02  0.88888901472092D+00  0.00000000000000D+00  0.00000000000000D+00  0.17777777910233D+01
 -0.91793797106272D+02  0.88888901472092D+00  0.00000000000000D+00  0.00000000000000D+00  0.17777777910233D+01
 -0.91140650769431D+02  0.88888901472092D+00  0.00000000000000D+00  0.00000000000000D+00  0.17777777910233D+01
 -0.90490479272280D+02  0.88888901472092D+00  0.00000000000000D+00  0.00000000000000D+00  0.17777777910233D+01
 -0.89843282614819D+02  0.88888901472092D+00  0.00000000000000D+00  0.00000000000000D+00  0.17777777910233D+01
 -0.89199060797047D+02  0.88888901472092D+00  0.00000000000000D+00  0.00000000000000D+00  0.17777777910233D+01
 -0.88557813818965D+02  0.88888901472092D+00  0.00000000000000D+00  0.00000000000000D+00  0.17777777910233D+01
 -0.87919541680573D+02  0.88888901472092D+00  0.00000000000000D+00  0.00000000000000D+00  0.17777777910233D+01
 -0.87284244381870D+02  0.88888901472092D+00  0.00000000000000D+00  0.00000000000000D+00  0.17777777910233D+01
 -0.86651921922856D+02  0.88888901472092D+00  0.00000000000000D+00  0.00000000000000D+00  0.17777777910233D+01
 -0.86022574303532D+02  0.88888901472092D+00  0.00000000000000D+00  0.00000000000000D+00  0.17777777910233D+01
 -0.85396201523898D+02  0.88888901472092D+00  0.00000000000000D+00  0.00000000000000D+00  0.17777777910233D+01
 -0.84772803583953D+02  0.88888901472092D+00  0.00000000000000D+00  0.00000000000000D+00  0.17777777910233D+01
 -0.84152380483698D+02  0.88888901472092D+00  0.00000000000000D+00  0.00000000000000D+00  0.17777777910233D+01
 -0.83534932223132D+02  0.88888901472092D+00  0.00000000000000D+00  0.00000000000000D+00  0.17777777910233D+01
 -0.82920458802256D+02  0.88888901472092D+00  0.00000000000000D+00  0.00000000000000D+00  0.17777777910233D+01
 -0.82308960221069D+02  0.88888901472092D+00  0.00000000000000D+00  0.00000000000000D+00  0.17777777910233D+01
 -0.81700436479572D+02  0.88888901472092D+00  0.00000000000000D+00  0.00000000000000D+00  0.17777777910233D+01
 -0.81094887577765D+02  0.88888901472092D+00  0.00000000000000D+00  0.00000000000000D+00  0.17777777910233D+01
 -0.80492313515647D+02  0.88888901472092D+00  0.00000000000000D+00  0.00000000000000D+00  0.17777777910233D+01
 -0.79892714293219D+02  0.88888901472092D+00  0.00000000000000D+00  0.00000000000000D+00  0.17777777910233D+01
 -0.79296089910480D+02  0.88888901472092D+00  0.00000000000000D+00  0.00000000000000D+00  0.17777777910233D+01
 -0.78702440367431D+02  0.88888901472092D+00  0.00000000000000D+00  0.00000000000000D+00  0.17777777910233D+01
 -0.78111765664071D+02  0.88888901472092D+00  0.00000000000000D+00  0.00000000000000D+00  0.17777777910233D+01
 -0.77524065800401D+02  0.88888901472092D+00  0.00000000000000D+00  0.00000000000000D+00  0.17777777910233D+01
 -0.76939340776420D+02  0.88888901472092D+00  0.00000000000000D+00  0.00000000000000D+00  0.17777777910233D+01
 -0.76357590592129D+02  0.88888901472092D+00  0.00000000000000D+00  0.00000000000000D+00  0.17777777910233D+01
 -0.75778815247528D+02  0.88888901472092D+00  0.00000000000000D+00  0.00000000000000D+00  0.17777777910233D+01
 -0.75203014742616D+02  0.88888901472092D+00  0.00000000000000D+00  0.00000000000000D+00  0.17777777910233D+01
 -0.74630189077394D+02  0.88888901472092D+00  0.00000000000000D+00  0.00000000000000D+00  0.17777777910233D+01
 -0.74060338251861D+02  0.88888901472092D+00  0.00000000000000D+00  0.00000000000000D+00  0.17777777910233D+01
 -0.73493462266018D+02  0.88888901472092D+00  0.00000000000000D+00  0.00000000000000D+00  0.17777777910233D+01
 -0.72929561119864D+02  0.88888901472092D+00  0.00000000000000D+00  0.00000000000000D+00  0.17777777910233D+01
 -0.72368634813400D+02  0.88888901472092D+00  0.00000000000000D+00  0.00000000000000D+00  0.17777777910233D+01
 -0.71810683346625D+02  0.88888901472092D+00  0.00000000000000D+00  0.00000000000000D+00  0.17777777910233D+01
 -0.71255706719540D+02  0.88888901472092D+00  0.00000000000000D+00  0.00000000000000D+00  0.17777777910233D+01
 -0.70703704932145D+02  0.88888901472092D+00  0.00000000000000D+00  0.00000000000000D+00  0.17777777910233D+01
 -0.70154677984439D+02  0.88888901472092D+00  0.00000000000000D+00  0.00000000000000D+00  0.17777777910233D+01
 -0.69608625876423D+02  0.88888901472092D+00  0.00000000000000D+00  0.00000000000000D+00  0.17777777910233D+01
 -0.69065548608096D+02  0.88888901472092D+00  0.00000000000000D+00  0.00000000000000D+00  0.17777777910233D+01
 -0.68525446179459D+02  0.88888901472092D+00  0.00000000000000D+00  0.00000000000000D+00  0.17777777910233D+01
 -0.67988318590511D+02  0.88888901472092D+00  0.00000000000000D+00  0.00000000000000D+00  0.17777777910233D+01
 -0.67454165841253D+02  0.88888901472092D+00  0.00000000000000D+00  0.00000000000000D+00  0.17777777910233D+01
 -0.66922987931685D+02  0.88888901472092D+00  0.00000000000000D+00  0.00000000000000D+00  0.17777777910233D+01
 -0.66394784861806D+02  0.88888901472092D+00  0.00000000000000D+00  0.00000000000000D+00  0.17777777910233D+01
 -0.65869556631616D+02  0.88888901472092D+00  0.00000000000000D+00  0.00000000000000D+00  0.17777777910233D+01
 -0.65347303241117D+02  0.88888901472092D+00  0.00000000000000D+00  0.00000000000000D+00  0.17777777910233D+01
 -0.64828024690306D+02  0.88888901472092D+00  0.00000000000000D+00  0.00000000000000D+00  0.17777777910233D+01
 -0.64311720979186D+02  0.88888901472092D+00  0.00000000000000D+00  0.00000000000000D+00  0.17777777910233D+01
 -0.63798392107754D+02  0.88888901472092D+00  0.00000000000000D+00  0.00000000000000D+00  0.17777777910233D+01
 -0.63288038076013D+02  0.88888901472092D+00  0.00000000000000D+00  0.00000000000000D+00  0.17777777910233D+01
 -0.62780658883961D+02  0.88888901472092D+00  0.00000000000000D+00  0.00000000000000D+00  0.17777777910233D+01
 -0.62276254531598D+02  0.88888901472092D+00  0.00000000000000D+00  0.00000000000000D+00  0.17777777910233D+01
 -0.61774825018925D+02  0.88888901472092D+00  0.00000000000000D+00  0.00000000000000D+00  0.17777777910233D+01
 -0.61276370345942D+02  0.88888901472092D+00  0.00000000000000D+00  0.00000000000000D+00  0.17777777910233D+01
 -0.60780890512648D+02  0.88888901472092D+00  0.00000000000000D+00  0.00000000000000D+00  0.17777777910233D+01
 -0.60288385519044D+02  0.88888901472092D+00  0.00000000000000D+00  0.00000000000000D+00  0.17777777910233D+01
 -0.59798855365129D+02  0.88888901472092D+00  0.00000000000000D+00  0.00000000000000D+00  0.17777777910233D+01
 -0.59312300050904D+02  0.88888901472092D+00  0.00000000000000D+00  0.00000000000000D+00  0.17777777910233D+01
 -0.58828719576369D+02  0.88888901472092D+00  0.00000000000000D+00  0.00000000000000D+00  0.17777777910233D+01
 -0.58348113941523D+02  0.88888901472092D+00  0.00000000000000D+00  0.00000000000000D+00  0.17777777910233D+01
 -0.57870483146366D+02  0.88888901472092D+00  0.00000000000000D+00  0.00000000000000D+00  0.17777777910233D+01
 -0.57395827190899D+02  0.88888901472092D+00  0.00000000000000D+00  0.00000000000000D+00  0.17777777910233D+01
 -0.56924146075122D+02  0.88888901472092D+00  0.00000000000000D+00  0.00000000000000D+00  0.17777777910233D+01
 -0.56455439799034D+02  0.88888901472092D+00  0.00000000000000D+00  0.00000000000000D+00  0.17777777910233D+01
 -0.55989708362636D+02  0.88888901472092D+00  0.00000000000000D+00  0.00000000000000D+00  0.17777777910233D+01
 -0.55526951765927D+02  0.88888901472092D+00  0.00000000000000D+00  0.00000000000000D+00  0.17777777910233D+01
 -0.55067170008908D+02  0.88888901472092D+00  0.00000000000000D+00  0.00000000000000D+00  0.17777777910233D+01
 -0.54610363091579D+02  0.88888901472092D+00  0.00000000000000D+00  0.00000000000000D+00  0.17777777910233D+01
 -0.54156531013939D+02  0.88888901472092D+00  0.00000000000000D+00  0.00000000000000D+00  0.17777777910233D+01
 -0.53705673775988D+02  0.88888901472092D+00  0.00000000000000D+00  0.00000000000000D+00  0.17777777910233D+01
 -0.53257791377727D+02  0.88888901472092D+00  0.00000000000000D+00  0.00000000000000D+00  0.17777777910233D+01
 -0.52812883819156D+02  0.88888901472092D+00  0.00000000000000D+00  0.00000000000000D+00  0.17777777910233D+01
 -0.52370938620883D+02  0.88888901472092D+00  0.00000000000000D+00  0.00000000000000D+00  0.17777777910233D+01
 -0.51931922546012D+02  0.88888901472092D+00  0.00000000000000D+00  0.00000000000000D+00  0.17777777910233D+01
 -0.51495794168052D+02  0.88888901472092D+00  0.00000000000000D+00  0.00000000000000D+00  0.17777777910233D+01
 -0.51062512323899D+02  0.88888901472092D+00  0.00000000000000D+00  0.00000000000000D+00  0.17777777910233D+01
 -0.50632036199633D+02  0.88888901472092D+00  0.00000000000000D+00  0.00000000000000D+00  0.17777777910233D+01
 -0.50204325329411D+02  0.88888901472092D+00  0.00000000000000D+00  0.00000000000000D+00  0.17777777910233D+01
 -0.49779339594357D+02  0.88888901472092D+00  0.00000000000000D+00  0.00000000000000D+00  0.17777777910233D+01
 -0.49357039221454D+02  0.88888901472092D+00  0.00000000000000D+00  0.00000000000000D+00  0.17777777910233D+01
 -0.48937384782439D+02  0.88888901472092D+00  0.00000000000000D+00  0.00000000000000D+00  0.17777777910233D+01
 -0.48520337192689D+02  0.88888901472092D+00  0.00000000000000D+00  0.00000000000000D+00  0.17777777910233D+01
 -0.48105857710118D+02  0.88888901472092D+00  0.00000000000000D+00  0.00000000000000D+00  0.17777777910233D+01
 -0.47693907934066D+02  0.88888901472092D+00  0.00000000000000D+00  0.00000000000000D+00  0.17777777910233D+01
 -0.47284449804192D+02  0.88888901472092D+00  0.00000000000000D+00  0.00000000000000D+00  0.17777777910233D+01
 -0.46877445599366D+02  0.88888901472092D+00  0.00000000000000D+00  0.00000000000000D+00  0.17777777910233D+01
 -0.46472857936558D+02  0.88888901472092D+00  0.00000000000000D+00  0.00000000000000D+00  0.17777777910233D+01
 -0.46070649769734D+02  0.88888901472092D+00  0.00000000000000D+00  0.00000000000000D+00  0.17777777910233D+01
 -0.45670784388746D+02  0.88888901472092D+00  0.00000000000000D+00  0.00000000000000D+00  0.17777777910233D+01
 -0.45273225418222D+02  0.88888901472092D+00  0.00000000000000D+00  0.00000000000000D+00  0.17777777910233D+01
 -0.44877936816460D+02  0.88888901472092D+00  0.00000000000000D+00  0.00000000000000D+00  0.17777777910233D+01
 -0.44484882874321D+02  0.88888901472092D+00  0.00000000000000D+00  0.00000000000000D+00  0.17777777910233D+01
 -0.44094028214116D+02  0.88888901472092D+00  0.00000000000000D+00  0.00000000000000D+00  0.17777777910233D+01
 -0.43705337788503D+02  0.88888901472092D+00  0.00000000000000D+00  0.00000000000000D+00  0.17777777910233D+01
 -0.43318776879376D+02  0.88888901472092D+00  0.00000000000000D+00  0.00000000000000D+00  0.17777777910233D+01
 -0.42934311096757D+02  0.88888901472092D+00  0.00000000000000D+00  0.00000000000000D+00  0.17777777910233D+01
 -0.42551906377688D+02  0.88888901472092D+00  0.00000000000000D+00  0.00000000000000D+00  0.17777777910233D+01
 -0.42171528985124D+02  0.88888901472092D+00  0.00000000000000D+00  0.00000000000000D+00  0.17777777910233D+01
 -0.41793145506823D+02  0.88888901472092D+00  0.00000000000000D+00  0.00000000000000D+00  0.17777777910233D+01
 -0.41416722854238D+02  0.88888901472092D+00  0.00000000000000D+00  0.00000000000000D+00  0.17777777910233D+01
 -0.41042228261412D+02  0.88888901472092D+00  0.00000000000000D+00  0.00000000000000D+00  0.17777777910233D+01
 -0.40669629283864D+02  0.88888901472092D+00  0.00000000000000D+00  0.00000000000000D+00  0.17777777910233D+01
 -0.40298893797485D+02  0.88888901472092D+00  0.00000000000000D+00  0.00000000000000D+00  0.17777777910233D+01
 -0.39929989997431D+02  0.88888901472092D+00  0.00000000000000D+00  0.00000000000000D+00  0.17777777910233D+01
 -0.39562886397009D+02  0.88888901472092D+00  0.00000000000000D+00  0.00000000000000D+00  0.17777777910233D+01
 -0.39197551826574D+02  0.88888901472092D+00  0.00000000000000D+00  0.00000000000000D+00  0.17777777910233D+01
 -0.38833955432420D+02  0.88888901472092D+00  0.00000000000000D+00  0.00000000000000D+00  0.17777777910233D+01
 -0.38472066675670D+02  0.88888901472092D+00  0.00000000000000D+00  0.00000000000000D+00  0.17777777910233D+01
 -0.38111855331170D+02  0.88888901472092D+00  0.00000000000000D+00  0.00000000000000D+00  0.17777777910233D+01
 -0.37753291486377D+02  0.88888901472092D+00  0.00000000000000D+00  0.00000000000000D+00  0.17777777910233D+01
 -0.37396345540255D+02  0.88888901472092D+00  0.00000000000000D+00  0.00000000000000D+00  0.17777777910233D+01
 -0.37040988202166D+02  0.88888901472092D+00  0.00000000000000D+00  0.00000000000000D+00  0.17777777910233D+01
 -0.36687190490759D+02  0.88888901472092D+00  0.00000000000000D+00  0.00000000000000D+00  0.17777777910233D+01
 -0.36334923732867D+02  0.88888901472092D+00  0.00000000000000D+00  0.00000000000000D+00  0.17777777910233D+01
 -0.35984159562391D+02  0.88888901472092D+00  0.00000000000000D+00  0.00000000000000D+00  0.17777777910233D+01
 -0.35634869919199D+02  0.88888901472092D+00  0.00000000000000D+00  0.00000000000000D+00  0.17777777910233D+01
 -0.35287027048016D+02  0.88888901472092D+00  0.00000000000000D+00  0.00000000000000D+00  0.17777777910233D+01
 -0.34940603497314D+02  0.88888901472092D+00  0.00000000000000D+00  0.00000000000000D+00  0.17777777910233D+01
 -0.34595572118204D+02  0.88888901472092D+00  0.00000000000000D+00  0.00000000000000D+00  0.17777777910233D+01
 -0.34251906063329D+02  0.88888901472092D+00  0.00000000000000D+00  0.00000000000000D+00  0.17777777910233D+01
 -0.33909578785755D+02  0.88888901472092D+00  0.00000000000000D+00  0.00000000000000D+00  0.17777777910233D+01
 -0.33568564037865D+02  0.88888901472092D+00  0.00000000000000D+00  0.00000000000000D+00  0.17777777910233D+01
 -0.33228835870247D+02  0.88888901472092D+00  0.00000000000000D+00  0.00000000000000D+00  0.17777777910233D+01
 -0.32890368630589D+02  0.88888901472092D+00  0.00000000000000D+00  0.00000000000000D+00  0.17777777910233D+01
 -0.32553136962568D+02  0.88888901472092D+00  0.00000000000000D+00  0.00000000000000D+00  0.17777777910233D+01
 -0.32217115804744D+02  0.88888901472092D+00  0.00000000000000D+00  0.00000000000000D+00  0.17777777910233D+01
 -0.31882280389453D+02  0.88888901472092D+00  0.15836520959545D-37  0.00000000000000D+00  0.17777777910233D+01
 -0.31548606241694D+02  0.88888901472092D+00  0.21673179895883D-37  0.00000000000000D+00  0.17777777910233D+01
 -0.31216069178026D+02  0.88888901472092D+00  0.25860875718090D-36  0.00000000000000D+00  0.17777777910233D+01
 -0.30884645305456D+02  0.88888901472092D+00  0.59688996405721D-36  0.00000000000000D+00  0.17777777910233D+01
 -0.30554311020333D+02  0.88888901472092D+00 -0.18468324548506D-35  0.00000000000000D+00  0.17777777910233D+01
 -0.30225043007239D+02  0.88888901472092D+00 -0.17972005707971D-35  0.00000000000000D+00  0.17777777910233D+01
 -0.29896818237882D+02  0.88888901472092D+00  0.21587302294800D-34  0.00000000000000D+00  0.17777777910233D+01
 -0.29569613969985D+02  0.88888901472092D+00 -0.15046367151090D-35  0.00000000000000D+00  0.17777777910233D+01
 -0.29243407746180D+02  0.88888901472092D+00 -0.48315435130437D-33  0.00000000000000D+00  0.17777777910233D+01
 -0.28918177392901D+02  0.88888901472092D+00 -0.77571974236717D-34  0.00000000000000D+00  0.17777777910233D+01
 -0.28593901019271D+02  0.88888901472092D+00 -0.56868433046065D-32  0.00000000000000D+00  0.17777777910233D+01
 -0.28270557016000D+02  0.88888901472092D+00 -0.17547360899213D-32  0.00000000000000D+00  0.17777777910233D+01
 -0.27948124054272D+02  0.88888901472092D+00  0.14551479466318D-32  0.00000000000000D+00  0.17777777910233D+01
 -0.27626581084639D+02  0.88888901472092D+00  0.11683975387781D-30  0.00000000000000D+00  0.17777777910233D+01
 -0.27305907335913D+02  0.88888901472092D+00 -0.24960052079259D-30  0.00000000000000D+00  0.17777777910233D+01
 -0.26986082314055D+02  0.88888901472092D+00 -0.10052498549814D-29  0.00000000000000D+00  0.17777777910233D+01
 -0.26667085801071D+02  0.88888901472092D+00 -0.25939282131686D-29  0.00000000000000D+00  0.17777777910233D+01
 -0.26348897853901D+02  0.88888901472092D+00  0.20050209658925D-29  0.00000000000000D+00  0.17777777910233D+01
 -0.26031498803312D+02  0.88888901472092D+00  0.17683632961793D-28  0.00000000000000D+00  0.17777777910233D+01
 -0.25714869252788D+02  0.88888901472092D+00  0.23139920388027D-28  0.00000000000000D+00  0.17777777910233D+01
 -0.25398990077425D+02  0.88888901472092D+00  0.30152010134524D-28  0.00000000000000D+00  0.17777777910233D+01
 -0.25083842422820D+02  0.88888901472092D+00 -0.33307463385058D-27  0.00000000000000D+00  0.17777777910233D+01
 -0.24769407703962D+02  0.88888901472092D+00 -0.67736872444394D-27  0.00000000000000D+00  0.17777777910233D+01
 -0.24455667604128D+02  0.88888901472092D+00 -0.36406805148144D-26  0.00000000000000D+00  0.17777777910233D+01
 -0.24142604073772D+02  0.88888901472092D+00 -0.31526392742920D-26  0.00000000000000D+00  0.17777777910233D+01
 -0.23830199329417D+02  0.88888901472092D+00  0.22259204962448D-25  0.00000000000000D+00  0.17777777910233D+01
 -0.23518435852545D+02  0.88888901472092D+00  0.42184779870581D-26  0.00000000000000D+00  0.17777777910233D+01
 -0.23207296388492D+02  0.88888901472092D+00 -0.11883541192098D-24  0.00000000000000D+00  0.17777777910233D+01
 -0.22896763945340D+02  0.88888901472092D+00  0.46026286730346D-24  0.00000000000000D+00  0.17777777910233D+01
 -0.22586821792805D+02  0.88888901472092D+00 -0.87026296899270D-24  0.00000000000000D+00  0.17777777910233D+01
 -0.22277453461133D+02  0.88888901472092D+00 -0.23465509734815D-23  0.00000000000000D+00  0.17777777910233D+01
 -0.21968642739988D+02  0.88888901472092D+00  0.13211905549514D-23  0.00000000000000D+00  0.17777777910233D+01
 -0.21660373677347D+02  0.88888901472092D+00 -0.23321897607020D-23  0.00000000000000D+00  0.17777777910233D+01
 -0.21352630578390D+02  0.88888901472092D+00  0.11442668821668D-22  0.00000000000000D+00  0.17777777910233D+01
 -0.21045398004393D+02  0.88888901472092D+00 -0.55053472926558D-22  0.00000000000000D+00  0.17777777910233D+01
 -0.20738660771618D+02  0.88888901472092D+00 -0.73527309089128D-24  0.00000000000000D+00  0.17777777910233D+01
 -0.20432403950206D+02  0.88888901472092D+00 -0.33179136263910D-21  0.00000000000000D+00  0.17777777910233D+01
 -0.20126612863070D+02  0.88888901472092D+00 -0.72277208233487D-21  0.00000000000000D+00  0.17777777910233D+01
 -0.19821273084785D+02  0.88888901472092D+00 -0.31616681751883D-21  0.00000000000000D+00  0.17777777910233D+01
 -0.19516370440478D+02  0.88888901472092D+00 -0.58762910715767D-20  0.00000000000000D+00  0.17777777910233D+01
 -0.19211891004725D+02  0.88888901472092D+00  0.42528113906382D-20  0.00000000000000D+00  0.17777777910233D+01
 -0.18907821100440D+02  0.88888901472092D+00  0.94938281556710D-20  0.00000000000000D+00  0.17777777910233D+01
 -0.18604147297763D+02  0.88888901472092D+00  0.40234073072515D-20  0.00000000000000D+00  0.17777777910233D+01
 -0.18300856412960D+02  0.88888901472092D+00 -0.12940780241059D-19  0.00000000000000D+00  0.17777777910233D+01
 -0.17997935507308D+02  0.88888883590698D+00  0.10202041778446D-18  0.00000000000000D+00  0.17777777910233D+01
 -0.17695371885989D+02  0.88888883590698D+00 -0.17693579418147D-18  0.00000000000000D+00  0.17777777910233D+01
 -0.17393153096983D+02  0.88888883590698D+00  0.52704261862039D-19  0.00000000000000D+00  0.17777777910233D+01
 -0.17091266929956D+02  0.88888877630234D+00 -0.75141241940682D-18  0.00000000000000D+00  0.17777776718140D+01
 -0.16789701415158D+02  0.88888871669769D+00  0.79357588318018D-18  0.00000000000000D+00  0.17777776718140D+01
 -0.16488444822310D+02  0.88888871669769D+00 -0.25960620983349D-17  0.00000000000000D+00  0.17777776718140D+01
 -0.16187485659495D+02  0.88888871669769D+00 -0.34875171260251D-17  0.00000000000000D+00  0.17777776718140D+01
 -0.15886812672055D+02  0.88888853788376D+00  0.10866115841737D-16  0.00000000000000D+00  0.17777775526047D+01
 -0.15586414841478D+02  0.88888853788376D+00  0.13660947373317D-16  0.00000000000000D+00  0.17777775526047D+01
 -0.15286281384291D+02  0.88888835906982D+00  0.68617953768614D-16  0.00000000000000D+00  0.17777774333954D+01
 -0.14986401750954D+02  0.88888823986053D+00 -0.19274707862082D-16  0.00000000000000D+00  0.17777773141861D+01
 -0.14686765624748D+02  0.88888776302338D+00 -0.74207588707633D-17  0.00000000000000D+00  0.17777770757675D+01
 -0.14387362920671D+02  0.88888740539551D+00 -0.25847379792054D-15  0.00000000000000D+00  0.17777769565582D+01
 -0.14088183784326D+02  0.88888692855835D+00 -0.33769284548008D-15  0.00000000000000D+00  0.17777765989304D+01
 -0.13789218590815D+02  0.88888633251190D+00  0.91362072186702D-16  0.00000000000000D+00  0.17777761220932D+01
 -0.13490457943630D+02  0.88888537883759D+00 -0.11911768221304D-14  0.00000000000000D+00  0.17777756452560D+01
 -0.13191892673546D+02  0.88888406753540D+00  0.13014283246110D-14  0.00000000000000D+00  0.17777749300003D+01
 -0.12893513837511D+02  0.88888251781464D+00 -0.24355517602714D-14  0.00000000000000D+00  0.17777738571167D+01
 -0.12595312717539D+02  0.88888025283813D+00 -0.30469452237973D-14  0.00000000000000D+00  0.17777725458145D+01
 -0.12297280819600D+02  0.88887727260590D+00 -0.65256434696008D-14  0.00000000000000D+00  0.17777706384659D+01
 -0.11999409872517D+02  0.88887327909470D+00 -0.20076534158016D-13  0.00000000000000D+00  0.17777682542801D+01
 -0.11701691826849D+02  0.88886773586273D+00 -0.11102230246252D-15  0.00000000000000D+00  0.17777649164200D+01
 -0.11404118853791D+02  0.88886040449142D+00  0.32936600868276D-14  0.00000000000000D+00  0.17777603864670D+01
 -0.11106683344064D+02  0.88885056972504D+00  0.47862964642814D-14  0.00000000000000D+00  0.17777544260025D+01
 -0.10809377906801D+02  0.88883721828461D+00 -0.11299602475489D-13  0.00000000000000D+00  0.17777463197708D+01
 -0.10512195368447D+02  0.88881939649582D+00  0.69031206532261D-13  0.00000000000000D+00  0.17777354717255D+01
 -0.10215128771646D+02  0.88879537582397D+00 -0.31875733606454D-13  0.00000000000000D+00  0.17777208089828D+01
 -0.99181713741330D+01  0.88876295089722D+00  0.59211896411327D-15  0.00000000000000D+00  0.17777011394501D+01
 -0.96213166476276D+01  0.88871943950653D+00 -0.28974357093280D-12  0.00000000000000D+00  0.17776746749878D+01
 -0.93245582767243D+01  0.88866090774536D+00 -0.22243936293603D-12  0.00000000000000D+00  0.17776390314102D+01
 -0.90278901577852D+01  0.88858222961426D+00  0.54474979215013D-13  0.00000000000000D+00  0.17775911092758D+01
 -0.87313063978312D+01  0.88847637176514D+00  0.49264303574048D-12  0.00000000000000D+00  0.17775266170502D+01
 -0.84348013134341D+01  0.88833415508270D+00  0.70975332815831D-12  0.00000000000000D+00  0.17774400711060D+01
 -0.81383694296083D+01  0.88814276456833D+00 -0.63159113355971D-14  0.00000000000000D+00  0.17773234844208D+01
 -0.78420054787027D+01  0.88788545131683D+00  0.40343040865441D-12  0.00000000000000D+00  0.17771668434143D+01
 -0.75457043992923D+01  0.88753974437714D+00  0.37153492088438D-11  0.00000000000000D+00  0.17769563198090D+01
 -0.72494613350702D+01  0.88707512617111D+00  0.11937116876568D-11  0.00000000000000D+00  0.17766731977463D+01
 -0.69532716337394D+01  0.88645076751709D+00 -0.83054559323753D-12  0.00000000000000D+00  0.17762928009033D+01
 -0.66571308459044D+01  0.88561236858368D+00 -0.11684480423144D-11  0.00000000000000D+00  0.17757817506790D+01
 -0.63610347239631D+01  0.88448619842529D+00 -0.11052892542190D-11  0.00000000000000D+00  0.17750951051712D+01
 -0.60649792209987D+01  0.88297498226166D+00 -0.41495695768390D-11  0.00000000000000D+00  0.17741729021072D+01
 -0.57689604896714D+01  0.88094794750214D+00  0.92212609076325D-12  0.00000000000000D+00  0.17729349136353D+01
 -0.54729748811103D+01  0.87823092937469D+00 -0.83496673117245D-11  0.00000000000000D+00  0.17712737321854D+01
 -0.51770189438049D+01  0.87459325790405D+00  0.16674057967681D-11  0.00000000000000D+00  0.17690463066101D+01
 -0.48810894224973D+01  0.86972987651825D+00  0.69854243917034D-11  0.00000000000000D+00  0.17660620212555D+01
 -0.45851832570737D+01  0.86323946714401D+00 -0.20994171678890D-10  0.00000000000000D+00  0.17620685100555D+01
 -0.42892975814564D+01  0.85459947586060D+00 -0.13970847916045D-10  0.00000000000000D+00  0.17567327022552D+01
 -0.39934297224954D+01  0.84313648939133D+00 -0.17431979471016D-10  0.00000000000000D+00  0.17496181726456D+01
 -0.36975771988605D+01  0.82799482345581D+00 -0.10459190805112D-10  0.00000000000000D+00  0.17401579618454D+01
 -0.34017377199326D+01  0.80811166763306D+00 -0.21272072645018D-10  0.00000000000000D+00  0.17276247739792D+01
 -0.31059091846961D+01  0.78220528364182D+00  0.26830093702301D-10  0.00000000000000D+00  0.17111002206802D+01
 -0.28100896806302D+01  0.74879634380341D+00  0.33600781879084D-10  0.00000000000000D+00  0.16894512176514D+01
 -0.25142774826010D+01  0.70628976821899D+00 -0.28446977412555D-10  0.00000000000000D+00  0.16613237857819D+01
 -0.22184710517531D+01  0.65314996242523D+00 -0.49921150546695D-10  0.00000000000000D+00  0.16251715421677D+01
 -0.19226690344018D+01  0.58820438385010D+00  0.34004996735115D-10  0.00000000000000D+00  0.15793445110321D+01
 -0.16268702609241D+01  0.51108527183533D+00  0.64675166264183D-11  0.00000000000000D+00  0.15222629308701D+01
 -0.13310737446514D+01  0.42276066541672D+00  0.85391450854733D-11  0.00000000000000D+00  0.14526950120926D+01
 -0.10352786807607D+01  0.32600498199463D+00  0.44767356488506D-10  0.00000000000000D+00  0.13701257705688D+01
 -0.73948444516675D+00  0.22555276751518D+00 -0.67908949297202D-10  0.00000000000000D+00  0.12751514911652D+01
 -0.44369059341347D+00  0.12766647338867D+00  0.33196556614712D-10  0.00000000000000D+00  0.11697703599930D+01
 -0.14789685956611D+00  0.39025824517012D-01 -0.59117162554134D-10  0.00000000000000D+00  0.10574108362198D+01
  0.14789685956611D+00 -0.34788109362125D-01 -0.13036093038377D-10  0.00000000000000D+00  0.94258916378021D+00
  0.44369059341347D+00 -0.90609669685364D-01  0.28800666712625D-10  0.00000000000000D+00  0.83022964000702D+00
  0.73948444516675D+00 -0.12821346521378D+00 -0.11393948284866D-10  0.00000000000000D+00  0.72484850883484D+00
  0.10352786807607D+01 -0.14987102150917D+00 -0.17987784872719D-10  0.00000000000000D+00  0.62987422943115D+00
  0.13310737446514D+01 -0.15927574038506D+00  0.90444197270445D-11  0.00000000000000D+00  0.54730504751205D+00
  0.16268702609241D+01 -0.16039566695690D+00  0.23621597299711D-11  0.00000000000000D+00  0.47773709893227D+00
  0.19226690344018D+01 -0.15666715800762D+00 -0.43201007007831D-11  0.00000000000000D+00  0.42065545916557D+00
  0.22184710517531D+01 -0.15064206719398D+00  0.10294975809344D-10  0.00000000000000D+00  0.37482845783234D+00
  0.25142774826010D+01 -0.14398372173309D+00 -0.13263465846458D-11  0.00000000000000D+00  0.33867627382278D+00
  0.28100896806302D+01 -0.13764101266861D+00  0.26526929524512D-11  0.00000000000000D+00  0.31054881215096D+00
  0.31059091846961D+01 -0.13206645846367D+00  0.13326622791410D-11  0.00000000000000D+00  0.28889980912209D+00
  0.34017377199326D+01 -0.12740591168404D+00  0.18158316647185D-11  0.00000000000000D+00  0.27237519621849D+00
  0.36975771988605D+01 -0.12363694608212D+00 -0.30569130126529D-11  0.00000000000000D+00  0.25984197854996D+00
  0.39934297224954D+01 -0.12065836042166D+00 -0.20210974549777D-12  0.00000000000000D+00  0.25038185715675D+00
  0.42892975814564D+01 -0.11834251880646D+00 -0.14905609298926D-11  0.00000000000000D+00  0.24326735734940D+00
  0.45851832570737D+01 -0.11656294763088D+00  0.12679241337410D-11  0.00000000000000D+00  0.23793154954910D+00
  0.48810894224973D+01 -0.11520709842443D+00 -0.10247606799588D-11  0.00000000000000D+00  0.23393802344799D+00
  0.51770189438049D+01 -0.11418050527573D+00 -0.12647660696530D-11  0.00000000000000D+00  0.23095375299454D+00
  0.54729748811103D+01 -0.11340677738190D+00 -0.14416123459912D-11  0.00000000000000D+00  0.22872625291348D+00
  0.57689604896714D+01 -0.11282563209534D+00 -0.81396624466643D-12  0.00000000000000D+00  0.22706510126591D+00
  0.60649792209987D+01 -0.11239022016525D+00  0.11289730814708D-12  0.00000000000000D+00  0.22582709789276D+00
  0.63610347239631D+01 -0.11206459999084D+00  0.34737586884683D-13  0.00000000000000D+00  0.22490492463112D+00
  0.66571308459044D+01 -0.11182143539190D+00 -0.79580786405131D-12  0.00000000000000D+00  0.22421827912331D+00
  0.69532716337394D+01 -0.11164002120495D+00  0.18987278925780D-12  0.00000000000000D+00  0.22370713949203D+00
  0.72494613350702D+01 -0.11150479316711D+00 -0.47369507811699D-13  0.00000000000000D+00  0.22332674264908D+00
  0.75457043992923D+01 -0.11140406131744D+00 -0.11645004723687D-13  0.00000000000000D+00  0.22304370999336D+00
  0.78420054787027D+01 -0.11132906377316D+00  0.28619088435905D-13  0.00000000000000D+00  0.22283312678337D+00
  0.81383694296083D+01 -0.11127321422100D+00 -0.19303078558318D-12  0.00000000000000D+00  0.22267648577690D+00
  0.84348013134341D+01 -0.11123166978359D+00  0.90298150629952D-13  0.00000000000000D+00  0.22255997359753D+00
  0.87313063978312D+01 -0.11120074987411D+00 -0.23290014529572D-13  0.00000000000000D+00  0.22247332334518D+00
  0.90278901577852D+01 -0.11117776483297D+00 -0.38734447371574D-13  0.00000000000000D+00  0.22240889072418D+00
  0.93245582767243D+01 -0.11116065829992D+00 -0.41201605319239D-14  0.00000000000000D+00  0.22236096858978D+00
  0.96213166476276D+01 -0.11114794015884D+00  0.11422962659861D-13  0.00000000000000D+00  0.22232535481453D+00
  0.99181713741330D+01 -0.11113848537207D+00 -0.24844326764048D-13  0.00000000000000D+00  0.22229886054993D+00
  0.10215128771646D+02 -0.11113145202398D+00 -0.41941768119539D-15  0.00000000000000D+00  0.22227917611599D+00
  0.10512195368447D+02 -0.11112622916698D+00 -0.14926329893221D-14  0.00000000000000D+00  0.22226454317570D+00
  0.10809377906801D+02 -0.11112235486507D+00 -0.17085095003252D-14  0.00000000000000D+00  0.22225366532803D+00
  0.11106683344064D+02 -0.11111944913864D+00  0.14217023444399D-14  0.00000000000000D+00  0.22224557399750D+00
  0.11404118853791D+02 -0.11111730337143D+00 -0.11009712013797D-14  0.00000000000000D+00  0.22223956882954D+00
  0.11701691826849D+02 -0.11111571639776D+00 -0.73089684219141D-15  0.00000000000000D+00  0.22223509848118D+00
  0.11999409872517D+02 -0.11111454665661D+00 -0.34463173938399D-15  0.00000000000000D+00  0.22223179042339D+00
  0.12297280819600D+02 -0.11111365258694D+00 -0.20585382160117D-15  0.00000000000000D+00  0.22222931683064D+00
  0.12595312717539D+02 -0.11111299693584D+00 -0.35465457436973D-15  0.00000000000000D+00  0.22222749888897D+00
  0.12893513837511D+02 -0.11111252009869D+00  0.37778423836260D-16  0.00000000000000D+00  0.22222612798214D+00
  0.13191892673546D+02 -0.11111216247082D+00  0.23900640991530D-16  0.00000000000000D+00  0.22222512960434D+00
  0.13490457943630D+02 -0.11111187934875D+00  0.32092404157906D-16  0.00000000000000D+00  0.22222436964512D+00
  0.13789218590815D+02 -0.11111168563366D+00  0.31562336895214D-16  0.00000000000000D+00  0.22222381830215D+00
  0.14088183784326D+02 -0.11111152172089D+00  0.41922485381407D-17  0.00000000000000D+00  0.22222340106964D+00
  0.14387362920671D+02 -0.11111142486334D+00  0.86736173798840D-18  0.00000000000000D+00  0.22222310304642D+00
  0.14686765624748D+02 -0.11111134290695D+00 -0.70834544692988D-17  0.00000000000000D+00  0.22222287952900D+00
  0.14986401750954D+02 -0.11111128330231D+00 -0.25840158670743D-17  0.00000000000000D+00  0.22222270071507D+00
  0.15286281384291D+02 -0.11111124604940D+00 -0.64841315098215D-17  0.00000000000000D+00  0.22222258150578D+00
  0.15586414841478D+02 -0.11111120879650D+00  0.93964202068421D-18  0.00000000000000D+00  0.22222249209881D+00
  0.15886812672055D+02 -0.11111118644476D+00  0.18762722767581D-17  0.00000000000000D+00  0.22222241759300D+00
  0.16187485659495D+02 -0.11111116409302D+00 -0.13703107631766D-18  0.00000000000000D+00  0.22222237288952D+00
  0.16488444822310D+02 -0.11111114919186D+00 -0.16564202585965D-18  0.00000000000000D+00  0.22222232818604D+00
  0.16789701415158D+02 -0.11111113429070D+00  0.66821498113715D-19  0.00000000000000D+00  0.22222229838371D+00
  0.17091266929956D+02 -0.11111113429070D+00  0.55057154496227D-19  0.00000000000000D+00  0.22222228348255D+00
  0.17393153096983D+02 -0.11111112684011D+00 -0.55810069799409D-19  0.00000000000000D+00  0.22222226858139D+00
  0.17695371885989D+02 -0.11111112684011D+00  0.13976043629696D-19  0.00000000000000D+00  0.22222225368023D+00
  0.17997935507308D+02 -0.11111112684011D+00  0.14117270481928D-21  0.00000000000000D+00  0.22222223877907D+00
  0.18300856412960D+02 -0.11111112684011D+00 -0.84938588835610D-20  0.00000000000000D+00  0.22222223877907D+00
  0.18604147297763D+02 -0.11111112684011D+00  0.20646428089324D-20  0.00000000000000D+00  0.22222223877907D+00
  0.18907821100440D+02 -0.11111112684011D+00 -0.37351796458326D-21  0.00000000000000D+00  0.22222223877907D+00
  0.19211891004725D+02 -0.11111112684011D+00  0.17425937396332D-21  0.00000000000000D+00  0.22222222387791D+00
  0.19516370440478D+02 -0.11111112684011D+00  0.14926015730670D-21  0.00000000000000D+00  0.22222222387791D+00
  0.19821273084785D+02 -0.11111112684011D+00  0.14227506535912D-21  0.00000000000000D+00  0.22222222387791D+00
  0.20126612863070D+02 -0.11111112684011D+00 -0.62314268605070D-22  0.00000000000000D+00  0.22222222387791D+00
  0.20432403950206D+02 -0.11111112684011D+00 -0.23896332313136D-23  0.00000000000000D+00  0.22222222387791D+00
  0.20738660771618D+02 -0.11111112684011D+00  0.17807361110337D-22  0.00000000000000D+00  0.22222222387791D+00
  0.21045398004393D+02 -0.11111112684011D+00  0.29410868415388D-23  0.00000000000000D+00  0.22222222387791D+00
  0.21352630578390D+02 -0.11111112684011D+00 -0.49113848870336D-24  0.00000000000000D+00  0.22222222387791D+00
  0.21660373677347D+02 -0.11111112684011D+00  0.10770581221310D-23  0.00000000000000D+00  0.22222222387791D+00
  0.21968642739988D+02 -0.11111112684011D+00 -0.59022784935004D-24  0.00000000000000D+00  0.22222222387791D+00
  0.22277453461133D+02 -0.11111112684011D+00 -0.24880041861947D-24  0.00000000000000D+00  0.22222222387791D+00
  0.22586821792805D+02 -0.11111112684011D+00  0.17565023434684D-24  0.00000000000000D+00  0.22222222387791D+00
  0.22896763945340D+02 -0.11111112684011D+00  0.40838453920725D-25  0.00000000000000D+00  0.22222222387791D+00
  0.23207296388492D+02 -0.11111112684011D+00 -0.11017408587872D-25  0.00000000000000D+00  0.22222222387791D+00
  0.23518435852545D+02 -0.11111112684011D+00  0.10377901431315D-26  0.00000000000000D+00  0.22222222387791D+00
  0.23830199329417D+02 -0.11111112684011D+00  0.19409487312796D-26  0.00000000000000D+00  0.22222222387791D+00
  0.24142604073772D+02 -0.11111112684011D+00  0.23210041390817D-27  0.00000000000000D+00  0.22222222387791D+00
  0.24455667604128D+02 -0.11111112684011D+00  0.46279831748258D-28  0.00000000000000D+00  0.22222222387791D+00
  0.24769407703962D+02 -0.11111112684011D+00  0.25383792778210D-27  0.00000000000000D+00  0.22222222387791D+00
  0.25083842422820D+02 -0.11111112684011D+00  0.64861902001311D-28  0.00000000000000D+00  0.22222222387791D+00
  0.25398990077425D+02 -0.11111112684011D+00  0.94444196479528D-29  0.00000000000000D+00  0.22222222387791D+00
  0.25714869252788D+02 -0.11111112684011D+00  0.87870358110408D-29  0.00000000000000D+00  0.22222222387791D+00
  0.26031498803312D+02 -0.11111112684011D+00 -0.95457664450615D-30  0.00000000000000D+00  0.22222222387791D+00
  0.26348897853901D+02 -0.11111112684011D+00  0.16078520816423D-29  0.00000000000000D+00  0.22222222387791D+00
  0.26667085801071D+02 -0.11111112684011D+00  0.11504224669125D-30  0.00000000000000D+00  0.22222222387791D+00
  0.26986082314055D+02 -0.11111112684011D+00  0.45366353066384D-31  0.00000000000000D+00  0.22222222387791D+00
  0.27305907335913D+02 -0.11111112684011D+00 -0.16691364076234D-32  0.00000000000000D+00  0.22222222387791D+00
  0.27626581084639D+02 -0.11111112684011D+00 -0.22522681881370D-31  0.00000000000000D+00  0.22222222387791D+00
  0.27948124054272D+02 -0.11111112684011D+00 -0.67568047113479D-32  0.00000000000000D+00  0.22222222387791D+00
  0.28270557016000D+02 -0.11111112684011D+00 -0.15888923877905D-32  0.00000000000000D+00  0.22222222387791D+00
  0.28593901019271D+02 -0.11111112684011D+00  0.80915859624229D-34  0.00000000000000D+00  0.22222222387791D+00
  0.28918177392901D+02 -0.11111112684011D+00 -0.89274892936366D-34  0.00000000000000D+00  0.22222222387791D+00
  0.29243407746180D+02 -0.11111112684011D+00  0.63278175300302D-34  0.00000000000000D+00  0.22222222387791D+00
  0.29569613969985D+02 -0.11111112684011D+00 -0.11242949137705D-34  0.00000000000000D+00  0.22222222387791D+00
  0.29896818237882D+02 -0.11111112684011D+00  0.37250113061457D-35  0.00000000000000D+00  0.22222222387791D+00
  0.30225043007239D+02 -0.11111112684011D+00  0.72880640782672D-36  0.00000000000000D+00  0.22222222387791D+00
  0.30554311020333D+02 -0.11111112684011D+00 -0.15803868743508D-36  0.00000000000000D+00  0.22222222387791D+00
  0.30884645305456D+02 -0.11111112684011D+00 -0.44897361773631D-37  0.00000000000000D+00  0.22222222387791D+00
  0.31216069178026D+02 -0.11111112684011D+00 -0.41142302278780D-37  0.00000000000000D+00  0.22222222387791D+00
  0.31548606241694D+02 -0.11111112684011D+00  0.00000000000000D+00  0.00000000000000D+00  0.22222222387791D+00
  0.31882280389453D+02 -0.11111112684011D+00  0.00000000000000D+00  0.00000000000000D+00  0.22222222387791D+00
  0.32217115804744D+02 -0.11111112684011D+00  0.00000000000000D+00  0.00000000000000D+00  0.22222222387791D+00
  0.32553136962568D+02 -0.11111112684011D+00  0.00000000000000D+00  0.00000000000000D+00  0.22222222387791D+00
  0.32890368630589D+02 -0.11111112684011D+00  0.00000000000000D+00  0.00000000000000D+00  0.22222222387791D+00
  0.33228835870247D+02 -0.11111112684011D+00  0.00000000000000D+00  0.00000000000000D+00  0.22222222387791D+00
  0.33568564037865D+02 -0.11111112684011D+00  0.00000000000000D+00  0.00000000000000D+00  0.22222222387791D+00
  0.33909578785755D+02 -0.11111112684011D+00  0.00000000000000D+00  0.00000000000000D+00  0.22222222387791D+00
  0.34251906063329D+02 -0.11111112684011D+00  0.00000000000000D+00  0.00000000000000D+00  0.22222222387791D+00
  0.34595572118204D+02 -0.11111112684011D+00  0.00000000000000D+00  0.00000000000000D+00  0.22222222387791D+00
  0.34940603497314D+02 -0.11111112684011D+00  0.00000000000000D+00  0.00000000000000D+00  0.22222222387791D+00
  0.35287027048016D+02 -0.11111112684011D+00  0.00000000000000D+00  0.00000000000000D+00  0.22222222387791D+00
  0.35634869919199D+02 -0.11111112684011D+00  0.00000000000000D+00  0.00000000000000D+00  0.22222222387791D+00
  0.35984159562391D+02 -0.11111112684011D+00  0.00000000000000D+00  0.00000000000000D+00  0.22222222387791D+00
  0.36334923732867D+02 -0.11111112684011D+00  0.00000000000000D+00  0.00000000000000D+00  0.22222222387791D+00
  0.36687190490759D+02 -0.11111112684011D+00  0.00000000000000D+00  0.00000000000000D+00  0.22222222387791D+00
  0.37040988202166D+02 -0.11111112684011D+00  0.00000000000000D+00  0.00000000000000D+00  0.22222222387791D+00
  0.37396345540255D+02 -0.11111112684011D+00  0.00000000000000D+00  0.00000000000000D+00  0.22222222387791D+00
  0.37753291486377D+02 -0.11111112684011D+00  0.00000000000000D+00  0.00000000000000D+00  0.22222222387791D+00
  0.38111855331170D+02 -0.11111112684011D+00  0.00000000000000D+00  0.00000000000000D+00  0.22222222387791D+00
  0.38472066675670D+02 -0.11111112684011D+00  0.00000000000000D+00  0.00000000000000D+00  0.22222222387791D+00
  0.38833955432420D+02 -0.11111112684011D+00  0.00000000000000D+00  0.00000000000000D+00  0.22222222387791D+00
  0.39197551826574D+02 -0.11111112684011D+00  0.00000000000000D+00  0.00000000000000D+00  0.22222222387791D+00
  0.39562886397009D+02 -0.11111112684011D+00  0.00000000000000D+00  0.00000000000000D+00  0.22222222387791D+00
  0.39929989997431D+02 -0.11111112684011D+00  0.00000000000000D+00  0.00000000000000D+00  0.22222222387791D+00
  0.40298893797485D+02 -0.11111112684011D+00  0.00000000000000D+00  0.00000000000000D+00  0.22222222387791D+00
  0.40669629283864D+02 -0.11111112684011D+00  0.00000000000000D+00  0.00000000000000D+00  0.22222222387791D+00
  0.41042228261412D+02 -0.11111112684011D+00  0.00000000000000D+00  0.00000000000000D+00  0.22222222387791D+00
  0.41416722854238D+02 -0.11111112684011D+00  0.00000000000000D+00  0.00000000000000D+00  0.22222222387791D+00
  0.41793145506823D+02 -0.11111112684011D+00  0.00000000000000D+00  0.00000000000000D+00  0.22222222387791D+00
  0.42171528985124D+02 -0.11111112684011D+00  0.00000000000000D+00  0.00000000000000D+00  0.22222222387791D+00
  0.42551906377688D+02 -0.11111112684011D+00  0.00000000000000D+00  0.00000000000000D+00  0.22222222387791D+00
  0.42934311096757D+02 -0.11111112684011D+00  0.00000000000000D+00  0.00000000000000D+00  0.22222222387791D+00
  0.43318776879376D+02 -0.11111112684011D+00  0.00000000000000D+00  0.00000000000000D+00  0.22222222387791D+00
  0.43705337788503D+02 -0.11111112684011D+00  0.00000000000000D+00  0.00000000000000D+00  0.22222222387791D+00
  0.44094028214116D+02 -0.11111112684011D+00  0.00000000000000D+00  0.00000000000000D+00  0.22222222387791D+00
  0.44484882874321D+02 -0.11111112684011D+00  0.00000000000000D+00  0.00000000000000D+00  0.22222222387791D+00
  0.44877936816460D+02 -0.11111112684011D+00  0.00000000000000D+00  0.00000000000000D+00  0.22222222387791D+00
  0.45273225418222D+02 -0.11111112684011D+00  0.00000000000000D+00  0.00000000000000D+00  0.22222222387791D+00
  0.45670784388746D+02 -0.11111112684011D+00  0.00000000000000D+00  0.00000000000000D+00  0.22222222387791D+00
  0.46070649769734D+02 -0.11111112684011D+00  0.00000000000000D+00  0.00000000000000D+00  0.22222222387791D+00
  0.46472857936558D+02 -0.11111112684011D+00  0.00000000000000D+00  0.00000000000000D+00  0.22222222387791D+00
  0.46877445599366D+02 -0.11111112684011D+00  0.00000000000000D+00  0.00000000000000D+00  0.22222222387791D+00
  0.47284449804192D+02 -0.11111112684011D+00  0.00000000000000D+00  0.00000000000000D+00  0.22222222387791D+00
  0.47693907934066D+02 -0.11111112684011D+00  0.00000000000000D+00  0.00000000000000D+00  0.22222222387791D+00
  0.48105857710118D+02 -0.11111112684011D+00  0.00000000000000D+00  0.00000000000000D+00  0.22222222387791D+00
  0.48520337192689D+02 -0.11111112684011D+00  0.00000000000000D+00  0.00000000000000D+00  0.22222222387791D+00
  0.48937384782439D+02 -0.11111112684011D+00  0.00000000000000D+00  0.00000000000000D+00  0.22222222387791D+00
  0.49357039221454D+02 -0.11111112684011D+00  0.00000000000000D+00  0.00000000000000D+00  0.22222222387791D+00
  0.49779339594357D+02 -0.11111112684011D+00  0.00000000000000D+00  0.00000000000000D+00  0.22222222387791D+00
  0.50204325329411D+02 -0.11111112684011D+00  0.00000000000000D+00  0.00000000000000D+00  0.22222222387791D+00
  0.50632036199633D+02 -0.11111112684011D+00  0.00000000000000D+00  0.00000000000000D+00  0.22222222387791D+00
  0.51062512323899D+02 -0.11111112684011D+00  0.00000000000000D+00  0.00000000000000D+00  0.22222222387791D+00
  0.51495794168052D+02 -0.11111112684011D+00  0.00000000000000D+00  0.00000000000000D+00  0.22222222387791D+00
  0.51931922546012D+02 -0.11111112684011D+00  0.00000000000000D+00  0.00000000000000D+00  0.22222222387791D+00
  0.52370938620883D+02 -0.11111112684011D+00  0.00000000000000D+00  0.00000000000000D+00  0.22222222387791D+00
  0.52812883819156D+02 -0.11111112684011D+00  0.00000000000000D+00  0.00000000000000D+00  0.22222222387791D+00
  0.53257791377727D+02 -0.11111112684011D+00  0.00000000000000D+00  0.00000000000000D+00  0.22222222387791D+00
  0.53705673775988D+02 -0.11111112684011D+00  0.00000000000000D+00  0.00000000000000D+00  0.22222222387791D+00
  0.54156531013939D+02 -0.11111112684011D+00  0.00000000000000D+00  0.00000000000000D+00  0.22222222387791D+00
  0.54610363091579D+02 -0.11111112684011D+00  0.00000000000000D+00  0.00000000000000D+00  0.22222222387791D+00
  0.55067170008908D+02 -0.11111112684011D+00  0.00000000000000D+00  0.00000000000000D+00  0.22222222387791D+00
  0.55526951765927D+02 -0.11111112684011D+00  0.00000000000000D+00  0.00000000000000D+00  0.22222222387791D+00
  0.55989708362636D+02 -0.11111112684011D+00  0.00000000000000D+00  0.00000000000000D+00  0.22222222387791D+00
  0.56455439799034D+02 -0.11111112684011D+00  0.00000000000000D+00  0.00000000000000D+00  0.22222222387791D+00
  0.56924146075122D+02 -0.11111112684011D+00  0.00000000000000D+00  0.00000000000000D+00  0.22222222387791D+00
  0.57395827190899D+02 -0.11111112684011D+00  0.00000000000000D+00  0.00000000000000D+00  0.22222222387791D+00
  0.57870483146366D+02 -0.11111112684011D+00  0.00000000000000D+00  0.00000000000000D+00  0.22222222387791D+00
  0.58348113941523D+02 -0.11111112684011D+00  0.00000000000000D+00  0.00000000000000D+00  0.22222222387791D+00
  0.58828719576369D+02 -0.11111112684011D+00  0.00000000000000D+00  0.00000000000000D+00  0.22222222387791D+00
  0.59312300050904D+02 -0.11111112684011D+00  0.00000000000000D+00  0.00000000000000D+00  0.22222222387791D+00
  0.59798855365129D+02 -0.11111112684011D+00  0.00000000000000D+00  0.00000000000000D+00  0.22222222387791D+00
  0.60288385519044D+02 -0.11111112684011D+00  0.00000000000000D+00  0.00000000000000D+00  0.22222222387791D+00
  0.60780890512648D+02 -0.11111112684011D+00  0.00000000000000D+00  0.00000000000000D+00  0.22222222387791D+00
  0.61276370345942D+02 -0.11111112684011D+00  0.00000000000000D+00  0.00000000000000D+00  0.22222222387791D+00
  0.61774825018925D+02 -0.11111112684011D+00  0.00000000000000D+00  0.00000000000000D+00  0.22222222387791D+00
  0.62276254531598D+02 -0.11111112684011D+00  0.00000000000000D+00  0.00000000000000D+00  0.22222222387791D+00
  0.62780658883961D+02 -0.11111112684011D+00  0.00000000000000D+00  0.00000000000000D+00  0.22222222387791D+00
  0.63288038076013D+02 -0.11111112684011D+00  0.00000000000000D+00  0.00000000000000D+00  0.22222222387791D+00
  0.63798392107754D+02 -0.11111112684011D+00  0.00000000000000D+00  0.00000000000000D+00  0.22222222387791D+00
  0.64311720979186D+02 -0.11111112684011D+00  0.00000000000000D+00  0.00000000000000D+00  0.22222222387791D+00
  0.64828024690306D+02 -0.11111112684011D+00  0.00000000000000D+00  0.00000000000000D+00  0.22222222387791D+00
  0.65347303241117D+02 -0.11111112684011D+00  0.00000000000000D+00  0.00000000000000D+00  0.22222222387791D+00
  0.65869556631616D+02 -0.11111112684011D+00  0.00000000000000D+00  0.00000000000000D+00  0.22222222387791D+00
  0.66394784861806D+02 -0.11111112684011D+00  0.00000000000000D+00  0.00000000000000D+00  0.22222222387791D+00
  0.66922987931685D+02 -0.11111112684011D+00  0.00000000000000D+00  0.00000000000000D+00  0.22222222387791D+00
  0.67454165841253D+02 -0.11111112684011D+00  0.00000000000000D+00  0.00000000000000D+00  0.22222222387791D+00
  0.67988318590511D+02 -0.11111112684011D+00  0.00000000000000D+00  0.00000000000000D+00  0.22222222387791D+00
  0.68525446179459D+02 -0.11111112684011D+00  0.00000000000000D+00  0.00000000000000D+00  0.22222222387791D+00
  0.69065548608096D+02 -0.11111112684011D+00  0.00000000000000D+00  0.00000000000000D+00  0.22222222387791D+00
  0.69608625876423D+02 -0.11111112684011D+00  0.00000000000000D+00  0.00000000000000D+00  0.22222222387791D+00
  0.70154677984439D+02 -0.11111112684011D+00  0.00000000000000D+00  0.00000000000000D+00  0.22222222387791D+00
  0.70703704932145D+02 -0.11111112684011D+00  0.00000000000000D+00  0.00000000000000D+00  0.22222222387791D+00
  0.71255706719540D+02 -0.11111112684011D+00  0.00000000000000D+00  0.00000000000000D+00  0.22222222387791D+00
  0.71810683346625D+02 -0.11111112684011D+00  0.00000000000000D+00  0.00000000000000D+00  0.22222222387791D+00
  0.72368634813400D+02 -0.11111112684011D+00  0.00000000000000D+00  0.00000000000000D+00  0.22222222387791D+00
  0.72929561119864D+02 -0.11111112684011D+00  0.00000000000000D+00  0.00000000000000D+00  0.22222222387791D+00
  0.73493462266018D+02 -0.11111112684011D+00  0.00000000000000D+00  0.00000000000000D+00  0.22222222387791D+00
  0.74060338251861D+02 -0.11111112684011D+00  0.00000000000000D+00  0.00000000000000D+00  0.22222222387791D+00
  0.74630189077394D+02 -0.11111112684011D+00  0.00000000000000D+00  0.00000000000000D+00  0.22222222387791D+00
  0.75203014742616D+02 -0.11111112684011D+00  0.00000000000000D+00  0.00000000000000D+00  0.22222222387791D+00
  0.75778815247528D+02 -0.11111112684011D+00  0.00000000000000D+00  0.00000000000000D+00  0.22222222387791D+00
  0.76357590592129D+02 -0.11111112684011D+00  0.00000000000000D+00  0.00000000000000D+00  0.22222222387791D+00
  0.76939340776420D+02 -0.11111112684011D+00  0.00000000000000D+00  0.00000000000000D+00  0.22222222387791D+00
  0.77524065800401D+02 -0.11111112684011D+00  0.00000000000000D+00  0.00000000000000D+00  0.22222222387791D+00
  0.78111765664071D+02 -0.11111112684011D+00  0.00000000000000D+00  0.00000000000000D+00  0.22222222387791D+00
  0.78702440367431D+02 -0.11111112684011D+00  0.00000000000000D+00  0.00000000000000D+00  0.22222222387791D+00
  0.79296089910480D+02 -0.11111112684011D+00  0.00000000000000D+00  0.00000000000000D+00  0.22222222387791D+00
  0.79892714293219D+02 -0.11111112684011D+00  0.00000000000000D+00  0.00000000000000D+00  0.22222222387791D+00
  0.80492313515647D+02 -0.11111112684011D+00  0.00000000000000D+00  0.00000000000000D+00  0.22222222387791D+00
  0.81094887577765D+02 -0.11111112684011D+00  0.00000000000000D+00  0.00000000000000D+00  0.22222222387791D+00
  0.81700436479572D+02 -0.11111112684011D+00  0.00000000000000D+00  0.00000000000000D+00  0.22222222387791D+00
  0.82308960221069D+02 -0.11111112684011D+00  0.00000000000000D+00  0.00000000000000D+00  0.22222222387791D+00
  0.82920458802256D+02 -0.11111112684011D+00  0.00000000000000D+00  0.00000000000000D+00  0.22222222387791D+00
  0.83534932223132D+02 -0.11111112684011D+00  0.00000000000000D+00  0.00000000000000D+00  0.22222222387791D+00
  0.84152380483698D+02 -0.11111112684011D+00  0.00000000000000D+00  0.00000000000000D+00  0.22222222387791D+00
  0.84772803583953D+02 -0.11111112684011D+00  0.00000000000000D+00  0.00000000000000D+00  0.22222222387791D+00
  0.85396201523898D+02 -0.11111112684011D+00  0.00000000000000D+00  0.00000000000000D+00  0.22222222387791D+00
  0.86022574303532D+02 -0.11111112684011D+00  0.00000000000000D+00  0.00000000000000D+00  0.22222222387791D+00
  0.86651921922856D+02 -0.11111112684011D+00  0.00000000000000D+00  0.00000000000000D+00  0.22222222387791D+00
  0.87284244381870D+02 -0.11111112684011D+00  0.00000000000000D+00  0.00000000000000D+00  0.22222222387791D+00
  0.87919541680573D+02 -0.11111112684011D+00  0.00000000000000D+00  0.00000000000000D+00  0.22222222387791D+00
  0.88557813818965D+02 -0.11111112684011D+00  0.00000000000000D+00  0.00000000000000D+00  0.22222222387791D+00
  0.89199060797047D+02 -0.11111112684011D+00  0.00000000000000D+00  0.00000000000000D+00  0.22222222387791D+00
  0.89843282614819D+02 -0.11111112684011D+00  0.00000000000000D+00  0.00000000000000D+00  0.22222222387791D+00
  0.90490479272280D+02 -0.11111112684011D+00  0.00000000000000D+00  0.00000000000000D+00  0.22222222387791D+00
  0.91140650769431D+02 -0.11111112684011D+00  0.00000000000000D+00  0.00000000000000D+00  0.22222222387791D+00
  0.91793797106272D+02 -0.11111112684011D+00  0.00000000000000D+00  0.00000000000000D+00  0.22222222387791D+00
  0.92449918282802D+02 -0.11111112684011D+00  0.00000000000000D+00  0.00000000000000D+00  0.22222222387791D+00
  0.93109014299021D+02 -0.11111112684011D+00  0.00000000000000D+00  0.00000000000000D+00  0.22222222387791D+00
  0.93771085154930D+02 -0.11111112684011D+00  0.00000000000000D+00  0.00000000000000D+00  0.22222222387791D+00
  0.94436130850529D+02 -0.11111112684011D+00  0.00000000000000D+00  0.00000000000000D+00  0.22222222387791D+00
  0.95104151385817D+02 -0.11111112684011D+00  0.00000000000000D+00  0.00000000000000D+00  0.22222222387791D+00
  0.95775146760795D+02 -0.11111112684011D+00  0.00000000000000D+00  0.00000000000000D+00  0.22222222387791D+00
  0.96449116975462D+02 -0.11111112684011D+00  0.00000000000000D+00  0.00000000000000D+00  0.22222222387791D+00
  0.97126062029819D+02 -0.11111112684011D+00  0.00000000000000D+00  0.00000000000000D+00  0.22222222387791D+00
  0.97805981923865D+02 -0.11111112684011D+00  0.00000000000000D+00  0.00000000000000D+00  0.22222222387791D+00
  0.98488876657601D+02 -0.11111112684011D+00  0.00000000000000D+00  0.00000000000000D+00  0.22222222387791D+00
  0.99174746231027D+02 -0.11111112684011D+00  0.00000000000000D+00  0.00000000000000D+00  0.22222222387791D+00
  0.99863590644142D+02 -0.11111112684011D+00  0.00000000000000D+00  0.00000000000000D+00  0.22222222387791D+00
  0.10055540989695D+03 -0.11111112684011D+00  0.00000000000000D+00  0.00000000000000D+00  0.22222222387791D+00
  0.10125020398944D+03 -0.11111112684011D+00  0.00000000000000D+00  0.00000000000000D+00  0.22222222387791D+00
  0.10194797292162D+03 -0.11111112684011D+00  0.00000000000000D+00  0.00000000000000D+00  0.22222222387791D+00
  0.10264871669350D+03 -0.11111112684011D+00  0.00000000000000D+00  0.00000000000000D+00  0.22222222387791D+00
  0.10335243530506D+03 -0.11111112684011D+00  0.00000000000000D+00  0.00000000000000D+00  0.22222222387791D+00
  0.10405912875631D+03 -0.11111112684011D+00  0.00000000000000D+00  0.00000000000000D+00  0.22222222387791D+00
  0.10476879704726D+03 -0.11111112684011D+00  0.00000000000000D+00  0.00000000000000D+00  0.22222222387791D+00
  0.10548144017789D+03 -0.11111112684011D+00  0.00000000000000D+00  0.00000000000000D+00  0.22222222387791D+00
  0.10619705814821D+03 -0.11111112684011D+00  0.00000000000000D+00  0.00000000000000D+00  0.22222222387791D+00
  0.10691565095822D+03 -0.11111112684011D+00  0.00000000000000D+00  0.00000000000000D+00  0.22222222387791D+00
  0.10763721860792D+03 -0.11111112684011D+00  0.00000000000000D+00  0.00000000000000D+00  0.22222222387791D+00
  0.10836176109731D+03 -0.11111112684011D+00  0.00000000000000D+00  0.00000000000000D+00  0.22222222387791D+00
  0.10908927842639D+03 -0.11111112684011D+00  0.00000000000000D+00  0.00000000000000D+00  0.22222222387791D+00
  0.10981977059516D+03 -0.11111112684011D+00  0.00000000000000D+00  0.00000000000000D+00  0.22222222387791D+00
  0.11055323760362D+03 -0.11111112684011D+00  0.00000000000000D+00  0.00000000000000D+00  0.22222222387791D+00
  0.11128967945176D+03 -0.11111112684011D+00  0.00000000000000D+00  0.00000000000000D+00  0.22222222387791D+00
  0.11202909613960D+03 -0.11111112684011D+00  0.00000000000000D+00  0.00000000000000D+00  0.22222222387791D+00
  0.11277148766713D+03 -0.11111112684011D+00  0.00000000000000D+00  0.00000000000000D+00  0.22222222387791D+00
  0.11351685403434D+03 -0.11111112684011D+00  0.00000000000000D+00  0.00000000000000D+00  0.22222222387791D+00
  0.11426519524125D+03 -0.11111112684011D+00  0.00000000000000D+00  0.00000000000000D+00  0.22222222387791D+00
  0.11501651128785D+03 -0.11111112684011D+00  0.00000000000000D+00  0.00000000000000D+00  0.22222222387791D+00
  0.11577080217413D+03 -0.11111112684011D+00  0.00000000000000D+00  0.00000000000000D+00  0.22222222387791D+00
  0.11652806790011D+03 -0.11111112684011D+00  0.00000000000000D+00  0.00000000000000D+00  0.22222222387791D+00
  0.11728830846577D+03 -0.11111112684011D+00  0.00000000000000D+00  0.00000000000000D+00  0.22222222387791D+00
  0.11805152387113D+03 -0.11111112684011D+00  0.00000000000000D+00  0.00000000000000D+00  0.22222222387791D+00
  0.11881771411617D+03 -0.11111112684011D+00  0.00000000000000D+00  0.00000000000000D+00  0.22222222387791D+00
  0.11958687920090D+03 -0.11111112684011D+00  0.00000000000000D+00  0.00000000000000D+00  0.22222222387791D+00
  0.12035901912532D+03 -0.11111112684011D+00  0.00000000000000D+00  0.00000000000000D+00  0.22222222387791D+00
  0.12113413388944D+03 -0.11111112684011D+00  0.00000000000000D+00  0.00000000000000D+00  0.22222222387791D+00
  0.12191222349324D+03 -0.11111112684011D+00  0.00000000000000D+00  0.00000000000000D+00  0.22222222387791D+00
  0.12269328793673D+03 -0.11111112684011D+00  0.00000000000000D+00  0.00000000000000D+00  0.22222222387791D+00
  0.12347732721991D+03 -0.11111112684011D+00  0.00000000000000D+00  0.00000000000000D+00  0.22222222387791D+00
  0.12426434134278D+03 -0.11111112684011D+00  0.00000000000000D+00  0.00000000000000D+00  0.22222222387791D+00
  0.12505433030534D+03 -0.11111112684011D+00  0.00000000000000D+00  0.00000000000000D+00  0.22222222387791D+00
  0.12584729410759D+03 -0.11111112684011D+00  0.00000000000000D+00  0.00000000000000D+00  0.22222222387791D+00
  0.12664323274953D+03 -0.11111112684011D+00  0.00000000000000D+00  0.00000000000000D+00  0.22222222387791D+00
  0.12744214623116D+03 -0.11111112684011D+00  0.00000000000000D+00  0.00000000000000D+00  0.22222222387791D+00
  0.12824403455248D+03 -0.11111112684011D+00  0.00000000000000D+00  0.00000000000000D+00  0.22222222387791D+00
  0.12904871955426D+03 -0.11111112684011D+00  0.00000000000000D+00  0.00000000000000D+00  0.22222222387791D+00
  0.12985567320245D+03 -0.11111112684011D+00  0.00000000000000D+00  0.00000000000000D+00  0.22222222387791D+00
  0.13066420541289D+03 -0.11111112684011D+00  0.00000000000000D+00  0.00000000000000D+00  0.22222222387791D+00
  0.13147364543237D+03 -0.11111112684011D+00  0.00000000000000D+00  0.00000000000000D+00  0.22222222387791D+00
  0.13228334183861D+03 -0.11111112684011D+00  0.00000000000000D+00  0.00000000000000D+00  0.22222222387791D+00
  0.13309266254025D+03 -0.11111112684011D+00  0.00000000000000D+00  0.00000000000000D+00  0.22222222387791D+00
  0.13390099477689D+03 -0.11111112684011D+00  0.00000000000000D+00  0.00000000000000D+00  0.22222222387791D+00
  0.13470774511907D+03 -0.11111112684011D+00  0.00000000000000D+00  0.00000000000000D+00  0.22222222387791D+00
  0.13551233946827D+03 -0.11111112684011D+00  0.00000000000000D+00  0.00000000000000D+00  0.22222222387791D+00
  0.13631422305689D+03 -0.11111112684011D+00  0.00000000000000D+00  0.00000000000000D+00  0.22222222387791D+00
  0.13711286044828D+03 -0.11111112684011D+00  0.00000000000000D+00  0.00000000000000D+00  0.22222222387791D+00
  0.13790773553674D+03 -0.11111112684011D+00  0.00000000000000D+00  0.00000000000000D+00  0.22222222387791D+00
  0.13869835154749D+03 -0.11111112684011D+00  0.00000000000000D+00  0.00000000000000D+00  0.22222222387791D+00
  0.13948423103670D+03 -0.11111112684011D+00  0.00000000000000D+00  0.00000000000000D+00  0.22222222387791D+00
  0.14026491589147D+03 -0.11111112684011D+00  0.00000000000000D+00  0.00000000000000D+00  0.22222222387791D+00
  0.14103996732986D+03 -0.11111112684011D+00  0.00000000000000D+00  0.00000000000000D+00  0.22222222387791D+00
  0.14180896590084D+03 -0.11111112684011D+00  0.00000000000000D+00  0.00000000000000D+00  0.22222222387791D+00
  0.14257151148433D+03 -0.11111112684011D+00  0.00000000000000D+00  0.00000000000000D+00  0.22222222387791D+00
  0.14332722329121D+03 -0.11111112684011D+00  0.00000000000000D+00  0.00000000000000D+00  0.22222222387791D+00
  0.14407573986326D+03 -0.11111112684011D+00  0.00000000000000D+00  0.00000000000000D+00  0.22222222387791D+00
  0.14481671907322D+03 -0.11111112684011D+00  0.00000000000000D+00  0.00000000000000D+00  0.22222222387791D+00
  0.14554983812478D+03 -0.11111112684011D+00  0.00000000000000D+00  0.00000000000000D+00  0.22222222387791D+00
  0.14627479355255D+03 -0.11111112684011D+00  0.00000000000000D+00  0.00000000000000D+00  0.22222222387791D+00
  0.14699130122209D+03 -0.11111112684011D+00  0.00000000000000D+00  0.00000000000000D+00  0.22222222387791D+00
  0.14769909632988D+03 -0.11111112684011D+00  0.00000000000000D+00  0.00000000000000D+00  0.22222222387791D+00
  0.14839793340337D+03 -0.11111112684011D+00  0.00000000000000D+00  0.00000000000000D+00  0.22222222387791D+00
  0.14908758630092D+03 -0.11111112684011D+00  0.00000000000000D+00  0.00000000000000D+00  0.22222222387791D+00
  0.14976784821184D+03 -0.11111112684011D+00  0.00000000000000D+00  0.00000000000000D+00  0.22222222387791D+00
  0.15043853165639D+03 -0.11111112684011D+00  0.00000000000000D+00  0.00000000000000D+00  0.22222222387791D+00
  0.15109946848575D+03 -0.11111112684011D+00  0.00000000000000D+00  0.00000000000000D+00  0.22222222387791D+00
  0.15175050988204D+03 -0.11111112684011D+00  0.00000000000000D+00  0.00000000000000D+00  0.22222222387791D+00
  0.15239152635834D+03 -0.11111112684011D+00  0.00000000000000D+00  0.00000000000000D+00  0.22222222387791D+00
  0.15302240775865D+03 -0.11111112684011D+00  0.00000000000000D+00  0.00000000000000D+00  0.22222222387791D+00
  0.15364306325791D+03 -0.11111112684011D+00  0.00000000000000D+00  0.00000000000000D+00  0.22222222387791D+00
  0.15425342136200D+03 -0.11111112684011D+00  0.00000000000000D+00  0.00000000000000D+00  0.22222222387791D+00
  0.15485342990774D+03 -0.11111112684011D+00  0.00000000000000D+00  0.00000000000000D+00  0.22222222387791D+00
  0.15544305606290D+03 -0.11111112684011D+00  0.00000000000000D+00  0.00000000000000D+00  0.22222222387791D+00
  0.15602228632617D+03 -0.11111112684011D+00  0.00000000000000D+00  0.00000000000000D+00  0.22222222387791D+00
  0.15659112652718D+03 -0.11111112684011D+00  0.00000000000000D+00  0.00000000000000D+00  0.22222222387791D+00
  0.15714960182652D+03 -0.11111112684011D+00  0.00000000000000D+00  0.00000000000000D+00  0.22222222387791D+00
  0.15769775671570D+03 -0.11111112684011D+00  0.00000000000000D+00  0.00000000000000D+00  0.22222222387791D+00
  0.15823565501718D+03 -0.11111112684011D+00  0.00000000000000D+00  0.00000000000000D+00  0.22222222387791D+00
  0.15876337988434D+03 -0.11111112684011D+00  0.00000000000000D+00  0.00000000000000D+00  0.22222222387791D+00
  0.15928103380151D+03 -0.11111112684011D+00  0.00000000000000D+00  0.00000000000000D+00  0.22222222387791D+00
  0.15978873858397D+03 -0.11111112684011D+00  0.00000000000000D+00  0.00000000000000D+00  0.22222222387791D+00
  0.16028663537793D+03 -0.11111112684011D+00  0.00000000000000D+00  0.00000000000000D+00  0.22222222387791D+00
  0.16077488466053D+03 -0.11111112684011D+00  0.00000000000000D+00  0.00000000000000D+00  0.22222222387791D+00
  0.16125366623985D+03 -0.11111112684011D+00  0.00000000000000D+00  0.00000000000000D+00  0.22222222387791D+00
  0.16172317925493D+03 -0.11111112684011D+00  0.00000000000000D+00  0.00000000000000D+00  0.22222222387791D+00
  0.16218364217573D+03 -0.11111112684011D+00  0.00000000000000D+00  0.00000000000000D+00  0.22222222387791D+00
  0.16263529280315D+03 -0.11111112684011D+00  0.00000000000000D+00  0.00000000000000D+00  0.22222222387791D+00
  0.16307838826904D+03 -0.11111112684011D+00  0.00000000000000D+00  0.00000000000000D+00  0.22222222387791D+00
  0.16351320503616D+03 -0.11111112684011D+00  0.00000000000000D+00  0.00000000000000D+00  0.22222222387791D+00
  0.16394003889825D+03 -0.11111112684011D+00  0.00000000000000D+00  0.00000000000000D+00  0.22222222387791D+00
  0.16435920497995D+03 -0.11111112684011D+00  0.00000000000000D+00  0.00000000000000D+00  0.22222222387791D+00
  0.16477103773687D+03 -0.11111112684011D+00  0.00000000000000D+00  0.00000000000000D+00  0.22222222387791D+00
  0.16517589095555D+03 -0.11111112684011D+00  0.00000000000000D+00  0.00000000000000D+00  0.22222222387791D+00
  0.16557413775345D+03 -0.11111112684011D+00  0.00000000000000D+00  0.00000000000000D+00  0.22222222387791D+00
  0.16596617057899D+03 -0.11111112684011D+00  0.00000000000000D+00  0.00000000000000D+00  0.22222222387791D+00
  0.16635240121152D+03 -0.11111112684011D+00  0.00000000000000D+00  0.00000000000000D+00  0.22222222387791D+00
  0.16673326076133D+03 -0.11111112684011D+00  0.00000000000000D+00  0.00000000000000D+00  0.22222222387791D+00
  0.16710919966965D+03 -0.11111112684011D+00  0.00000000000000D+00  0.00000000000000D+00  0.22222222387791D+00
  0.16748068770865D+03 -0.11111112684011D+00  0.00000000000000D+00  0.00000000000000D+00  0.22222222387791D+00
  0.16784821398145D+03 -0.11111112684011D+00  0.00000000000000D+00  0.00000000000000D+00  0.22222222387791D+00
  0.16821228692207D+03 -0.11111112684011D+00  0.00000000000000D+00  0.00000000000000D+00  0.22222222387791D+00
  0.16857343429551D+03 -0.11111112684011D+00  0.00000000000000D+00  0.00000000000000D+00  0.22222222387791D+00
  0.16893220319769D+03 -0.11111112684011D+00  0.00000000000000D+00  0.00000000000000D+00  0.22222222387791D+00
  0.16928916005548D+03 -0.11111112684011D+00  0.00000000000000D+00  0.00000000000000D+00  0.22222222387791D+00
  0.16964489062667D+03 -0.11111112684011D+00  0.00000000000000D+00  0.00000000000000D+00  0.22222222387791D+00
