-1.700000000000000000e+02
-1.698861787290334178e+02
-1.697720779390241432e+02
-1.696574220076474830e+02
-1.695419399886402800e+02
-1.694253656118010269e+02
-1.693074372829896959e+02
-1.691878980841279372e+02
-1.690664957731988807e+02
-1.689429827842473628e+02
-1.688171162273797563e+02
-1.686886578887638848e+02
-1.685573742306293070e+02
-1.684230363912671180e+02
-1.682854201850299205e+02
-1.681443061023320240e+02
-1.679994793096491890e+02
-1.678507296495188541e+02
-1.676978516405399944e+02
-1.675406444773731209e+02
-1.673789120307404517e+02
-1.672124628474256269e+02
-1.670411101502739371e+02
-1.668646718381923222e+02
-1.666829704861492019e+02
-1.664958333451746455e+02
-1.663030923423602019e+02
-1.661045840808590981e+02
-1.659001498398860974e+02
-1.656896355747174994e+02
-1.654728919166913386e+02
-1.652497741732069869e+02
-1.650201423277256367e+02
-1.647838610397699028e+02
-1.645407996449240500e+02
-1.642908321548338790e+02
-1.640338372572068408e+02
-1.637696983158118371e+02
-1.634983033704795048e+02
-1.632195451371019601e+02
-1.629333210076328839e+02
-1.626395330500876071e+02
-1.623380880085429965e+02
-1.620288973031375122e+02
-1.617118770300711788e+02
-1.613869479616056424e+02
-1.610540355460640285e+02
-1.607130699078311977e+02
-1.603639858473534332e+02
-1.600067228411386964e+02
-1.596412250417564849e+02
-1.592674412778379178e+02
-1.588853250540755937e+02
-1.584948345512237893e+02
-1.580959326260983744e+02
-1.576885868115766982e+02
-1.572727693165977598e+02
-1.568484570261621514e+02
-1.564156315013320011e+02
-1.559742789792310020e+02
-1.555243903730444401e+02
-1.550659612720193081e+02
-1.545989919414639360e+02
-1.541234873227484172e+02
-1.536394570333043532e+02
-1.531469153666249667e+02
-1.526458812922650168e+02
-1.521363784558408270e+02
-1.516184351790303708e+02
-1.510920844595731580e+02
-1.505573639712702629e+02
-1.500143160639843813e+02
-1.494629877636396884e+02
-1.489034307722220944e+02
-1.483357014677789891e+02
-1.477598609044193267e+02
-1.471759748123137115e+02
-1.465841135976942837e+02
-1.459843523428547201e+02
-1.453767708061504038e+02
-1.447614534219981692e+02
-1.441384893008764720e+02
-1.435079722293253610e+02
-1.428700006699464495e+02
-1.422246777614029440e+02
-1.415721113184196156e+02
-1.409124138317828283e+02
-1.402457024683405109e+02
-1.395720990710021567e+02
-1.388917301587389375e+02
-1.382047269265834473e+02
-1.375112252456299871e+02
-1.368113656630343655e+02
-1.361052934020139844e+02
-1.353931583618478385e+02
-1.346751151178765156e+02
-1.339513229215021397e+02
-1.332219457001884564e+02
-1.324871520574607757e+02
-1.317471152729059440e+02
-1.310020133021724575e+02
-1.302520287769703486e+02
-1.294973490050712712e+02
-1.287381659703083585e+02
-1.279746763325764789e+02
-1.272070814278318949e+02
-1.264355872680926041e+02
-1.256604045414381545e+02
-1.248817486120095879e+02
-1.240998395200095956e+02
-1.233149019817024055e+02
-1.225271653894139092e+02
-1.217368638115314923e+02
-1.209442359925041472e+02
-1.201495253528424314e+02
-1.193529799891185093e+02
-1.185548526739661099e+02
-1.177554008560805556e+02
-1.169548866602187047e+02
-1.161535768871990513e+02
-1.153517430139016255e+02
-1.145496611932680509e+02
-1.137476122543015435e+02
-1.129458817020668846e+02
-1.121447597176904338e+02
-1.113445411583601157e+02
-1.105455255573255045e+02
-1.097480171238976396e+02
-1.089523247434492390e+02
-1.081587619774145139e+02
-1.073676470632893540e+02
-1.065793029146311426e+02
-1.057940571210588985e+02
-1.050122419482531768e+02
-1.042341943379561258e+02
-1.034602559079715007e+02
-1.026907729521646075e+02
-1.019260964404623309e+02
-1.011665820188531342e+02
-1.004125900093870882e+02
-9.966448541017577156e+01
-9.892254450266963772e+01
-9.818685990024791010e+01
-9.745743160291054608e+01
-9.673425961065755985e+01
-9.601734392348892300e+01
-9.530668454140467816e+01
-9.460224073404812373e+01
-9.390394300549135664e+01
-9.321172898508811500e+01
-9.252553170825643747e+01
-9.184528470065691863e+01
-9.117092197640438656e+01
-9.050237803627953781e+01
-8.983958786594081403e+01
-8.918248693413592321e+01
-8.853101119091374471e+01
-8.788509706583587899e+01
-8.724468146618839626e+01
-8.660970177519362778e+01
-8.598009585022181511e+01
-8.535580202100275926e+01
-8.473675908783764044e+01
-8.412290631981072409e+01
-8.351418345300095325e+01
-8.291053068869381093e+01
-8.231188869159288402e+01
-8.171819858803171144e+01
-8.112940196418541916e+01
-8.054544086428242622e+01
-7.996625778881616498e+01
-7.939179569275682979e+01
-7.882199798376302624e+01
-7.825680852039353397e+01
-7.769617161031899855e+01
-7.714003200853362330e+01
-7.658833491556690376e+01
-7.604102597569533373e+01
-7.549805127515409708e+01
-7.495935734034881648e+01
-7.442489113606723095e+01
-7.389460006369094458e+01
-7.336843195940707574e+01
-7.284633509242000571e+01
-7.232825816316309897e+01
-7.181415030151039502e+01
-7.130396106498831443e+01
-7.079764043698740750e+01
-7.029513882497403188e+01
-6.979640705870204442e+01
-6.930139638842456407e+01
-6.881005848310563522e+01
-6.832234542863196225e+01
-6.783820972602462973e+01
-6.735760428965079427e+01
-6.688048244543540477e+01
-6.640679792907286583e+01
-6.593650488423887168e+01
-6.546955786080195594e+01
-6.500591181303533972e+01
-6.454552209782855243e+01
-6.408834447289920888e+01
-6.363433509500463003e+01
-6.318345051815368407e+01
-6.273564769181836454e+01
-6.229088395914558873e+01
-6.184911705516886116e+01
-6.141030510502003636e+01
-6.097440662214096108e+01
-6.054138050649522995e+01
-6.011118604277989164e+01
-5.968378289863714770e+01
-5.925913112286607998e+01
-5.883719114363434244e+01
-5.841792376668988140e+01
-5.800129017357262740e+01
-5.758725191982626512e+01
-5.717577093320986847e+01
-5.676680951190965629e+01
-5.636033032275069132e+01
-5.595629639940859335e+01
-5.555467114062124523e+01
-5.515541830840051318e+01
-5.475850202624394569e+01
-5.436388677734647956e+01
-5.397153740281218148e+01
-5.358141909986591855e+01
-5.319349742006509274e+01
-5.280773826751136824e+01
-5.242410789706232777e+01
-5.204257291254323547e+01
-5.166310026495871455e+01
-5.128565725070450299e+01
-5.091021150977911702e+01
-5.053673102399553585e+01
-5.016518411519302134e+01
-4.979553944344872463e+01
-4.942776600528944897e+01
-4.906183313190332740e+01
-4.869771048735157137e+01
-4.833536806678014131e+01
-4.797477619463148812e+01
-4.761590552285628064e+01
-4.725872702912501921e+01
-4.690321201503989101e+01
-4.654933210434636948e+01
-4.619705924114496298e+01
-4.584636568810292090e+01
-4.549722402466595383e+01
-4.514960714526995389e+01
-4.480348825755265807e+01
-4.445884088056541117e+01
-4.411563884298485050e+01
-4.377385628132461903e+01
-4.343346763814706435e+01
-4.309444766027500151e+01
-4.275677139700336227e+01
-4.242041419831092242e+01
-4.208535171307202205e+01
-4.175155988726829293e+01
-4.141901496220032897e+01
-4.108769347269943495e+01
-4.075757224533929701e+01
-4.042862839664773844e+01
-4.010083933131841150e+01
-3.977418274042247504e+01
-3.944863659962035740e+01
-3.912417916737344115e+01
-3.880078898315578328e+01
-3.847844486566580713e+01
-3.815712591103802964e+01
-3.783681149105478880e+01
-3.751748125135789991e+01
-3.719911510966042556e+01
-3.688169325395836040e+01
-3.656519614074231583e+01
-3.624960449320929712e+01
-3.593489929947433126e+01
-3.562106181078226541e+01
-3.530807353971940188e+01
-3.499591625842523968e+01
-3.468457199680420899e+01
-3.437402304073734882e+01
-3.406425193029400589e+01
-3.375524145794359043e+01
-3.344697466676725384e+01
-3.313943484866961597e+01
-3.283260554259045705e+01
-3.252647053271644495e+01
-3.222101384669284840e+01
-3.191621975383522880e+01
-3.161207276334116756e+01
-3.130855762250197216e+01
-3.100565931491437510e+01
-3.070336305869226834e+01
-3.040165430467840224e+01
-3.010051873465608452e+01
-2.979994225956091114e+01
-2.949991101769246171e+01
-2.920041137292601263e+01
-2.890142991292426089e+01
-2.860295344734901590e+01
-2.830496900607293043e+01
-2.800746383739118528e+01
-2.771042540623322736e+01
-2.741384139237446149e+01
-2.711769968864797065e+01
-2.682198839915621491e+01
-2.652669583748276594e+01
-2.623181052490398457e+01
-2.593732118860076596e+01
-2.564321675987022076e+01
-2.534948637233740953e+01
-2.505611936016703112e+01
-2.476310525627516057e+01
-2.447043379054092327e+01
-2.417809488801823647e+01
-2.388607866714752603e+01
-2.359437543796738979e+01
-2.330297570032636045e+01
-2.301187014209459392e+01
-2.272104963737557881e+01
-2.243050524471784257e+01
-2.214022820532667168e+01
-2.185020994127583549e+01
-2.156044205371927092e+01
-2.127091632110278852e+01
-2.098162469737582470e+01
-2.069255931020311223e+01
-2.040371245917640053e+01
-2.011507661402617586e+01
-1.982664441283337098e+01
-1.953840866024107115e+01
-1.925036232566621308e+01
-1.896249854151131942e+01
-1.867481060137619409e+01
-1.838729195826963547e+01
-1.809993622282115311e+01
-1.781273716149267372e+01
-1.752568869479024372e+01
-1.723878489547575299e+01
-1.695201998677864097e+01
-1.666538834060760266e+01
-1.637888447576231599e+01
-1.609250305614512300e+01
-1.580623888897276963e+01
-1.552008692298810111e+01
-1.523404224667177509e+01
-1.494810008645397303e+01
-1.466225580492610980e+01
-1.437650489905255213e+01
-1.409084299838231225e+01
-1.380526586326077876e+01
-1.351976938304141562e+01
-1.323434957429746817e+01
-1.294900257903368868e+01
-1.266372466289803889e+01
-1.237851221339339070e+01
-1.209336173808926240e+01
-1.180826986283349811e+01
-1.152323332996400573e+01
-1.123824899652045239e+01
-1.095331383245597578e+01
-1.066842491884890087e+01
-1.038357944611444772e+01
-1.009877471221644107e+01
-9.814008120879027075e+00
-9.529277179798368635e+00
-9.244579498854376354e+00
-8.959912788322407451e+00
-8.675274857084970037e+00
-8.390663610843455800e+00
-8.106077050329824729e+00
-7.821513269518333367e+00
-7.536970453837241735e+00
-7.252446878380522044e+00
-6.967940906119564737e+00
-6.683450986114902292e+00
-6.398975651727904612e+00
-6.114513518832501049e+00
-5.830063284026885562e+00
-5.545623722845231640e+00
-5.261193687969396571e+00
-4.976772107440638138e+00
-4.692357982871320665e+00
-4.407950387656630831e+00
-4.123548465186285483e+00
-3.839151427056239907e+00
-3.554758551280402745e+00
-3.270369180502345596e+00
-2.985982720207011276e+00
-2.701598636932428299e+00
-2.417216456481417808e+00
-2.132835762133306723e+00
-1.848456192855638891e+00
-1.564077441515882905e+00
-1.279699253093145916e+00
-9.953214228898817906e-01
-7.109437947436039185e-01
-4.265662592385943697e-01
-1.421887519176155135e-01
1.421887519176155135e-01
4.265662592385943697e-01
7.109437947436039185e-01
9.953214228898817906e-01
1.279699253093145916e+00
1.564077441515882905e+00
1.848456192855638891e+00
2.132835762133306723e+00
2.417216456481417808e+00
2.701598636932428299e+00
2.985982720207011276e+00
3.270369180502345596e+00
3.554758551280402745e+00
3.839151427056239907e+00
4.123548465186285483e+00
4.407950387656630831e+00
4.692357982871320665e+00
4.976772107440638138e+00
5.261193687969396571e+00
5.545623722845231640e+00
5.830063284026885562e+00
6.114513518832501049e+00
6.398975651727904612e+00
6.683450986114902292e+00
6.967940906119564737e+00
7.252446878380522044e+00
7.536970453837241735e+00
7.821513269518333367e+00
8.106077050329824729e+00
8.390663610843455800e+00
8.675274857084970037e+00
8.959912788322407451e+00
9.244579498854376354e+00
9.529277179798368635e+00
9.814008120879027075e+00
1.009877471221644107e+01
1.038357944611444772e+01
1.066842491884890087e+01
1.095331383245597578e+01
1.123824899652045239e+01
1.152323332996400573e+01
1.180826986283349811e+01
1.209336173808926240e+01
1.237851221339339070e+01
1.266372466289803889e+01
1.294900257903368868e+01
1.323434957429746817e+01
1.351976938304141562e+01
1.380526586326077876e+01
1.409084299838231225e+01
1.437650489905255213e+01
1.466225580492610980e+01
1.494810008645397303e+01
1.523404224667177509e+01
1.552008692298810111e+01
1.580623888897276963e+01
1.609250305614512300e+01
1.637888447576231599e+01
1.666538834060760266e+01
1.695201998677864097e+01
1.723878489547575299e+01
1.752568869479024372e+01
1.781273716149267372e+01
1.809993622282115311e+01
1.838729195826963547e+01
1.867481060137619409e+01
1.896249854151131942e+01
1.925036232566621308e+01
1.953840866024107115e+01
1.982664441283337098e+01
2.011507661402617586e+01
2.040371245917640053e+01
2.069255931020311223e+01
2.098162469737582470e+01
2.127091632110278852e+01
2.156044205371927092e+01
2.185020994127583549e+01
2.214022820532667168e+01
2.243050524471784257e+01
2.272104963737557881e+01
2.301187014209459392e+01
2.330297570032636045e+01
2.359437543796738979e+01
2.388607866714752603e+01
2.417809488801823647e+01
2.447043379054092327e+01
2.476310525627516057e+01
2.505611936016703112e+01
2.534948637233740953e+01
2.564321675987022076e+01
2.593732118860076596e+01
2.623181052490398457e+01
2.652669583748276594e+01
2.682198839915621491e+01
2.711769968864797065e+01
2.741384139237446149e+01
2.771042540623322736e+01
2.800746383739118528e+01
2.830496900607293043e+01
2.860295344734901590e+01
2.890142991292426089e+01
2.920041137292601263e+01
2.949991101769246171e+01
2.979994225956091114e+01
3.010051873465608452e+01
3.040165430467840224e+01
3.070336305869226834e+01
3.100565931491437510e+01
3.130855762250197216e+01
3.161207276334116756e+01
3.191621975383522880e+01
3.222101384669284840e+01
3.252647053271644495e+01
3.283260554259045705e+01
3.313943484866961597e+01
3.344697466676725384e+01
3.375524145794359043e+01
3.406425193029400589e+01
3.437402304073734882e+01
3.468457199680420899e+01
3.499591625842523968e+01
3.530807353971940188e+01
3.562106181078226541e+01
3.593489929947433126e+01
3.624960449320929712e+01
3.656519614074231583e+01
3.688169325395836040e+01
3.719911510966042556e+01
3.751748125135789991e+01
3.783681149105478880e+01
3.815712591103802964e+01
3.847844486566580713e+01
3.880078898315578328e+01
3.912417916737344115e+01
3.944863659962035740e+01
3.977418274042247504e+01
4.010083933131841150e+01
4.042862839664773844e+01
4.075757224533929701e+01
4.108769347269943495e+01
4.141901496220032897e+01
4.175155988726829293e+01
4.208535171307202205e+01
4.242041419831092242e+01
4.275677139700336227e+01
4.309444766027500151e+01
4.343346763814706435e+01
4.377385628132461903e+01
4.411563884298485050e+01
4.445884088056541117e+01
4.480348825755265807e+01
4.514960714526995389e+01
4.549722402466595383e+01
4.584636568810292090e+01
4.619705924114496298e+01
4.654933210434636948e+01
4.690321201503989101e+01
4.725872702912501921e+01
4.761590552285628064e+01
4.797477619463148812e+01
4.833536806678014131e+01
4.869771048735157137e+01
4.906183313190332740e+01
4.942776600528944897e+01
4.979553944344872463e+01
5.016518411519302134e+01
5.053673102399553585e+01
5.091021150977911702e+01
5.128565725070450299e+01
5.166310026495871455e+01
5.204257291254323547e+01
5.242410789706232777e+01
5.280773826751136824e+01
5.319349742006509274e+01
5.358141909986591855e+01
5.397153740281218148e+01
5.436388677734647956e+01
5.475850202624394569e+01
5.515541830840051318e+01
5.555467114062124523e+01
5.595629639940859335e+01
5.636033032275069132e+01
5.676680951190965629e+01
5.717577093320986847e+01
5.758725191982626512e+01
5.800129017357262740e+01
5.841792376668988140e+01
5.883719114363434244e+01
5.925913112286607998e+01
5.968378289863714770e+01
6.011118604277989164e+01
6.054138050649522995e+01
6.097440662214096108e+01
6.141030510502003636e+01
6.184911705516886116e+01
6.229088395914558873e+01
6.273564769181836454e+01
6.318345051815368407e+01
6.363433509500463003e+01
6.408834447289920888e+01
6.454552209782855243e+01
6.500591181303533972e+01
6.546955786080195594e+01
6.593650488423887168e+01
6.640679792907286583e+01
6.688048244543540477e+01
6.735760428965079427e+01
6.783820972602462973e+01
6.832234542863196225e+01
6.881005848310563522e+01
6.930139638842456407e+01
6.979640705870204442e+01
7.029513882497403188e+01
7.079764043698740750e+01
7.130396106498831443e+01
7.181415030151039502e+01
7.232825816316309897e+01
7.284633509242000571e+01
7.336843195940707574e+01
7.389460006369094458e+01
7.442489113606723095e+01
7.495935734034881648e+01
7.549805127515409708e+01
7.604102597569533373e+01
7.658833491556690376e+01
7.714003200853362330e+01
7.769617161031899855e+01
7.825680852039353397e+01
7.882199798376302624e+01
7.939179569275682979e+01
7.996625778881616498e+01
8.054544086428242622e+01
8.112940196418541916e+01
8.171819858803171144e+01
8.231188869159288402e+01
8.291053068869381093e+01
8.351418345300095325e+01
8.412290631981072409e+01
8.473675908783764044e+01
8.535580202100275926e+01
8.598009585022181511e+01
8.660970177519362778e+01
8.724468146618839626e+01
8.788509706583587899e+01
8.853101119091374471e+01
8.918248693413592321e+01
8.983958786594081403e+01
9.050237803627953781e+01
9.117092197640438656e+01
9.184528470065691863e+01
9.252553170825643747e+01
9.321172898508811500e+01
9.390394300549135664e+01
9.460224073404812373e+01
9.530668454140467816e+01
9.601734392348892300e+01
9.673425961065755985e+01
9.745743160291054608e+01
9.818685990024791010e+01
9.892254450266963772e+01
9.966448541017577156e+01
1.004125900093870882e+02
1.011665820188531342e+02
1.019260964404623309e+02
1.026907729521646075e+02
1.034602559079715007e+02
1.042341943379561258e+02
1.050122419482531768e+02
1.057940571210588985e+02
1.065793029146311426e+02
1.073676470632893540e+02
1.081587619774145139e+02
1.089523247434492390e+02
1.097480171238976396e+02
1.105455255573255045e+02
1.113445411583601157e+02
1.121447597176904338e+02
1.129458817020668846e+02
1.137476122543015435e+02
1.145496611932680509e+02
1.153517430139016255e+02
1.161535768871990513e+02
1.169548866602187047e+02
1.177554008560805556e+02
1.185548526739661099e+02
1.193529799891185093e+02
1.201495253528424314e+02
1.209442359925041472e+02
1.217368638115314923e+02
1.225271653894139092e+02
1.233149019817024055e+02
1.240998395200095956e+02
1.248817486120095879e+02
1.256604045414381545e+02
1.264355872680926041e+02
1.272070814278318949e+02
1.279746763325764789e+02
1.287381659703083585e+02
1.294973490050712712e+02
1.302520287769703486e+02
1.310020133021724575e+02
1.317471152729059440e+02
1.324871520574607757e+02
1.332219457001884564e+02
1.339513229215021397e+02
1.346751151178765156e+02
1.353931583618478385e+02
1.361052934020139844e+02
1.368113656630343655e+02
1.375112252456299871e+02
1.382047269265834473e+02
1.388917301587389375e+02
1.395720990710021567e+02
1.402457024683405109e+02
1.409124138317828283e+02
1.415721113184196156e+02
1.422246777614029440e+02
1.428700006699464495e+02
1.435079722293253610e+02
1.441384893008764720e+02
1.447614534219981692e+02
1.453767708061504038e+02
1.459843523428547201e+02
1.465841135976942837e+02
1.471759748123137115e+02
1.477598609044193267e+02
1.483357014677789891e+02
1.489034307722220944e+02
1.494629877636396884e+02
1.500143160639843813e+02
1.505573639712702629e+02
1.510920844595731580e+02
1.516184351790303708e+02
1.521363784558408270e+02
1.526458812922650168e+02
1.531469153666249667e+02
1.536394570333043532e+02
1.541234873227484172e+02
1.545989919414639360e+02
1.550659612720193081e+02
1.555243903730444401e+02
1.559742789792310020e+02
1.564156315013320011e+02
1.568484570261621514e+02
1.572727693165977598e+02
1.576885868115766982e+02
1.580959326260983744e+02
1.584948345512237893e+02
1.588853250540755937e+02
1.592674412778379178e+02
1.596412250417564849e+02
1.600067228411386964e+02
1.603639858473534332e+02
1.607130699078311977e+02
1.610540355460640285e+02
1.613869479616056424e+02
1.617118770300711788e+02
1.620288973031375122e+02
1.623380880085429965e+02
1.626395330500876071e+02
1.629333210076328839e+02
1.632195451371019601e+02
1.634983033704795048e+02
1.637696983158118371e+02
1.640338372572068408e+02
1.642908321548338790e+02
1.645407996449240500e+02
1.647838610397699028e+02
1.650201423277256367e+02
1.652497741732069869e+02
1.654728919166913386e+02
1.656896355747174994e+02
1.659001498398860974e+02
1.661045840808590981e+02
1.663030923423602019e+02
1.664958333451746455e+02
1.666829704861492019e+02
1.668646718381923222e+02
1.670411101502739371e+02
1.672124628474256269e+02
1.673789120307404517e+02
1.675406444773731209e+02
1.676978516405399944e+02
1.678507296495188541e+02
1.679994793096491890e+02
1.681443061023320240e+02
1.682854201850299205e+02
1.684230363912671180e+02
1.685573742306293070e+02
1.686886578887638848e+02
1.688171162273797563e+02
1.689429827842473628e+02
1.690664957731988807e+02
1.691878980841279372e+02
1.693074372829896959e+02
1.694253656118010269e+02
1.695419399886402800e+02
1.696574220076474830e+02
1.697720779390241432e+02
1.698861787290334178e+02
