-1.700000000000000000e+02
-1.698302205520006680e+02
-1.696601374374930629e+02
-1.694894515955682834e+02
-1.693178694920364933e+02
-1.691451031194268921e+02
-1.689708699969878580e+02
-1.687948931706868905e+02
-1.686169012132106388e+02
-1.684366282239647035e+02
-1.682538138290740051e+02
-1.680682031813824153e+02
-1.678795469604530126e+02
-1.676876013725679968e+02
-1.674921281507285471e+02
-1.672928945546551347e+02
-1.670896733707872102e+02
-1.668822429122834308e+02
-1.666703870190214900e+02
-1.664538950575982597e+02
-1.662325619213296477e+02
-1.660061880302507689e+02
-1.657745793311157740e+02
-1.655375472973979640e+02
-1.652949089292897042e+02
-1.650464867537025384e+02
-1.647921088242670749e+02
-1.645316087213330718e+02
-1.642648255519694658e+02
-1.639916039499640874e+02
-1.637117940758240877e+02
-1.634252516167756539e+02
-1.631318377867640663e+02
-1.628314193264538119e+02
-1.625238685032283854e+02
-1.622090631111904031e+02
-1.618868864711616880e+02
-1.615572274306830707e+02
-1.612199803640145035e+02
-1.608750451721351453e+02
-1.605223272827431629e+02
-1.601617376502558727e+02
-1.597931927558097414e+02
-1.594166146072602999e+02
-1.590319307391822292e+02
-1.586390742128692466e+02
-1.582379836163343612e+02
-1.578286030643094193e+02
-1.574108821982456448e+02
-1.569847761863132121e+02
-1.565502457234015026e+02
-1.561072570311189054e+02
-1.556557818577930163e+02
-1.551957974784705243e+02
-1.547272866949172681e+02
-1.542502378356180373e+02
-1.537646447557769420e+02
-1.532705068373170718e+02
-1.527678289888806660e+02
-1.522566216458290853e+02
-1.517369007702427552e+02
-1.512086878509213363e+02
-1.506720099033834401e+02
-1.501268994698669417e+02
-1.495733946193287522e+02
-1.490115389474448477e+02
-1.484413815766104392e+02
-1.478629771559397739e+02
-1.472763858612661920e+02
-1.466816733951421838e+02
-1.460789109868393325e+02
-1.454681753923483711e+02
-1.448495488943791258e+02
-1.442231193023605158e+02
-1.435889799524405532e+02
-1.429472297074864855e+02
-1.422979729570845109e+02
-1.416413196175400628e+02
-1.409773851318776394e+02
-1.403062904698408033e+02
-1.396281621278923240e+02
-1.389431321292140353e+02
-1.382513380237068645e+02
-1.375529228879908885e+02
-1.368480353254052773e+02
-1.361368294660083507e+02
-1.354194649665774932e+02
-1.346961070106092109e+02
-1.339669263083191595e+02
-1.332320990966420311e+02
-1.324918071392317245e+02
-1.317462377264611746e+02
-1.309955836754224663e+02
-1.302400433299268059e+02
-1.294798205605044927e+02
-1.287151247644049761e+02
-1.279461708655967271e+02
-1.271731793147674381e+02
-1.263963760893238373e+02
-1.256159926933918172e+02
-1.248322661578163491e+02
-1.240454390401615115e+02
-1.232557594247105328e+02
-1.224634809224657346e+02
-1.216688626711485597e+02
-1.208721693351995157e+02
-1.200736711057783168e+02
-1.192736437007636994e+02
-1.184723683647535637e+02
-1.176701318690648890e+02
-1.168672265117338043e+02
-1.160639501175155175e+02
-1.152606060378844148e+02
-1.144575031510338903e+02
-1.136549558618765161e+02
-1.128532841020439861e+02
-1.120528133298870870e+02
-1.112538745304757128e+02
-1.104568042155988792e+02
-1.096619444237647230e+02
-1.088696427202004742e+02
-1.080802521968524843e+02
-1.072941314723862405e+02
-1.065116446921862945e+02
-1.057331615283563622e+02
-1.049590571797192240e+02
-1.041897123718167961e+02
-1.034252646227196379e+02
-1.026656945184915202e+02
-1.019110368715763713e+02
-1.011612916819742338e+02
-1.004164589496850510e+02
-9.967653867470887974e+01
-9.894153085704571993e+01
-9.821143549669551476e+01
-9.748625259365830686e+01
-9.676598214793409625e+01
-9.605062415952285448e+01
-9.534017862842462421e+01
-9.463464555463937700e+01
-9.393399619325037975e+01
-9.323819027762615974e+01
-9.254719897614668866e+01
-9.186098770599271290e+01
-9.117952195862574172e+01
-9.050276730038370943e+01
-8.983068937307636759e+01
-8.916325389458093298e+01
-8.850042665943759346e+01
-8.784217353944509910e+01
-8.718846048425623962e+01
-8.653925352197340715e+01
-8.589451875974421569e+01
-8.525422238435693600e+01
-8.461833066283612936e+01
-8.398680994303816760e+01
-8.335962665424669638e+01
-8.273674730776839681e+01
-8.211813849752822136e+01
-8.150376690066524077e+01
-8.089359927812797935e+01
-8.028760247527010563e+01
-7.968574342244582454e+01
-7.908798913560559640e+01
-7.849430671689152916e+01
-7.790466335523304053e+01
-7.731902632694232125e+01
-7.673736299630992619e+01
-7.615964081620030868e+01
-7.558582732864734055e+01
-7.501589016544994593e+01
-7.444979704876752180e+01
-7.388751579171555761e+01
-7.332901429896119794e+01
-7.277426056731874837e+01
-7.222322268634518139e+01
-7.167586883893582694e+01
-7.113216730191973625e+01
-7.059208644665538657e+01
-7.005559473962608763e+01
-6.952266074303564380e+01
-6.899325311540384575e+01
-6.846734061216201894e+01
-6.794489208624855792e+01
-6.742587648870450323e+01
-6.691026286926904731e+01
-6.639802037697515402e+01
-6.588911826074500766e+01
-6.538352586998561833e+01
-6.488121265518435621e+01
-6.438214816850451427e+01
-6.388630206438079995e+01
-6.339364410011493334e+01
-6.290414413647119574e+01
-6.241777213827191417e+01
-6.193449817499308807e+01
-6.145429242135988090e+01
-6.097712515794216870e+01
-6.050296677175012405e+01
-6.003178775682971491e+01
-5.956355871485827436e+01
-5.909825035574004914e+01
-5.863583349820173396e+01
-5.817627907038803414e+01
-5.771955811045717866e+01
-5.726564176717650412e+01
-5.681450130051798908e+01
-5.636610808225377411e+01
-5.592043359655176005e+01
-5.547744944057107119e+01
-5.503712732505769623e+01
-5.459943907493998694e+01
-5.416435662992416411e+01
-5.373185204508995128e+01
-5.330189749148605216e+01
-5.287446525672574893e+01
-5.244952774558235831e+01
-5.202705748058490798e+01
-5.160702710261355008e+01
-5.118940937149520920e+01
-5.077417716659906688e+01
-5.036130348743213148e+01
-4.995076145423478664e+01
-4.954252430857631850e+01
-4.913656541395049970e+01
-4.873285825637107394e+01
-4.833137644496736129e+01
-4.793209371257978546e+01
-4.753498391635536535e+01
-4.714002103834337731e+01
-4.674717918609077572e+01
-4.635643259323784093e+01
-4.596775562011364258e+01
-4.558112275433163774e+01
-4.519650861138520526e+01
-4.481388793524320135e+01
-4.443323559894543706e+01
-4.405452660519835462e+01
-4.367773608697044097e+01
-4.330283930808784731e+01
-4.292981166382994473e+01
-4.255862868152477319e+01
-4.218926602114473212e+01
-4.182169947590200820e+01
-4.145590497284417353e+01
-4.109185857344972703e+01
-4.072953647422363588e+01
-4.036891500729286264e+01
-4.000997064100195644e+01
-3.965267998050853748e+01
-3.929701976837890953e+01
-3.894296688518355154e+01
-3.859049835009268037e+01
-3.823959132147182771e+01
-3.789022309747732464e+01
-3.754237111665191406e+01
-3.719601295852024236e+01
-3.685112634418442212e+01
-3.650768913691960194e+01
-3.616567934276947938e+01
-3.582507511114186372e+01
-3.548585473540422441e+01
-3.514799665347921120e+01
-3.481147944844023812e+01
-3.447628184910700355e+01
-3.414238273064103879e+01
-3.380976111514127069e+01
-3.347839617223953468e+01
-3.314826721969615164e+01
-3.281935372399546935e+01
-3.249163530094139674e+01
-3.216509171625293817e+01
-3.183970288615977395e+01
-3.151544887799778394e+01
-3.119230991080458892e+01
-3.087026635591510981e+01
-3.054929873755710545e+01
-3.022938773344672825e+01
-2.991051417538405488e+01
-2.959265904984863838e+01
-2.927580349859506015e+01
-2.895992881924847140e+01
-2.864501646590012385e+01
-2.833104804970295376e+01
-2.801800533946708072e+01
-2.770587026225539518e+01
-2.739462490397906791e+01
-2.708425150999312692e+01
-2.677473248569198461e+01
-2.646605039710499341e+01
-2.615818797149197295e+01
-2.585112809793879052e+01
-2.554485382795286341e+01
-2.523934837605874648e+01
-2.493459512039364157e+01
-2.463057760330298152e+01
-2.432727953193592896e+01
-2.402468477884096032e+01
-2.372277738256141433e+01
-2.342154154823099432e+01
-2.312096164816935939e+01
-2.282102222247765155e+01
-2.252170797963403359e+01
-2.222300379708926243e+01
-2.192489472186219857e+01
-2.162736597113537584e+01
-2.133040293285054645e+01
-2.103399116630421517e+01
-2.073811640274319856e+01
-2.044276454596014503e+01
-2.014792167288912950e+01
-1.985357403420114508e+01
-1.955970805489968356e+01
-1.926631033491625900e+01
-1.897336764970597756e+01
-1.868086695084306470e+01
-1.838879536661642078e+01
-1.809714020262515533e+01
-1.780588894237414266e+01
-1.751502924786957394e+01
-1.722454896021448079e+01
-1.693443610020430512e+01
-1.664467886892242632e+01
-1.635526564833572394e+01
-1.606618500189010490e+01
-1.577742567510606619e+01
-1.548897659617423095e+01
-1.520082687655089160e+01
-1.491296581155356904e+01
-1.462538288095654337e+01
-1.433806774958641128e+01
-1.405101026791762386e+01
-1.376420047266803692e+01
-1.347762858739445413e+01
-1.319128502308817197e+01
-1.290516037877053002e+01
-1.261924544208844878e+01
-1.233353118990999242e+01
-1.204800878891989235e+01
-1.176266959621510644e+01
-1.147750515990035858e+01
-1.119250721968369433e+01
-1.090766770747201519e+01
-1.062297874796663244e+01
-1.033843265925880495e+01
-1.005402195342529659e+01
-9.769739337123906964e+00
-9.485577712189028787e+00
-9.201530176227194602e+00
-8.917590023212611072e+00
-8.633750744082714590e+00
-8.350006027333714442e+00
-8.066349759616139536e+00
-7.782776026330379793e+00
-7.499279112222238197e+00
-7.215853501978472195e+00
-6.932493880822337751e+00
-6.649195135109144950e+00
-6.365952352921790514e+00
-6.082760824666312516e+00
-5.799616043667434440e+00
-5.516513706764108349e+00
-5.233449714905062500e+00
-4.950420173744347174e+00
-4.667421394236882293e+00
-4.384449893233997031e+00
-4.101502394078984537e+00
-3.818575827202638440e+00
-3.535667330718806234e+00
-3.252774251019930229e+00
-2.969894143372595163e+00
-2.687024772513074033e+00
-2.404164113242873491e+00
-2.121310351024279228e+00
-1.838461882575902706e+00
-1.555617316468226541e+00
-1.272775473719149453e+00
-9.899353883895332107e-01
-7.070963081787481341e-01
-4.242576950202181507e-01
-1.414192256769670197e-01
1.414192256769670197e-01
4.242576950202181507e-01
7.070963081787481341e-01
9.899353883895332107e-01
1.272775473719149453e+00
1.555617316468226541e+00
1.838461882575902706e+00
2.121310351024279228e+00
2.404164113242873491e+00
2.687024772513074033e+00
2.969894143372595163e+00
3.252774251019930229e+00
3.535667330718806234e+00
3.818575827202638440e+00
4.101502394078984537e+00
4.384449893233997031e+00
4.667421394236882293e+00
4.950420173744347174e+00
5.233449714905062500e+00
5.516513706764108349e+00
5.799616043667434440e+00
6.082760824666312516e+00
6.365952352921790514e+00
6.649195135109144950e+00
6.932493880822337751e+00
7.215853501978472195e+00
7.499279112222238197e+00
7.782776026330379793e+00
8.066349759616139536e+00
8.350006027333714442e+00
8.633750744082714590e+00
8.917590023212611072e+00
9.201530176227194602e+00
9.485577712189028787e+00
9.769739337123906964e+00
1.005402195342529659e+01
1.033843265925880495e+01
1.062297874796663244e+01
1.090766770747201519e+01
1.119250721968369433e+01
1.147750515990035858e+01
1.176266959621510644e+01
1.204800878891989235e+01
1.233353118990999242e+01
1.261924544208844878e+01
1.290516037877053002e+01
1.319128502308817197e+01
1.347762858739445413e+01
1.376420047266803692e+01
1.405101026791762386e+01
1.433806774958641128e+01
1.462538288095654337e+01
1.491296581155356904e+01
1.520082687655089160e+01
1.548897659617423095e+01
1.577742567510606619e+01
1.606618500189010490e+01
1.635526564833572394e+01
1.664467886892242632e+01
1.693443610020430512e+01
1.722454896021448079e+01
1.751502924786957394e+01
1.780588894237414266e+01
1.809714020262515533e+01
1.838879536661642078e+01
1.868086695084306470e+01
1.897336764970597756e+01
1.926631033491625900e+01
1.955970805489968356e+01
1.985357403420114508e+01
2.014792167288912950e+01
2.044276454596014503e+01
2.073811640274319856e+01
2.103399116630421517e+01
2.133040293285054645e+01
2.162736597113537584e+01
2.192489472186219857e+01
2.222300379708926243e+01
2.252170797963403359e+01
2.282102222247765155e+01
2.312096164816935939e+01
2.342154154823099432e+01
2.372277738256141433e+01
2.402468477884096032e+01
2.432727953193592896e+01
2.463057760330298152e+01
2.493459512039364157e+01
2.523934837605874648e+01
2.554485382795286341e+01
2.585112809793879052e+01
2.615818797149197295e+01
2.646605039710499341e+01
2.677473248569198461e+01
2.708425150999312692e+01
2.739462490397906791e+01
2.770587026225539518e+01
2.801800533946708072e+01
2.833104804970295376e+01
2.864501646590012385e+01
2.895992881924847140e+01
2.927580349859506015e+01
2.959265904984863838e+01
2.991051417538405488e+01
3.022938773344672825e+01
3.054929873755710545e+01
3.087026635591510981e+01
3.119230991080458892e+01
3.151544887799778394e+01
3.183970288615977395e+01
3.216509171625293817e+01
3.249163530094139674e+01
3.281935372399546935e+01
3.314826721969615164e+01
3.347839617223953468e+01
3.380976111514127069e+01
3.414238273064103879e+01
3.447628184910700355e+01
3.481147944844023812e+01
3.514799665347921120e+01
3.548585473540422441e+01
3.582507511114186372e+01
3.616567934276947938e+01
3.650768913691960194e+01
3.685112634418442212e+01
3.719601295852024236e+01
3.754237111665191406e+01
3.789022309747732464e+01
3.823959132147182771e+01
3.859049835009268037e+01
3.894296688518355154e+01
3.929701976837890953e+01
3.965267998050853748e+01
4.000997064100195644e+01
4.036891500729286264e+01
4.072953647422363588e+01
4.109185857344972703e+01
4.145590497284417353e+01
4.182169947590200820e+01
4.218926602114473212e+01
4.255862868152477319e+01
4.292981166382994473e+01
4.330283930808784731e+01
4.367773608697044097e+01
4.405452660519835462e+01
4.443323559894543706e+01
4.481388793524320135e+01
4.519650861138520526e+01
4.558112275433163774e+01
4.596775562011364258e+01
4.635643259323784093e+01
4.674717918609077572e+01
4.714002103834337731e+01
4.753498391635536535e+01
4.793209371257978546e+01
4.833137644496736129e+01
4.873285825637107394e+01
4.913656541395049970e+01
4.954252430857631850e+01
4.995076145423478664e+01
5.036130348743213148e+01
5.077417716659906688e+01
5.118940937149520920e+01
5.160702710261355008e+01
5.202705748058490798e+01
5.244952774558235831e+01
5.287446525672574893e+01
5.330189749148605216e+01
5.373185204508995128e+01
5.416435662992416411e+01
5.459943907493998694e+01
5.503712732505769623e+01
5.547744944057107119e+01
5.592043359655176005e+01
5.636610808225377411e+01
5.681450130051798908e+01
5.726564176717650412e+01
5.771955811045717866e+01
5.817627907038803414e+01
5.863583349820173396e+01
5.909825035574004914e+01
5.956355871485827436e+01
6.003178775682971491e+01
6.050296677175012405e+01
6.097712515794216870e+01
6.145429242135988090e+01
6.193449817499308807e+01
6.241777213827191417e+01
6.290414413647119574e+01
6.339364410011493334e+01
6.388630206438079995e+01
6.438214816850451427e+01
6.488121265518435621e+01
6.538352586998561833e+01
6.588911826074500766e+01
6.639802037697515402e+01
6.691026286926904731e+01
6.742587648870450323e+01
6.794489208624855792e+01
6.846734061216201894e+01
6.899325311540384575e+01
6.952266074303564380e+01
7.005559473962608763e+01
7.059208644665538657e+01
7.113216730191973625e+01
7.167586883893582694e+01
7.222322268634518139e+01
7.277426056731874837e+01
7.332901429896119794e+01
7.388751579171555761e+01
7.444979704876752180e+01
7.501589016544994593e+01
7.558582732864734055e+01
7.615964081620030868e+01
7.673736299630992619e+01
7.731902632694232125e+01
7.790466335523304053e+01
7.849430671689152916e+01
7.908798913560559640e+01
7.968574342244582454e+01
8.028760247527010563e+01
8.089359927812797935e+01
8.150376690066524077e+01
8.211813849752822136e+01
8.273674730776839681e+01
8.335962665424669638e+01
8.398680994303816760e+01
8.461833066283612936e+01
8.525422238435693600e+01
8.589451875974421569e+01
8.653925352197340715e+01
8.718846048425623962e+01
8.784217353944509910e+01
8.850042665943759346e+01
8.916325389458093298e+01
8.983068937307636759e+01
9.050276730038370943e+01
9.117952195862574172e+01
9.186098770599271290e+01
9.254719897614668866e+01
9.323819027762615974e+01
9.393399619325037975e+01
9.463464555463937700e+01
9.534017862842462421e+01
9.605062415952285448e+01
9.676598214793409625e+01
9.748625259365830686e+01
9.821143549669551476e+01
9.894153085704571993e+01
9.967653867470887974e+01
1.004164589496850510e+02
1.011612916819742338e+02
1.019110368715763713e+02
1.026656945184915202e+02
1.034252646227196379e+02
1.041897123718167961e+02
1.049590571797192240e+02
1.057331615283563622e+02
1.065116446921862945e+02
1.072941314723862405e+02
1.080802521968524843e+02
1.088696427202004742e+02
1.096619444237647230e+02
1.104568042155988792e+02
1.112538745304757128e+02
1.120528133298870870e+02
1.128532841020439861e+02
1.136549558618765161e+02
1.144575031510338903e+02
1.152606060378844148e+02
1.160639501175155175e+02
1.168672265117338043e+02
1.176701318690648890e+02
1.184723683647535637e+02
1.192736437007636994e+02
1.200736711057783168e+02
1.208721693351995157e+02
1.216688626711485597e+02
1.224634809224657346e+02
1.232557594247105328e+02
1.240454390401615115e+02
1.248322661578163491e+02
1.256159926933918172e+02
1.263963760893238373e+02
1.271731793147674381e+02
1.279461708655967271e+02
1.287151247644049761e+02
1.294798205605044927e+02
1.302400433299268059e+02
1.309955836754224663e+02
1.317462377264611746e+02
1.324918071392317245e+02
1.332320990966420311e+02
1.339669263083191595e+02
1.346961070106092109e+02
1.354194649665774932e+02
1.361368294660083507e+02
1.368480353254052773e+02
1.375529228879908885e+02
1.382513380237068645e+02
1.389431321292140353e+02
1.396281621278923240e+02
1.403062904698408033e+02
1.409773851318776394e+02
1.416413196175400628e+02
1.422979729570845109e+02
1.429472297074864855e+02
1.435889799524405532e+02
1.442231193023605158e+02
1.448495488943791258e+02
1.454681753923483711e+02
1.460789109868393325e+02
1.466816733951421838e+02
1.472763858612661920e+02
1.478629771559397739e+02
1.484413815766104392e+02
1.490115389474448477e+02
1.495733946193287522e+02
1.501268994698669417e+02
1.506720099033834401e+02
1.512086878509213363e+02
1.517369007702427552e+02
1.522566216458290853e+02
1.527678289888806660e+02
1.532705068373170718e+02
1.537646447557769420e+02
1.542502378356180373e+02
1.547272866949172681e+02
1.551957974784705243e+02
1.556557818577930163e+02
1.561072570311189054e+02
1.565502457234015026e+02
1.569847761863132121e+02
1.574108821982456448e+02
1.578286030643094193e+02
1.582379836163343612e+02
1.586390742128692466e+02
1.590319307391822292e+02
1.594166146072602999e+02
1.597931927558097414e+02
1.601617376502558727e+02
1.605223272827431629e+02
1.608750451721351453e+02
1.612199803640145035e+02
1.615572274306830707e+02
1.618868864711616880e+02
1.622090631111904031e+02
1.625238685032283854e+02
1.628314193264538119e+02
1.631318377867640663e+02
1.634252516167756539e+02
1.637117940758240877e+02
1.639916039499640874e+02
1.642648255519694658e+02
1.645316087213330718e+02
1.647921088242670749e+02
1.650464867537025384e+02
1.652949089292897042e+02
1.655375472973979640e+02
1.657745793311157740e+02
1.660061880302507689e+02
1.662325619213296477e+02
1.664538950575982597e+02
1.666703870190214900e+02
1.668822429122834308e+02
1.670896733707872102e+02
1.672928945546551347e+02
1.674921281507285471e+02
1.676876013725679968e+02
1.678795469604530126e+02
1.680682031813824153e+02
1.682538138290740051e+02
1.684366282239647035e+02
1.686169012132106388e+02
1.687948931706868905e+02
1.689708699969878580e+02
1.691451031194268921e+02
1.693178694920364933e+02
1.694894515955682834e+02
1.696601374374930629e+02
1.698302205520006680e+02
