-8.65000000e+01	5.00000000e-01	1.77777779e+00	8.88888896e-01	5.62500000e-01	-1.82890867e-03
-8.60395588e+01	5.00000000e-01	1.77777779e+00	8.88888896e-01	5.62500000e-01	-1.82890867e-03
-8.55791178e+01	5.00000000e-01	1.77777779e+00	8.88888896e-01	5.62500000e-01	-1.82890867e-03
-8.51186772e+01	5.00000000e-01	1.77777779e+00	8.88888896e-01	5.62500000e-01	-1.82890867e-03
-8.46582368e+01	5.00000000e-01	1.77777779e+00	8.88888896e-01	5.62500000e-01	-1.82890867e-03
-8.41977969e+01	5.00000000e-01	1.77777779e+00	8.88888896e-01	5.62500000e-01	-1.82890867e-03
-8.37373573e+01	5.00000000e-01	1.77777779e+00	8.88888896e-01	5.62500000e-01	-1.82890867e-03
-8.32769182e+01	5.00000000e-01	1.77777779e+00	8.88888896e-01	5.62500000e-01	-1.82890867e-03
-8.28164796e+01	5.00000000e-01	1.77777779e+00	8.88888896e-01	5.62500000e-01	-1.82890867e-03
-8.23560414e+01	5.00000000e-01	1.77777779e+00	8.88888896e-01	5.62500000e-01	-1.82890867e-03
-8.18956039e+01	5.00000000e-01	1.77777779e+00	8.88888896e-01	5.62500000e-01	-1.82890867e-03
-8.14351669e+01	5.00000000e-01	1.77777779e+00	8.88888896e-01	5.62500000e-01	-1.82890867e-03
-8.09747307e+01	5.00000000e-01	1.77777779e+00	8.88888896e-01	5.62500000e-01	-1.82890867e-03
-8.05142951e+01	5.00000000e-01	1.77777779e+00	8.88888896e-01	5.62500000e-01	-1.82890867e-03
-8.00538604e+01	5.00000000e-01	1.77777779e+00	8.88888896e-01	5.62500000e-01	-1.82890867e-03
-7.95934266e+01	5.00000000e-01	1.77777779e+00	8.88888896e-01	5.62500000e-01	-1.82890867e-03
-7.91329937e+01	5.00000000e-01	1.77777779e+00	8.88888896e-01	5.62500000e-01	-1.82890867e-03
-7.86725619e+01	5.00000000e-01	1.77777779e+00	8.88888896e-01	5.62500000e-01	-1.82890867e-03
-7.82121312e+01	5.00000000e-01	1.77777779e+00	8.88888896e-01	5.62500000e-01	-1.82890867e-03
-7.77517018e+01	5.00000000e-01	1.77777779e+00	8.88888896e-01	5.62500000e-01	-1.82890867e-03
-7.72912738e+01	5.00000000e-01	1.77777779e+00	8.88888896e-01	5.62500000e-01	-1.82890867e-03
-7.68308472e+01	5.00000000e-01	1.77777779e+00	8.88888896e-01	5.62500000e-01	-1.82890867e-03
-7.63704223e+01	5.00000000e-01	1.77777779e+00	8.88888896e-01	5.62500000e-01	-1.82890867e-03
-7.59099992e+01	5.00000000e-01	1.77777779e+00	8.88888896e-01	5.62500000e-01	-1.82890867e-03
-7.54495780e+01	5.00000000e-01	1.77777779e+00	8.88888896e-01	5.62500000e-01	-1.82890867e-03
-7.49891590e+01	5.00000000e-01	1.77777779e+00	8.88888896e-01	5.62500000e-01	-1.82890867e-03
-7.45287423e+01	5.00000000e-01	1.77777779e+00	8.88888896e-01	5.62500000e-01	-1.82890867e-03
-7.40683282e+01	5.00000000e-01	1.77777779e+00	8.88888896e-01	5.62500000e-01	-1.82890867e-03
-7.36079169e+01	5.00000000e-01	1.77777779e+00	8.88888896e-01	5.62500000e-01	-1.82890867e-03
-7.31475085e+01	5.00000000e-01	1.77777779e+00	8.88888896e-01	5.62500000e-01	-1.82890867e-03
-7.26871036e+01	5.00000000e-01	1.77777779e+00	8.88888896e-01	5.62500000e-01	-1.82890867e-03
-7.22267022e+01	5.00000000e-01	1.77777779e+00	8.88888896e-01	5.62500000e-01	-1.82890867e-03
-7.17663048e+01	5.00000000e-01	1.77777779e+00	8.88888896e-01	5.62500000e-01	-1.82890867e-03
-7.13059118e+01	5.00000000e-01	1.77777779e+00	8.88888896e-01	5.62500000e-01	-1.82890867e-03
-7.08455235e+01	5.00000000e-01	1.77777779e+00	8.88888896e-01	5.62500000e-01	-1.82890867e-03
-7.03851404e+01	5.00000000e-01	1.77777779e+00	8.88888896e-01	5.62500000e-01	-1.82890867e-03
-6.99247629e+01	5.00000000e-01	1.77777779e+00	8.88888896e-01	5.62500000e-01	-1.82890867e-03
-6.94643916e+01	5.00000000e-01	1.77777779e+00	8.88888896e-01	5.62500000e-01	-1.82890867e-03
-6.90040270e+01	5.00000000e-01	1.77777779e+00	8.88888896e-01	5.62500000e-01	-1.82890867e-03
-6.85436698e+01	5.00000000e-01	1.77777779e+00	8.88888896e-01	5.62500000e-01	-1.82890867e-03
-6.80833207e+01	5.00000000e-01	1.77777779e+00	8.88888896e-01	5.62500000e-01	-1.82890867e-03
-6.76229804e+01	5.00000000e-01	1.77777779e+00	8.88888896e-01	5.62500000e-01	-1.82890867e-03
-6.71626496e+01	5.00000000e-01	1.77777779e+00	8.88888896e-01	5.62500000e-01	-1.82890867e-03
-6.67023294e+01	5.00000000e-01	1.77777779e+00	8.88888896e-01	5.62500000e-01	-1.82890867e-03
-6.62420206e+01	5.00000000e-01	1.77777779e+00	8.88888896e-01	5.62500000e-01	-1.82890867e-03
-6.57817244e+01	5.00000000e-01	1.77777779e+00	8.88888896e-01	5.62500000e-01	-1.82890867e-03
-6.53214418e+01	5.00000000e-01	1.77777779e+00	8.88888896e-01	5.62500000e-01	-1.82890867e-03
-6.48611742e+01	5.00000000e-01	1.77777779e+00	8.88888896e-01	5.62500000e-01	-1.82890867e-03
-6.44009229e+01	5.00000000e-01	1.77777779e+00	8.88888896e-01	5.62500000e-01	-1.82890867e-03
-6.39406895e+01	5.00000000e-01	1.77777779e+00	8.88888896e-01	5.62500000e-01	-1.82890867e-03
-6.34804755e+01	5.00000000e-01	1.77777779e+00	8.88888896e-01	5.62500000e-01	-1.82890867e-03
-6.30202828e+01	5.00000000e-01	1.77777779e+00	8.88888896e-01	5.62500000e-01	-1.82890867e-03
-6.25601134e+01	5.00000000e-01	1.77777779e+00	8.88888896e-01	5.62500000e-01	-1.82890867e-03
-6.20999693e+01	5.00000000e-01	1.77777779e+00	8.88888896e-01	5.62500000e-01	-1.82890867e-03
-6.16398529e+01	5.00000000e-01	1.77777779e+00	8.88888896e-01	5.62500000e-01	-1.82890867e-03
-6.11797668e+01	5.00000000e-01	1.77777779e+00	8.88888896e-01	5.62500000e-01	-1.82890867e-03
-6.07197138e+01	5.00000000e-01	1.77777779e+00	8.88888896e-01	5.62500000e-01	-1.82890867e-03
-6.02596969e+01	5.00000000e-01	1.77777779e+00	8.88888896e-01	5.62500000e-01	-1.82890867e-03
-5.97997195e+01	5.00000000e-01	1.77777779e+00	8.88888896e-01	5.62500000e-01	-1.82890867e-03
-5.93397851e+01	5.00000000e-01	1.77777779e+00	8.88888896e-01	5.62500000e-01	-1.82890867e-03
-5.88798977e+01	5.00000000e-01	1.77777779e+00	8.88888896e-01	5.62500000e-01	-1.82890867e-03
-5.84200617e+01	5.00000000e-01	1.77777779e+00	8.88888896e-01	5.62500000e-01	-1.82890867e-03
-5.79602817e+01	5.00000000e-01	1.77777779e+00	8.88888896e-01	5.62500000e-01	-1.82890867e-03
-5.75005630e+01	5.00000000e-01	1.77777779e+00	8.88888896e-01	5.62500000e-01	-1.82890867e-03
-5.70409110e+01	5.00000000e-01	1.77777779e+00	8.88888896e-01	5.62500000e-01	-1.82890867e-03
-5.65813320e+01	5.00000000e-01	1.77777779e+00	8.88888896e-01	5.62500000e-01	-1.82890867e-03
-5.61218326e+01	5.00000000e-01	1.77777779e+00	8.88888896e-01	5.62500000e-01	-1.82890867e-03
-5.56624202e+01	5.00000000e-01	1.77777779e+00	8.88888896e-01	5.62500000e-01	-1.82890867e-03
-5.52031026e+01	5.00000000e-01	1.77777779e+00	8.88888896e-01	5.62500000e-01	-1.82890867e-03
-5.47438884e+01	5.00000000e-01	1.77777779e+00	8.88888896e-01	5.62500000e-01	-1.82890867e-03
-5.42847873e+01	5.00000000e-01	1.77777779e+00	8.88888896e-01	5.62500000e-01	-1.82890867e-03
-5.38258093e+01	5.00000000e-01	1.77777779e+00	8.88888896e-01	5.62500000e-01	-1.82890867e-03
-5.33669658e+01	5.00000000e-01	1.77777779e+00	8.88888896e-01	5.62500000e-01	-1.82890867e-03
-5.29082688e+01	5.00000000e-01	1.77777779e+00	8.88888896e-01	5.62500000e-01	-1.82890867e-03
-5.24497318e+01	5.00000000e-01	1.77777779e+00	8.88888896e-01	5.62500000e-01	-1.82890867e-03
-5.19913691e+01	5.00000000e-01	1.77777779e+00	8.88888896e-01	5.62500000e-01	-1.82890867e-03
-5.15331964e+01	5.00000000e-01	1.77777779e+00	8.88888896e-01	5.62500000e-01	-1.82890867e-03
-5.10752309e+01	5.00000000e-01	1.77777779e+00	8.88888896e-01	5.62500000e-01	-1.82890867e-03
-5.06174912e+01	5.00000000e-01	1.77777779e+00	8.88888896e-01	5.62500000e-01	-1.82890867e-03
-5.01599975e+01	5.00000000e-01	1.77777779e+00	8.88888896e-01	5.62500000e-01	-1.82890867e-03
-4.97027716e+01	5.00000000e-01	1.77777779e+00	8.88888896e-01	5.62500000e-01	-1.82890867e-03
-4.92458375e+01	5.00000000e-01	1.77777779e+00	8.88888896e-01	5.62500000e-01	-1.82890867e-03
-4.87892210e+01	5.00000000e-01	1.77777779e+00	8.88888896e-01	5.62500000e-01	-1.82890867e-03
-4.83329501e+01	5.00000000e-01	1.77777779e+00	8.88888896e-01	5.62500000e-01	-1.82890867e-03
-4.78770551e+01	5.00000000e-01	1.77777779e+00	8.88888896e-01	5.62500000e-01	-1.82890867e-03
-4.74215689e+01	5.00000000e-01	1.77777779e+00	8.88888896e-01	5.62500000e-01	-1.82890867e-03
-4.69665272e+01	5.00000000e-01	1.77777779e+00	8.88888896e-01	5.62500000e-01	-1.82890867e-03
-4.65119683e+01	5.00000000e-01	1.77777779e+00	8.88888896e-01	5.62500000e-01	-1.82890867e-03
-4.60579337e+01	5.00000000e-01	1.77777779e+00	8.88888896e-01	5.62500000e-01	-1.82890867e-03
-4.56044681e+01	5.00000000e-01	1.77777779e+00	8.88888896e-01	5.62500000e-01	-1.82890867e-03
-4.51516199e+01	5.00000000e-01	1.77777779e+00	8.88888896e-01	5.62500000e-01	-1.82890867e-03
-4.46994407e+01	5.00000000e-01	1.77777779e+00	8.88888896e-01	5.62500000e-01	-1.82890867e-03
-4.42479865e+01	5.00000000e-01	1.77777779e+00	8.88888896e-01	5.62500000e-01	-1.82890867e-03
-4.37973169e+01	5.00000000e-01	1.77777779e+00	8.88888896e-01	5.62500000e-01	-1.82890867e-03
-4.33474961e+01	5.00000000e-01	1.77777779e+00	8.88888896e-01	5.62500000e-01	-1.82890867e-03
-4.28985924e+01	5.00000000e-01	1.77777779e+00	8.88888896e-01	5.62500000e-01	-1.82890867e-03
-4.24506789e+01	5.00000000e-01	1.77777779e+00	8.88888896e-01	5.62500000e-01	-1.82890867e-03
-4.20038334e+01	5.00000000e-01	1.77777779e+00	8.88888896e-01	5.62500000e-01	-1.82890867e-03
-4.15581385e+01	5.00000000e-01	1.77777779e+00	8.88888896e-01	5.62500000e-01	-1.82890867e-03
-4.11136818e+01	5.00000000e-01	1.77777779e+00	8.88888896e-01	5.62500000e-01	-1.82890867e-03
-4.06705558e+01	5.00000000e-01	1.77777779e+00	8.88888896e-01	5.62500000e-01	-1.82890867e-03
-4.02288580e+01	5.00000000e-01	1.77777779e+00	8.88888896e-01	5.62500000e-01	-1.82890867e-03
-3.97886908e+01	5.00000000e-01	1.77777779e+00	8.88888896e-01	5.62500000e-01	-1.82890867e-03
-3.93501614e+01	5.00000000e-01	1.77777779e+00	8.88888896e-01	5.62500000e-01	-1.82890867e-03
-3.89133814e+01	5.00000000e-01	1.77777779e+00	8.88888896e-01	5.62500000e-01	-1.82890867e-03
-3.84784668e+01	5.00000000e-01	1.77777779e+00	8.88888896e-01	5.62500000e-01	-1.82890867e-03
-3.80455374e+01	5.00000000e-01	1.77777779e+00	8.88888896e-01	5.62500000e-01	-1.82890867e-03
-3.76147167e+01	5.00000000e-01	1.77777779e+00	8.88888896e-01	5.62500000e-01	-1.82890867e-03
-3.71861306e+01	5.00000000e-01	1.77777779e+00	8.88888896e-01	5.62500000e-01	-1.82890867e-03
-3.67599073e+01	5.00000000e-01	1.77777779e+00	8.88888896e-01	5.62500000e-01	-1.82890867e-03
-3.63361763e+01	5.00000000e-01	1.77777779e+00	8.88888896e-01	5.62500000e-01	-1.82890867e-03
-3.59150676e+01	5.00000000e-01	1.77777779e+00	8.88888896e-01	5.62500000e-01	-1.82890867e-03
-3.54967105e+01	5.00000000e-01	1.77777779e+00	8.88888896e-01	5.62500000e-01	-1.82890867e-03
-3.50812323e+01	5.00000000e-01	1.77777779e+00	8.88888896e-01	5.62500000e-01	-1.82890867e-03
-3.46687577e+01	5.00000000e-01	1.77777779e+00	8.88888896e-01	5.62500000e-01	-1.82890867e-03
-3.42594070e+01	5.00000000e-01	1.77777779e+00	8.88888896e-01	5.62500000e-01	-1.82890867e-03
-3.38532950e+01	5.00000000e-01	1.77777779e+00	8.88888896e-01	5.62500000e-01	-1.82890867e-03
-3.34505293e+01	5.00000000e-01	1.77777779e+00	8.88888896e-01	5.62500000e-01	-1.82890867e-03
-3.30512098e+01	5.00000000e-01	1.77777779e+00	8.88888896e-01	5.62500000e-01	-1.82890866e-03
-3.26554264e+01	5.00000000e-01	1.77777779e+00	8.88888896e-01	5.62500000e-01	-1.82890866e-03
-3.22632584e+01	5.00000000e-01	1.77777779e+00	8.88888890e-01	5.62500000e-01	-1.82890866e-03
-3.18747734e+01	5.00000000e-01	1.77777779e+00	8.88888889e-01	5.62500000e-01	-1.82890867e-03
-3.14900258e+01	5.00000000e-01	1.77777779e+00	8.88888896e-01	5.62500000e-01	-1.82890867e-03
-3.11090566e+01	5.00000000e-01	1.77777779e+00	8.88888896e-01	5.62500000e-01	-1.82890867e-03
-3.07318923e+01	5.00000000e-01	1.77777779e+00	8.88888896e-01	5.62500000e-01	-1.82890866e-03
-3.03585450e+01	5.00000000e-01	1.77777779e+00	8.88888896e-01	5.62500000e-01	-1.82890866e-03
-2.99890116e+01	5.00000000e-01	1.77777779e+00	8.88888896e-01	5.62500000e-01	-1.82890866e-03
-2.96232742e+01	5.00000000e-01	1.77777779e+00	8.88888896e-01	5.62500000e-01	-1.82890867e-03
-2.92613006e+01	5.00000000e-01	1.77777779e+00	8.88888896e-01	5.62500000e-01	-1.82890867e-03
-2.89030442e+01	5.00000000e-01	1.77777779e+00	8.88888896e-01	5.62500000e-01	-1.82890866e-03
-2.85484452e+01	5.00000000e-01	1.77777779e+00	8.88888896e-01	5.62500000e-01	-1.82890867e-03
-2.81974313e+01	5.00000000e-01	1.77777779e+00	8.88888896e-01	5.62500000e-01	-1.82890868e-03
-2.78499187e+01	5.00000000e-01	1.77777779e+00	8.88888896e-01	5.62500000e-01	-1.82890867e-03
-2.75058135e+01	5.00000000e-01	1.77777779e+00	8.88888896e-01	5.62500000e-01	-1.82890867e-03
-2.71650124e+01	5.00000000e-01	1.77777779e+00	8.88888896e-01	5.62500000e-01	-1.82890867e-03
-2.68274049e+01	5.00000000e-01	1.77777779e+00	8.88888896e-01	5.62500000e-01	-1.82890867e-03
-2.64928737e+01	5.00000000e-01	1.77777779e+00	8.88888896e-01	5.62500000e-01	-1.82890867e-03
-2.61612967e+01	5.00000000e-01	1.77777779e+00	8.88888896e-01	5.62500000e-01	-1.82890868e-03
-2.58325480e+01	5.00000000e-01	1.77777779e+00	8.88888896e-01	5.62500000e-01	-1.82890867e-03
-2.55064992e+01	5.00000000e-01	1.77777779e+00	8.88888896e-01	5.62500000e-01	-1.82890867e-03
-2.51830208e+01	5.00000000e-01	1.77777779e+00	8.88888896e-01	5.62500000e-01	-1.82890867e-03
-2.48619828e+01	5.00000000e-01	1.77777779e+00	8.88888896e-01	5.62500000e-01	-1.82890867e-03
-2.45432561e+01	5.00000000e-01	1.77777779e+00	8.88888896e-01	5.62500000e-01	-1.82890867e-03
-2.42267134e+01	5.00000000e-01	1.77777779e+00	8.88888896e-01	5.62500000e-01	-1.82890868e-03
-2.39122295e+01	5.00000000e-01	1.77777779e+00	8.88888896e-01	5.62500000e-01	-1.82890866e-03
-2.35996826e+01	5.00000000e-01	1.77777779e+00	8.88888896e-01	5.62500000e-01	-1.82890867e-03
-2.32889541e+01	5.00000000e-01	1.77777779e+00	8.88888896e-01	5.62500000e-01	-1.82890867e-03
-2.29799299e+01	5.00000000e-01	1.77777779e+00	8.88888896e-01	5.62500000e-01	-1.82890868e-03
-2.26725001e+01	5.00000000e-01	1.77777779e+00	8.88888896e-01	5.62500000e-01	-1.82890867e-03
-2.23665592e+01	5.00000000e-01	1.77777779e+00	8.88888896e-01	5.62500000e-01	-1.82890868e-03
-2.20620070e+01	5.00000000e-01	1.77777779e+00	8.88888896e-01	5.62500000e-01	-1.82890868e-03
-2.17587479e+01	5.00000000e-01	1.77777779e+00	8.88888896e-01	5.62500000e-01	-1.82890867e-03
-2.14566913e+01	5.00000000e-01	1.77777779e+00	8.88888896e-01	5.62500000e-01	-1.82890867e-03
-2.11557518e+01	5.00000000e-01	1.77777779e+00	8.88888896e-01	5.62500000e-01	-1.82890867e-03
-2.08558485e+01	5.00000000e-01	1.77777779e+00	8.88888896e-01	5.62500000e-01	-1.82890867e-03
-2.05569057e+01	5.00000000e-01	1.77777779e+00	8.88888896e-01	5.62500000e-01	-1.82890867e-03
-2.02588521e+01	5.00000000e-01	1.77777779e+00	8.88888896e-01	5.62500000e-01	-1.82890867e-03
-1.99616210e+01	5.00000000e-01	1.77777779e+00	8.88888896e-01	5.62500000e-01	-1.82890869e-03
-1.96651502e+01	5.00000000e-01	1.77777779e+00	8.88888896e-01	5.62500000e-01	-1.82890867e-03
-1.93693816e+01	5.00000000e-01	1.77777779e+00	8.88888896e-01	5.62500000e-01	-1.82890867e-03
-1.90742609e+01	5.00000000e-01	1.77777779e+00	8.88888896e-01	5.62500000e-01	-1.82890867e-03
-1.87797377e+01	5.00000000e-01	1.77777779e+00	8.88888896e-01	5.62500000e-01	-1.82890868e-03
-1.84857653e+01	5.00000000e-01	1.77777779e+00	8.88888896e-01	5.62500000e-01	-1.82890867e-03
-1.81923003e+01	5.00000000e-01	1.77777779e+00	8.88888896e-01	5.62500000e-01	-1.82890866e-03
-1.78993023e+01	5.00000000e-01	1.77777779e+00	8.88888896e-01	5.62500000e-01	-1.82890866e-03
-1.76067342e+01	5.00000000e-01	1.77777779e+00	8.88888896e-01	5.62500000e-01	-1.82890867e-03
-1.73145614e+01	5.00000000e-01	1.77777779e+00	8.88888896e-01	5.62500000e-01	-1.82890867e-03
-1.70227522e+01	5.00000000e-01	1.77777779e+00	8.88888896e-01	5.62500000e-01	-1.82890864e-03
-1.67312771e+01	5.00000000e-01	1.77777779e+00	8.88888896e-01	5.62500000e-01	-1.82890864e-03
-1.64401090e+01	5.00000000e-01	1.77777779e+00	8.88888896e-01	5.62500000e-01	-1.82890864e-03
-1.61492228e+01	5.00000000e-01	1.77777779e+00	8.88888896e-01	5.62500000e-01	-1.82890863e-03
-1.58585956e+01	5.00000000e-01	1.77777779e+00	8.88888896e-01	5.62500000e-01	-1.82890863e-03
-1.55682060e+01	5.00000000e-01	1.77777779e+00	8.88888896e-01	5.62500000e-01	-1.82890863e-03
-1.52780346e+01	5.00000000e-01	1.77777779e+00	8.88888896e-01	5.62500000e-01	-1.82890866e-03
-1.49880633e+01	5.00000000e-01	1.77777779e+00	8.88888896e-01	5.62500000e-01	-1.82890866e-03
-1.46982757e+01	5.00000000e-01	1.77777779e+00	8.88888896e-01	5.62500000e-01	-1.82890869e-03
-1.44086564e+01	5.00000000e-01	1.77777779e+00	8.88888896e-01	5.62500000e-01	-1.82890868e-03
-1.41191916e+01	5.00000000e-01	1.77777779e+00	8.88888896e-01	5.62500000e-01	-1.82890869e-03
-1.38298685e+01	5.00000000e-01	1.77777779e+00	8.88888896e-01	5.62500000e-01	-1.82890869e-03
-1.35406751e+01	5.00000000e-01	1.77777779e+00	8.88888896e-01	5.62500000e-01	-1.82890867e-03
-1.32516007e+01	5.00000000e-01	1.77777779e+00	8.88888896e-01	5.62500000e-01	-1.82890866e-03
-1.29626354e+01	5.00000000e-01	1.77777779e+00	8.88888896e-01	5.62500000e-01	-1.82890867e-03
-1.26737701e+01	5.00000000e-01	1.77777779e+00	8.88888896e-01	5.62500000e-01	-1.82890869e-03
-1.23849963e+01	5.00000000e-01	1.77777779e+00	8.88888896e-01	5.62500000e-01	-1.82890865e-03
-1.20963064e+01	5.00000000e-01	1.77777779e+00	8.88888896e-01	5.62500000e-01	-1.82890863e-03
-1.18076935e+01	5.00000000e-01	1.77777779e+00	8.88888896e-01	5.62500000e-01	-1.82890863e-03
-1.15191509e+01	5.00000000e-01	1.77777779e+00	8.88888896e-01	5.62500000e-01	-1.82890868e-03
-1.12306729e+01	5.00000000e-01	1.77777779e+00	8.88888896e-01	5.62500000e-01	-1.82890869e-03
-1.09422540e+01	5.00000000e-01	1.77777779e+00	8.88888896e-01	5.62500000e-01	-1.82890866e-03
-1.06538892e+01	5.00000000e-01	1.77777779e+00	8.88888896e-01	5.62500000e-01	-1.82890870e-03
-1.03655740e+01	5.00000000e-01	1.77777779e+00	8.88888896e-01	5.62500000e-01	-1.82890869e-03
-1.00773041e+01	5.00000000e-01	1.77777779e+00	8.88888896e-01	5.62500000e-01	-1.82890863e-03
-9.78907587e+00	5.00000000e-01	1.77777779e+00	8.88888896e-01	5.62500000e-01	-1.82890864e-03
-9.50088568e+00	5.00000000e-01	1.77777779e+00	8.88888896e-01	5.62500000e-01	-1.82890868e-03
-9.21273036e+00	5.00000000e-01	1.77777779e+00	8.88888896e-01	5.62500000e-01	-1.82890871e-03
-8.92460696e+00	5.00000000e-01	1.77777779e+00	8.88888896e-01	5.62500000e-01	-1.82890873e-03
-8.63651279e+00	5.00000000e-01	1.77777779e+00	8.88888896e-01	5.62500000e-01	-1.82890870e-03
-8.34844537e+00	5.00000000e-01	1.77777779e+00	8.88888896e-01	5.62500000e-01	-1.82890870e-03
-8.06040246e+00	5.00000000e-01	1.77777779e+00	8.88888896e-01	5.62500000e-01	-1.82890868e-03
-7.77238199e+00	5.00000000e-01	1.77777779e+00	8.88888896e-01	5.62500000e-01	-1.82890866e-03
-7.48438205e+00	5.00000000e-01	1.77777779e+00	8.88888896e-01	5.62500000e-01	-1.82890868e-03
-7.19640092e+00	5.00000000e-01	1.77777779e+00	8.88888896e-01	5.62500000e-01	-1.82890863e-03
-6.90843700e+00	4.99999724e-01	1.77777780e+00	8.88888347e-01	5.62500000e-01	-1.82890885e-03
-6.62048884e+00	5.00007085e-01	1.77771382e+00	8.88868813e-01	5.62522485e-01	-1.82871348e-03
-6.33255510e+00	5.00010220e-01	1.77749900e+00	8.88762818e-01	5.62612615e-01	-1.82822952e-03
-6.04463458e+00	5.00010118e-01	1.77689348e+00	8.88450053e-01	5.62883507e-01	-1.82713303e-03
-5.75672614e+00	5.00004986e-01	1.77517194e+00	8.87546411e-01	5.63672450e-01	-1.82375942e-03
-5.46882877e+00	4.99950304e-01	1.77144532e+00	8.85526530e-01	5.65500138e-01	-1.82060947e-03
-5.18094154e+00	4.99739751e-01	1.76550997e+00	8.82168321e-01	5.68546192e-01	-1.81663659e-03
-4.89306358e+00	4.99385222e-01	1.75626317e+00	8.76926785e-01	5.73331139e-01	-1.80739354e-03
-4.60519411e+00	4.98821398e-01	1.74191749e+00	8.68781096e-01	5.80775307e-01	-1.79270277e-03
-4.31733241e+00	4.97688819e-01	1.72059750e+00	8.56355309e-01	5.91857627e-01	-1.76997823e-03
-4.02947783e+00	4.95686205e-01	1.69109725e+00	8.38676845e-01	6.07298662e-01	-1.73902511e-03
-3.74162976e+00	4.92504923e-01	1.65298111e+00	8.15243731e-01	6.27566339e-01	-1.69926664e-03
-3.45378765e+00	4.87741672e-01	1.60644023e+00	7.85783853e-01	6.52602984e-01	-1.64453714e-03
-3.16595100e+00	4.81036170e-01	1.55316722e+00	7.50833348e-01	6.81906991e-01	-1.57359095e-03
-2.87811934e+00	4.72550657e-01	1.49384394e+00	7.11009883e-01	7.15930324e-01	-1.47388489e-03
-2.59029225e+00	4.61861938e-01	1.43005091e+00	6.66919384e-01	7.54572842e-01	-1.35372002e-03
-2.30246935e+00	4.48749793e-01	1.36543428e+00	6.20531504e-01	7.96465603e-01	-1.21361513e-03
-2.01465028e+00	4.33705943e-01	1.30353302e+00	5.74505518e-01	8.39516677e-01	-1.04949672e-03
-1.72683472e+00	4.16780639e-01	1.24434166e+00	5.29210965e-01	8.83821756e-01	-8.53477685e-04
-1.43902237e+00	3.98361147e-01	1.18675510e+00	4.84595540e-01	9.30783106e-01	-6.34110684e-04
-1.15121295e+00	3.79239976e-01	1.13017885e+00	4.41133714e-01	9.81267214e-01	-4.01989423e-04
-8.63406226e-01	3.59724592e-01	1.07467747e+00	3.99423663e-01	1.03616676e+00	-1.50341091e-04
-5.75601961e-01	3.39404884e-01	1.01881247e+00	3.58740583e-01	1.09754379e+00	1.09733327e-04
-2.87799949e-01	3.17749856e-01	9.64995140e-01	3.19848451e-01	1.16377355e+00	3.64006597e-04
-4.26325641e-14	2.94988294e-01	9.13950481e-01	2.83174681e-01	1.23401755e+00	6.28308127e-04
2.87799949e-01	2.71151691e-01	8.64614167e-01	2.48506166e-01	1.31004770e+00	8.97991914e-04
5.75601961e-01	2.46664045e-01	8.17945585e-01	2.16475972e-01	1.39064285e+00	1.15504899e-03
8.63406226e-01	2.21922430e-01	7.73143383e-01	1.86852946e-01	1.47586186e+00	1.40332683e-03
1.15121295e+00	1.96456926e-01	7.28932949e-01	1.58716595e-01	1.56685890e+00	1.66173517e-03
1.43902237e+00	1.69684191e-01	6.85061707e-01	1.31693125e-01	1.66649812e+00	1.90233747e-03
1.72683472e+00	1.41340684e-01	6.44425391e-01	1.06501338e-01	1.77015652e+00	2.10402561e-03
2.01465028e+00	1.11312532e-01	6.06058813e-01	8.29481031e-02	1.87842672e+00	2.31142113e-03
2.30246935e+00	8.02299903e-02	5.70088470e-01	6.11822841e-02	1.99141591e+00	2.49763794e-03
2.59029225e+00	4.86886976e-02	5.36619047e-01	4.14260235e-02	2.10883168e+00	2.68080489e-03
2.87811934e+00	1.65052805e-02	5.05225437e-01	2.33857614e-02	2.23186780e+00	2.85662673e-03
3.16595100e+00	-1.62512190e-02	4.76110897e-01	6.93196134e-03	2.35892272e+00	3.01140264e-03
3.45378765e+00	-4.93135856e-02	4.48823072e-01	-8.02226613e-03	2.48867713e+00	3.17598262e-03
3.74162976e+00	-8.32624692e-02	4.22368121e-01	-2.19521573e-02	2.62470155e+00	3.35432363e-03
4.02947783e+00	-1.18821318e-01	3.97874592e-01	-3.50282037e-02	2.76446925e+00	3.51356382e-03
4.31733241e+00	-1.55639565e-01	3.75940744e-01	-4.71819273e-02	2.90550631e+00	3.67281625e-03
4.60519411e+00	-1.92597159e-01	3.55901795e-01	-5.81464194e-02	3.04812967e+00	3.85465173e-03
4.89306358e+00	-2.29484441e-01	3.37149016e-01	-6.79329377e-02	3.19386247e+00	4.05191628e-03
5.18094154e+00	-2.65902143e-01	3.19911677e-01	-7.65623561e-02	3.34119073e+00	4.23874103e-03
5.46882877e+00	-3.01234270e-01	3.04248516e-01	-8.41285853e-02	3.48820544e+00	4.42759702e-03
5.75672614e+00	-3.34680085e-01	2.90217232e-01	-9.06201354e-02	3.63213881e+00	4.59094563e-03
6.04463458e+00	-3.65607035e-01	2.77814745e-01	-9.60772529e-02	3.76904346e+00	4.74353022e-03
6.33255510e+00	-3.93866212e-01	2.66646707e-01	-1.00555906e-01	3.89914824e+00	4.89551615e-03
6.62048884e+00	-4.19032695e-01	2.56800065e-01	-1.04118966e-01	4.02052281e+00	5.01962904e-03
6.90843700e+00	-4.40637382e-01	2.48369782e-01	-1.06871831e-01	4.12940723e+00	5.11402485e-03
7.19640092e+00	-4.58418595e-01	2.41268585e-01	-1.08854882e-01	4.22410725e+00	5.18766663e-03
7.48438205e+00	-4.72318952e-01	2.35449430e-01	-1.10121848e-01	4.30395560e+00	5.23490419e-03
7.77238199e+00	-4.82477287e-01	2.30970818e-01	-1.10801169e-01	4.36771421e+00	5.24841618e-03
8.06040246e+00	-4.89383845e-01	2.27776292e-01	-1.11109515e-01	4.41475064e+00	5.23812067e-03
8.34844537e+00	-4.93776957e-01	2.25636012e-01	-1.11210369e-01	4.44721022e+00	5.22030387e-03
8.63651279e+00	-4.96366711e-01	2.24318733e-01	-1.11224732e-01	4.46784577e+00	5.19787079e-03
8.92460696e+00	-4.97812257e-01	2.23556314e-01	-1.11213675e-01	4.47996076e+00	5.18096780e-03
9.21273036e+00	-4.98635550e-01	2.23126390e-01	-1.11209641e-01	4.48681393e+00	5.17174217e-03
9.50088568e+00	-4.99148533e-01	2.22869770e-01	-1.11217272e-01	4.49078116e+00	5.16909174e-03
9.78907587e+00	-4.99491399e-01	2.22682790e-01	-1.11217548e-01	4.49345096e+00	5.17086425e-03
1.00773041e+01	-4.99720205e-01	2.22533197e-01	-1.11203982e-01	4.49552352e+00	5.17300005e-03
1.03655740e+01	-4.99847031e-01	2.22429998e-01	-1.11183132e-01	4.49700821e+00	5.17339094e-03
1.06538892e+01	-4.99908843e-01	2.22349301e-01	-1.11156177e-01	4.49810710e+00	5.17489523e-03
1.09422540e+01	-4.99952619e-01	2.22279954e-01	-1.11130514e-01	4.49905459e+00	5.17606237e-03
1.12306729e+01	-4.99983419e-01	2.22240419e-01	-1.11116982e-01	4.49967038e+00	5.17486896e-03
1.15191509e+01	-4.99996406e-01	2.22226193e-01	-1.11112411e-01	4.49992268e+00	5.17362137e-03
1.18076935e+01	-4.99999934e-01	2.22222646e-01	-1.11111317e-01	4.49999152e+00	5.17310624e-03
1.20963064e+01	-5.00000098e-01	2.22222224e-01	-1.11111131e-01	4.50000000e+00	5.17293106e-03
1.23849963e+01	-5.00000013e-01	2.22222224e-01	-1.11111114e-01	4.50000000e+00	5.17293467e-03
1.26737701e+01	-5.00000001e-01	2.22222224e-01	-1.11111112e-01	4.50000000e+00	5.17293493e-03
1.29626354e+01	-5.00000000e-01	2.22222224e-01	-1.11111112e-01	4.50000000e+00	5.17293497e-03
1.32516007e+01	-5.00000000e-01	2.22222224e-01	-1.11111112e-01	4.50000000e+00	5.17293496e-03
1.35406751e+01	-5.00000000e-01	2.22222224e-01	-1.11111112e-01	4.50000000e+00	5.17293497e-03
1.38298685e+01	-5.00000000e-01	2.22222224e-01	-1.11111112e-01	4.50000000e+00	5.17293496e-03
1.41191916e+01	-5.00000000e-01	2.22222224e-01	-1.11111112e-01	4.50000000e+00	5.17293502e-03
1.44086564e+01	-5.00000000e-01	2.22222224e-01	-1.11111112e-01	4.50000000e+00	5.17293499e-03
1.46982757e+01	-5.00000000e-01	2.22222224e-01	-1.11111112e-01	4.50000000e+00	5.17293496e-03
1.49880633e+01	-5.00000000e-01	2.22222224e-01	-1.11111112e-01	4.50000000e+00	5.17293496e-03
1.52780346e+01	-5.00000000e-01	2.22222224e-01	-1.11111112e-01	4.50000000e+00	5.17293493e-03
1.55682060e+01	-5.00000000e-01	2.22222224e-01	-1.11111112e-01	4.50000000e+00	5.17293493e-03
1.58585956e+01	-5.00000000e-01	2.22222224e-01	-1.11111112e-01	4.50000000e+00	5.17293496e-03
1.61492228e+01	-5.00000000e-01	2.22222224e-01	-1.11111112e-01	4.50000000e+00	5.17293496e-03
1.64401090e+01	-5.00000000e-01	2.22222224e-01	-1.11111112e-01	4.50000000e+00	5.17293497e-03
1.67312771e+01	-5.00000000e-01	2.22222224e-01	-1.11111112e-01	4.50000000e+00	5.17293497e-03
1.70227522e+01	-5.00000000e-01	2.22222224e-01	-1.11111112e-01	4.50000000e+00	5.17293496e-03
1.73145614e+01	-5.00000000e-01	2.22222224e-01	-1.11111112e-01	4.50000000e+00	5.17293499e-03
1.76067342e+01	-5.00000000e-01	2.22222224e-01	-1.11111112e-01	4.50000000e+00	5.17293498e-03
1.78993023e+01	-5.00000000e-01	2.22222224e-01	-1.11111112e-01	4.50000000e+00	5.17293497e-03
1.81923003e+01	-5.00000000e-01	2.22222224e-01	-1.11111112e-01	4.50000000e+00	5.17293497e-03
1.84857653e+01	-5.00000000e-01	2.22222224e-01	-1.11111112e-01	4.50000000e+00	5.17293495e-03
1.87797377e+01	-5.00000000e-01	2.22222224e-01	-1.11111112e-01	4.50000000e+00	5.17293500e-03
1.90742609e+01	-5.00000000e-01	2.22222224e-01	-1.11111112e-01	4.50000000e+00	5.17293497e-03
1.93693816e+01	-5.00000000e-01	2.22222224e-01	-1.11111112e-01	4.50000000e+00	5.17293498e-03
1.96651502e+01	-5.00000000e-01	2.22222224e-01	-1.11111112e-01	4.50000000e+00	5.17293496e-03
1.99616210e+01	-5.00000000e-01	2.22222224e-01	-1.11111112e-01	4.50000000e+00	5.17293496e-03
2.02588521e+01	-5.00000000e-01	2.22222224e-01	-1.11111112e-01	4.50000000e+00	5.17293498e-03
2.05569057e+01	-5.00000000e-01	2.22222224e-01	-1.11111112e-01	4.50000000e+00	5.17293497e-03
2.08558485e+01	-5.00000000e-01	2.22222224e-01	-1.11111112e-01	4.50000000e+00	5.17293496e-03
2.11557518e+01	-5.00000000e-01	2.22222224e-01	-1.11111112e-01	4.50000000e+00	5.17293496e-03
2.14566913e+01	-5.00000000e-01	2.22222224e-01	-1.11111112e-01	4.50000000e+00	5.17293499e-03
2.17587479e+01	-5.00000000e-01	2.22222224e-01	-1.11111112e-01	4.50000000e+00	5.17293497e-03
2.20620070e+01	-5.00000000e-01	2.22222224e-01	-1.11111112e-01	4.50000000e+00	5.17293497e-03
2.23665592e+01	-5.00000000e-01	2.22222224e-01	-1.11111112e-01	4.50000000e+00	5.17293497e-03
2.26725001e+01	-5.00000000e-01	2.22222224e-01	-1.11111112e-01	4.50000000e+00	5.17293496e-03
2.29799299e+01	-5.00000000e-01	2.22222224e-01	-1.11111112e-01	4.50000000e+00	5.17293498e-03
2.32889541e+01	-5.00000000e-01	2.22222224e-01	-1.11111112e-01	4.50000000e+00	5.17293497e-03
2.35996826e+01	-5.00000000e-01	2.22222224e-01	-1.11111112e-01	4.50000000e+00	5.17293496e-03
2.39122295e+01	-5.00000000e-01	2.22222224e-01	-1.11111112e-01	4.50000000e+00	5.17293495e-03
2.42267134e+01	-5.00000000e-01	2.22222224e-01	-1.11111112e-01	4.50000000e+00	5.17293497e-03
2.45432561e+01	-5.00000000e-01	2.22222224e-01	-1.11111112e-01	4.50000000e+00	5.17293496e-03
2.48619828e+01	-5.00000000e-01	2.22222224e-01	-1.11111112e-01	4.50000000e+00	5.17293497e-03
2.51830208e+01	-5.00000000e-01	2.22222224e-01	-1.11111112e-01	4.50000000e+00	5.17293496e-03
2.55064992e+01	-5.00000000e-01	2.22222224e-01	-1.11111112e-01	4.50000000e+00	5.17293497e-03
2.58325480e+01	-5.00000000e-01	2.22222224e-01	-1.11111112e-01	4.50000000e+00	5.17293498e-03
2.61612967e+01	-5.00000000e-01	2.22222224e-01	-1.11111112e-01	4.50000000e+00	5.17293497e-03
2.64928737e+01	-5.00000000e-01	2.22222224e-01	-1.11111112e-01	4.50000000e+00	5.17293497e-03
2.68274049e+01	-5.00000000e-01	2.22222224e-01	-1.11111112e-01	4.50000000e+00	5.17293498e-03
2.71650124e+01	-5.00000000e-01	2.22222224e-01	-1.11111112e-01	4.50000000e+00	5.17293496e-03
2.75058135e+01	-5.00000000e-01	2.22222224e-01	-1.11111112e-01	4.50000000e+00	5.17293496e-03
2.78499187e+01	-5.00000000e-01	2.22222224e-01	-1.11111112e-01	4.50000000e+00	5.17293496e-03
2.81974313e+01	-5.00000000e-01	2.22222224e-01	-1.11111112e-01	4.50000000e+00	5.17293498e-03
2.85484452e+01	-5.00000000e-01	2.22222224e-01	-1.11111112e-01	4.50000000e+00	5.17293496e-03
2.89030442e+01	-5.00000000e-01	2.22222224e-01	-1.11111112e-01	4.50000000e+00	5.17293498e-03
2.92613006e+01	-5.00000000e-01	2.22222224e-01	-1.11111112e-01	4.50000000e+00	5.17293497e-03
2.96232742e+01	-5.00000000e-01	2.22222224e-01	-1.11111112e-01	4.50000000e+00	5.17293497e-03
2.99890116e+01	-5.00000000e-01	2.22222224e-01	-1.11111112e-01	4.50000000e+00	5.17293496e-03
3.03585450e+01	-5.00000000e-01	2.22222224e-01	-1.11111112e-01	4.50000000e+00	5.17293497e-03
3.07318923e+01	-5.00000000e-01	2.22222224e-01	-1.11111112e-01	4.50000000e+00	5.17293497e-03
3.11090566e+01	-5.00000006e-01	2.22222224e-01	-1.11111113e-01	4.50000000e+00	5.17293496e-03
3.14900258e+01	-5.00000016e-01	2.22222224e-01	-1.11111115e-01	4.50000000e+00	5.17293496e-03
3.18747734e+01	-5.00000011e-01	2.22222224e-01	-1.11111114e-01	4.50000000e+00	5.17293497e-03
3.22632584e+01	-5.00000010e-01	2.22222224e-01	-1.11111113e-01	4.50000000e+00	5.17293498e-03
3.26554264e+01	-5.00000006e-01	2.22222224e-01	-1.11111113e-01	4.50000000e+00	5.17293498e-03
3.30512098e+01	-5.00000003e-01	2.22222224e-01	-1.11111113e-01	4.50000000e+00	5.17293499e-03
3.34505293e+01	-5.00000000e-01	2.22222224e-01	-1.11111113e-01	4.50000000e+00	5.17293498e-03
3.38532950e+01	-5.00000000e-01	2.22222224e-01	-1.11111113e-01	4.50000000e+00	5.17293498e-03
3.42594070e+01	-5.00000001e-01	2.22222224e-01	-1.11111112e-01	4.50000000e+00	5.17293499e-03
3.46687577e+01	-5.00000000e-01	2.22222224e-01	-1.11111111e-01	4.50000000e+00	5.17293500e-03
3.50812323e+01	-5.00000000e-01	2.22222224e-01	-1.11111112e-01	4.50000000e+00	5.17293500e-03
3.54967105e+01	-5.00000000e-01	2.22222224e-01	-1.11111112e-01	4.50000000e+00	5.17293500e-03
3.59150676e+01	-5.00000000e-01	2.22222224e-01	-1.11111112e-01	4.50000000e+00	5.17293500e-03
3.63361763e+01	-5.00000000e-01	2.22222224e-01	-1.11111112e-01	4.50000000e+00	5.17293500e-03
3.67599073e+01	-5.00000000e-01	2.22222224e-01	-1.11111112e-01	4.50000000e+00	5.17293500e-03
3.71861306e+01	-5.00000000e-01	2.22222224e-01	-1.11111112e-01	4.50000000e+00	5.17293500e-03
3.76147167e+01	-5.00000000e-01	2.22222224e-01	-1.11111112e-01	4.50000000e+00	5.17293500e-03
3.80455374e+01	-5.00000000e-01	2.22222224e-01	-1.11111112e-01	4.50000000e+00	5.17293500e-03
3.84784668e+01	-5.00000000e-01	2.22222224e-01	-1.11111112e-01	4.50000000e+00	5.17293500e-03
3.89133814e+01	-5.00000000e-01	2.22222224e-01	-1.11111112e-01	4.50000000e+00	5.17293500e-03
3.93501614e+01	-5.00000000e-01	2.22222224e-01	-1.11111112e-01	4.50000000e+00	5.17293500e-03
3.97886908e+01	-5.00000000e-01	2.22222224e-01	-1.11111112e-01	4.50000000e+00	5.17293500e-03
4.02288580e+01	-5.00000000e-01	2.22222224e-01	-1.11111112e-01	4.50000000e+00	5.17293500e-03
4.06705558e+01	-5.00000000e-01	2.22222224e-01	-1.11111112e-01	4.50000000e+00	5.17293500e-03
4.11136818e+01	-5.00000000e-01	2.22222224e-01	-1.11111112e-01	4.50000000e+00	5.17293500e-03
4.15581385e+01	-5.00000000e-01	2.22222224e-01	-1.11111112e-01	4.50000000e+00	5.17293500e-03
4.20038334e+01	-5.00000000e-01	2.22222224e-01	-1.11111112e-01	4.50000000e+00	5.17293500e-03
4.24506789e+01	-5.00000000e-01	2.22222224e-01	-1.11111112e-01	4.50000000e+00	5.17293500e-03
4.28985924e+01	-5.00000000e-01	2.22222224e-01	-1.11111112e-01	4.50000000e+00	5.17293500e-03
4.33474961e+01	-5.00000000e-01	2.22222224e-01	-1.11111112e-01	4.50000000e+00	5.17293500e-03
4.37973169e+01	-5.00000000e-01	2.22222224e-01	-1.11111112e-01	4.50000000e+00	5.17293500e-03
4.42479865e+01	-5.00000000e-01	2.22222224e-01	-1.11111112e-01	4.50000000e+00	5.17293500e-03
4.46994407e+01	-5.00000000e-01	2.22222224e-01	-1.11111112e-01	4.50000000e+00	5.17293500e-03
4.51516199e+01	-5.00000000e-01	2.22222224e-01	-1.11111112e-01	4.50000000e+00	5.17293500e-03
4.56044681e+01	-5.00000000e-01	2.22222224e-01	-1.11111112e-01	4.50000000e+00	5.17293500e-03
4.60579337e+01	-5.00000000e-01	2.22222224e-01	-1.11111112e-01	4.50000000e+00	5.17293500e-03
4.65119683e+01	-5.00000000e-01	2.22222224e-01	-1.11111112e-01	4.50000000e+00	5.17293500e-03
4.69665272e+01	-5.00000000e-01	2.22222224e-01	-1.11111112e-01	4.50000000e+00	5.17293500e-03
4.74215689e+01	-5.00000000e-01	2.22222224e-01	-1.11111112e-01	4.50000000e+00	5.17293500e-03
4.78770551e+01	-5.00000000e-01	2.22222224e-01	-1.11111112e-01	4.50000000e+00	5.17293500e-03
4.83329501e+01	-5.00000000e-01	2.22222224e-01	-1.11111112e-01	4.50000000e+00	5.17293500e-03
4.87892210e+01	-5.00000000e-01	2.22222224e-01	-1.11111112e-01	4.50000000e+00	5.17293500e-03
4.92458375e+01	-5.00000000e-01	2.22222224e-01	-1.11111112e-01	4.50000000e+00	5.17293500e-03
4.97027716e+01	-5.00000000e-01	2.22222224e-01	-1.11111112e-01	4.50000000e+00	5.17293500e-03
5.01599975e+01	-5.00000000e-01	2.22222224e-01	-1.11111112e-01	4.50000000e+00	5.17293500e-03
5.06174912e+01	-5.00000000e-01	2.22222224e-01	-1.11111112e-01	4.50000000e+00	5.17293500e-03
5.10752309e+01	-5.00000000e-01	2.22222224e-01	-1.11111112e-01	4.50000000e+00	5.17293500e-03
5.15331964e+01	-5.00000000e-01	2.22222224e-01	-1.11111112e-01	4.50000000e+00	5.17293500e-03
5.19913691e+01	-5.00000000e-01	2.22222224e-01	-1.11111112e-01	4.50000000e+00	5.17293500e-03
5.24497318e+01	-5.00000000e-01	2.22222224e-01	-1.11111112e-01	4.50000000e+00	5.17293500e-03
5.29082688e+01	-5.00000000e-01	2.22222224e-01	-1.11111112e-01	4.50000000e+00	5.17293500e-03
5.33669658e+01	-5.00000000e-01	2.22222224e-01	-1.11111112e-01	4.50000000e+00	5.17293500e-03
5.38258093e+01	-5.00000000e-01	2.22222224e-01	-1.11111112e-01	4.50000000e+00	5.17293500e-03
5.42847873e+01	-5.00000000e-01	2.22222224e-01	-1.11111112e-01	4.50000000e+00	5.17293500e-03
5.47438884e+01	-5.00000000e-01	2.22222224e-01	-1.11111112e-01	4.50000000e+00	5.17293500e-03
5.52031026e+01	-5.00000000e-01	2.22222224e-01	-1.11111112e-01	4.50000000e+00	5.17293500e-03
5.56624202e+01	-5.00000000e-01	2.22222224e-01	-1.11111112e-01	4.50000000e+00	5.17293500e-03
5.61218326e+01	-5.00000000e-01	2.22222224e-01	-1.11111112e-01	4.50000000e+00	5.17293500e-03
5.65813320e+01	-5.00000000e-01	2.22222224e-01	-1.11111112e-01	4.50000000e+00	5.17293500e-03
5.70409110e+01	-5.00000000e-01	2.22222224e-01	-1.11111112e-01	4.50000000e+00	5.17293500e-03
5.75005630e+01	-5.00000000e-01	2.22222224e-01	-1.11111112e-01	4.50000000e+00	5.17293500e-03
5.79602817e+01	-5.00000000e-01	2.22222224e-01	-1.11111112e-01	4.50000000e+00	5.17293500e-03
5.84200617e+01	-5.00000000e-01	2.22222224e-01	-1.11111112e-01	4.50000000e+00	5.17293500e-03
5.88798977e+01	-5.00000000e-01	2.22222224e-01	-1.11111112e-01	4.50000000e+00	5.17293500e-03
5.93397851e+01	-5.00000000e-01	2.22222224e-01	-1.11111112e-01	4.50000000e+00	5.17293500e-03
5.97997195e+01	-5.00000000e-01	2.22222224e-01	-1.11111112e-01	4.50000000e+00	5.17293500e-03
6.02596969e+01	-5.00000000e-01	2.22222224e-01	-1.11111112e-01	4.50000000e+00	5.17293500e-03
6.07197138e+01	-5.00000000e-01	2.22222224e-01	-1.11111112e-01	4.50000000e+00	5.17293500e-03
6.11797668e+01	-5.00000000e-01	2.22222224e-01	-1.11111112e-01	4.50000000e+00	5.17293500e-03
6.16398529e+01	-5.00000000e-01	2.22222224e-01	-1.11111112e-01	4.50000000e+00	5.17293500e-03
6.20999693e+01	-5.00000000e-01	2.22222224e-01	-1.11111112e-01	4.50000000e+00	5.17293500e-03
6.25601134e+01	-5.00000000e-01	2.22222224e-01	-1.11111112e-01	4.50000000e+00	5.17293500e-03
6.30202828e+01	-5.00000000e-01	2.22222224e-01	-1.11111112e-01	4.50000000e+00	5.17293500e-03
6.34804755e+01	-5.00000000e-01	2.22222224e-01	-1.11111112e-01	4.50000000e+00	5.17293500e-03
6.39406895e+01	-5.00000000e-01	2.22222224e-01	-1.11111112e-01	4.50000000e+00	5.17293500e-03
6.44009229e+01	-5.00000000e-01	2.22222224e-01	-1.11111112e-01	4.50000000e+00	5.17293500e-03
6.48611742e+01	-5.00000000e-01	2.22222224e-01	-1.11111112e-01	4.50000000e+00	5.17293500e-03
6.53214418e+01	-5.00000000e-01	2.22222224e-01	-1.11111112e-01	4.50000000e+00	5.17293500e-03
6.57817244e+01	-5.00000000e-01	2.22222224e-01	-1.11111112e-01	4.50000000e+00	5.17293500e-03
6.62420206e+01	-5.00000000e-01	2.22222224e-01	-1.11111112e-01	4.50000000e+00	5.17293500e-03
6.67023294e+01	-5.00000000e-01	2.22222224e-01	-1.11111112e-01	4.50000000e+00	5.17293500e-03
6.71626496e+01	-5.00000000e-01	2.22222224e-01	-1.11111112e-01	4.50000000e+00	5.17293500e-03
6.76229804e+01	-5.00000000e-01	2.22222224e-01	-1.11111112e-01	4.50000000e+00	5.17293500e-03
6.80833207e+01	-5.00000000e-01	2.22222224e-01	-1.11111112e-01	4.50000000e+00	5.17293500e-03
6.85436698e+01	-5.00000000e-01	2.22222224e-01	-1.11111112e-01	4.50000000e+00	5.17293500e-03
6.90040270e+01	-5.00000000e-01	2.22222224e-01	-1.11111112e-01	4.50000000e+00	5.17293500e-03
6.94643916e+01	-5.00000000e-01	2.22222224e-01	-1.11111112e-01	4.50000000e+00	5.17293500e-03
6.99247629e+01	-5.00000000e-01	2.22222224e-01	-1.11111112e-01	4.50000000e+00	5.17293500e-03
7.03851404e+01	-5.00000000e-01	2.22222224e-01	-1.11111112e-01	4.50000000e+00	5.17293500e-03
7.08455235e+01	-5.00000000e-01	2.22222224e-01	-1.11111112e-01	4.50000000e+00	5.17293500e-03
7.13059118e+01	-5.00000000e-01	2.22222224e-01	-1.11111112e-01	4.50000000e+00	5.17293500e-03
7.17663048e+01	-5.00000000e-01	2.22222224e-01	-1.11111112e-01	4.50000000e+00	5.17293500e-03
7.22267022e+01	-5.00000000e-01	2.22222224e-01	-1.11111112e-01	4.50000000e+00	5.17293500e-03
7.26871036e+01	-5.00000000e-01	2.22222224e-01	-1.11111112e-01	4.50000000e+00	5.17293500e-03
7.31475085e+01	-5.00000000e-01	2.22222224e-01	-1.11111112e-01	4.50000000e+00	5.17293500e-03
7.36079169e+01	-5.00000000e-01	2.22222224e-01	-1.11111112e-01	4.50000000e+00	5.17293500e-03
7.40683282e+01	-5.00000000e-01	2.22222224e-01	-1.11111112e-01	4.50000000e+00	5.17293500e-03
7.45287423e+01	-5.00000000e-01	2.22222224e-01	-1.11111112e-01	4.50000000e+00	5.17293500e-03
7.49891590e+01	-5.00000000e-01	2.22222224e-01	-1.11111112e-01	4.50000000e+00	5.17293500e-03
7.54495780e+01	-5.00000000e-01	2.22222224e-01	-1.11111112e-01	4.50000000e+00	5.17293500e-03
7.59099992e+01	-5.00000000e-01	2.22222224e-01	-1.11111112e-01	4.50000000e+00	5.17293500e-03
7.63704223e+01	-5.00000000e-01	2.22222224e-01	-1.11111112e-01	4.50000000e+00	5.17293500e-03
7.68308472e+01	-5.00000000e-01	2.22222224e-01	-1.11111112e-01	4.50000000e+00	5.17293500e-03
7.72912738e+01	-5.00000000e-01	2.22222224e-01	-1.11111112e-01	4.50000000e+00	5.17293500e-03
7.77517018e+01	-5.00000000e-01	2.22222224e-01	-1.11111112e-01	4.50000000e+00	5.17293500e-03
7.82121312e+01	-5.00000000e-01	2.22222224e-01	-1.11111112e-01	4.50000000e+00	5.17293500e-03
7.86725619e+01	-5.00000000e-01	2.22222224e-01	-1.11111112e-01	4.50000000e+00	5.17293500e-03
7.91329937e+01	-5.00000000e-01	2.22222224e-01	-1.11111112e-01	4.50000000e+00	5.17293500e-03
7.95934266e+01	-5.00000000e-01	2.22222224e-01	-1.11111112e-01	4.50000000e+00	5.17293500e-03
8.00538604e+01	-5.00000000e-01	2.22222224e-01	-1.11111112e-01	4.50000000e+00	5.17293500e-03
8.05142951e+01	-5.00000000e-01	2.22222224e-01	-1.11111112e-01	4.50000000e+00	5.17293500e-03
8.09747307e+01	-5.00000000e-01	2.22222224e-01	-1.11111112e-01	4.50000000e+00	5.17293500e-03
8.14351669e+01	-5.00000000e-01	2.22222224e-01	-1.11111112e-01	4.50000000e+00	5.17293500e-03
8.18956039e+01	-5.00000000e-01	2.22222224e-01	-1.11111112e-01	4.50000000e+00	5.17293500e-03
8.23560414e+01	-5.00000000e-01	2.22222224e-01	-1.11111112e-01	4.50000000e+00	5.17293500e-03
8.28164796e+01	-5.00000000e-01	2.22222224e-01	-1.11111112e-01	4.50000000e+00	5.17293500e-03
8.32769182e+01	-5.00000000e-01	2.22222224e-01	-1.11111112e-01	4.50000000e+00	5.17293500e-03
8.37373573e+01	-5.00000000e-01	2.22222224e-01	-1.11111112e-01	4.50000000e+00	5.17293500e-03
8.41977969e+01	-5.00000000e-01	2.22222224e-01	-1.11111112e-01	4.50000000e+00	5.17293500e-03
8.46582368e+01	-5.00000000e-01	2.22222224e-01	-1.11111112e-01	4.50000000e+00	5.17293500e-03
8.51186772e+01	-5.00000000e-01	2.22222224e-01	-1.11111112e-01	4.50000000e+00	5.17293500e-03
8.55791178e+01	-5.00000000e-01	2.22222224e-01	-1.11111112e-01	4.50000000e+00	5.17293500e-03
8.60395588e+01	-5.00000000e-01	2.22222224e-01	-1.11111112e-01	4.50000000e+00	5.17293500e-03
8.65000000e+01	-5.00000000e-01	2.22222224e-01	-1.11111112e-01	4.50000000e+00	5.17293500e-03
